Date,Open Price,High Price,Low Price,Close Price,WAP,No.of Shares,No. of Trades,Total Turnover (Rs.),Deliverable Quantity,% Deli. Qty to Traded Qty,Spread High-Low,Spread Close-Open,Unix Date
2021-05-14,72.6,74.3,67.4,68.0,69.63079921014658,11511503.0,26445.0,801555154.0,1644170.0,14.28,6.8999999999999915,-4.599999999999994,1620930600.0
2021-05-12,74.65,76.6,68.4,71.35,73.3141683183556,18438702.0,46470.0,1351818102.0,3097177.0,16.8,8.199999999999989,-3.300000000000012,1620757800.0
2021-05-10,58.5,66.5,58.25,65.7,62.713078419746,20814426.0,60429.0,1305336730.0,7263194.0,34.9,8.25,7.200000000000002,1620585000.0
2021-05-07,58.45,58.8,57.25,57.85,57.99418132049876,5973864.0,12345.0,346449352.0,1484098.0,24.84,1.5499999999999972,-0.6000000000000014,1620345600.0
2021-05-06,59.3,59.3,57.0,58.0,58.13477355515227,10316883.0,22901.0,599769657.0,2006017.0,19.44,2.299999999999997,-1.2999999999999972,1620259200.0
2021-05-05,53.45,57.65,53.15,56.6,55.19273766013831,8441687.0,19003.0,465919816.0,2138789.0,25.34,4.5,3.1499999999999986,1620153000.0
2021-05-04,55.0,56.85,51.65,52.45,54.30792423649898,10161938.0,19229.0,551873759.0,1873625.0,18.44,5.200000000000003,-2.549999999999997,1620086400.0
2021-05-03,47.95,54.5,47.45,53.4,51.206232099998296,7682611.0,14370.0,393397562.0,1915918.0,24.94,7.05,5.45,1620000000.0
2021-04-30,46.95,49.4,46.35,48.3,48.341530960266134,4290144.0,6771.0,207392129.0,814023.0,18.97,3.05,1.35,1619740800.0
2021-04-29,48.5,49.15,47.1,47.2,47.90918183817607,3760173.0,9735.0,180146812.0,1122226.0,29.84,2.05,-1.3,1619654400.0
2021-04-28,48.8,48.85,47.85,48.15,48.38004123919779,1820113.0,4154.0,88057142.0,489836.0,26.91,1.0,-0.65,1619568000.0
2021-04-27,46.5,48.5,46.25,48.3,47.64655757377369,2889953.0,6210.0,137696312.0,709692.0,24.56,2.25,1.8,1619481600.0
2021-04-26,45.9,46.55,45.6,46.1,46.12476195928975,2008585.0,3686.0,92645505.0,511181.0,25.45,0.95,0.2,1619395200.0
2021-04-23,44.75,46.25,44.55,45.35,45.71310427545657,2861402.0,4282.0,130803568.0,347925.0,12.16,1.7,0.6,1619136000.0
2021-04-22,44.1,44.9,43.65,44.7,44.40950777440587,2302684.0,2970.0,102261063.0,384656.0,16.7,1.25,0.6,1619049600.0
2021-04-20,44.95,45.35,43.9,44.2,44.783866250941756,2175477.0,3617.0,97426271.0,309985.0,14.25,1.45,-0.75,1618876800.0
2021-04-19,44.5,44.6,43.0,44.05,44.00035301133293,3008402.0,5066.0,132370750.0,746708.0,24.82,1.6,-0.45,1618790400.0
2021-04-16,46.5,47.1,45.75,46.15,46.59506781543432,2733596.0,3526.0,127372091.0,413935.0,15.14,1.35,-0.35,1618531200.0
2021-04-15,46.3,47.15,45.0,46.05,45.85187110905592,2242547.0,4600.0,102824976.0,425908.0,18.99,2.15,-0.25,1618444800.0
2021-04-13,45.4,46.8,44.6,46.55,45.6997970544851,3030370.0,5567.0,138487294.0,526114.0,17.36,2.2,1.15,1618272000.0
2021-04-12,48.0,49.8,44.3,45.05,46.345771863366956,8762477.0,34991.0,406103760.0,2859076.0,32.63,5.5,-2.95,1618185600.0
2021-04-09,51.9,52.5,51.15,51.5,51.774134035222424,3511286.0,8355.0,181793792.0,935138.0,26.63,1.35,-0.4,1617926400.0
2021-04-08,50.0,53.0,49.85,51.6,51.804746291516274,7328332.0,16454.0,379642380.0,3083781.0,42.08,3.15,1.6,1617840000.0
2021-04-07,49.3,50.8,49.3,50.0,50.14134507102247,3216306.0,7681.0,161269909.0,1365308.0,42.45,1.5,0.7,1617753600.0
2021-04-06,49.1,50.5,48.35,49.35,49.61793782578784,2042165.0,4160.0,101328016.0,397554.0,19.47,2.15,0.25,1617667200.0
2021-04-05,51.0,51.05,48.45,48.95,49.22707319492402,3226180.0,5854.0,158815399.0,683384.0,21.18,2.6,-2.05,1617580800.0
2021-04-01,48.9,51.15,48.9,50.95,50.37918010200402,2343633.0,5127.0,118070309.0,589565.0,25.16,2.25,2.05,1617235200.0
2021-03-31,48.95,49.8,48.35,48.75,49.167321169699,1748655.0,3501.0,85976682.0,364898.0,20.87,1.45,-0.2,1617148800.0
2021-03-30,49.3,49.6,48.35,48.95,49.13981739800925,5706400.0,5067.0,280411454.0,877667.0,15.38,1.25,-0.35,1617062400.0
2021-03-26,49.0,49.5,48.45,48.7,48.93994488477554,2900469.0,4870.0,141948793.0,878944.0,30.3,1.05,-0.3,1616716800.0
2021-03-25,49.8,50.0,46.9,48.2,48.38401404174798,3875301.0,8513.0,187502618.0,813905.0,21.0,3.1,-1.6,1616630400.0
2021-03-24,51.45,51.65,49.45,49.8,50.44002876995105,2620790.0,5530.0,132192723.0,634427.0,24.21,2.2,-1.65,1616544000.0
2021-03-23,52.5,52.7,51.5,51.75,52.13520440405706,3243918.0,4754.0,169122328.0,461236.0,14.22,1.2,-0.75,1616457600.0
2021-03-22,52.0,52.8,51.4,52.2,52.14112743718759,4833440.0,11167.0,252021011.0,1323710.0,27.39,1.4,0.2,1616371200.0
2021-03-19,51.7,52.45,49.05,52.0,50.9156462822027,9644649.0,25092.0,491063537.0,2151778.0,22.31,3.4,0.3,1616112000.0
2021-03-18,52.4,53.8,50.6,52.1,52.395222601677894,12449412.0,31901.0,652289713.0,3014949.0,24.22,3.2,-0.3,1616025600.0
2021-03-17,53.9,54.0,49.15,50.1,51.87934949805758,6944422.0,25488.0,360272096.0,2606652.0,37.54,4.85,-3.8,1615939200.0
2021-03-16,55.9,56.15,53.5,53.9,54.9078442011409,6472756.0,18324.0,355405078.0,2107514.0,32.56,2.65,-2.0,1615852800.0
2021-03-15,56.05,56.25,54.05,55.25,54.86369391000373,8847411.0,25377.0,485401649.0,2735996.0,30.92,2.2,-0.8,1615766400.0
2021-03-12,55.15,56.3,52.6,53.45,54.00625474088786,17022128.0,25240.0,919301381.0,4910767.0,28.85,3.7,-1.7,1615507200.0
2021-03-10,55.65,56.5,54.3,54.85,55.09307600708139,6090893.0,15471.0,335566031.0,1912091.0,31.39,2.2,-0.8,1615334400.0
2021-03-09,55.0,56.5,53.1,54.85,55.01979089849721,9054263.0,23209.0,498163657.0,2533015.0,27.98,3.4,-0.15,1615248000.0
2021-03-08,53.45,55.5,53.0,54.4,54.182055117390355,7459642.0,21390.0,404178734.0,2700839.0,36.21,2.5,0.95,1615161600.0
2021-03-05,54.8,55.85,50.3,52.5,53.20278804686564,9929747.0,26559.0,528290225.0,2535093.0,25.53,5.55,-2.3,1614902400.0
2021-03-04,50.45,56.1,49.8,54.25,53.96105449460114,16903491.0,37341.0,912130199.0,5347682.0,31.64,6.3,3.8,1614816000.0
2021-03-03,52.35,52.65,50.6,51.0,51.231962035011165,7018045.0,18800.0,359548215.0,2841094.0,40.48,2.05,-1.35,1614729600.0
2021-03-02,49.5,52.2,49.25,51.75,50.961255726785744,13920767.0,30865.0,709419767.0,4799778.0,34.48,2.95,2.25,1614643200.0
2021-03-01,48.8,49.6,47.6,48.8,48.6916981112601,11626270.0,25486.0,566102829.0,3123375.0,26.86,2.0,0.0,1614556800.0
2021-02-26,45.9,48.8,45.2,47.65,47.53057471858232,20051779.0,36393.0,953072580.0,4432294.0,22.1,3.6,1.75,1614297600.0
2021-02-25,43.5,47.75,43.4,47.2,46.35982494630482,19856536.0,27345.0,920545533.0,4409189.0,22.21,4.35,3.7,1614211200.0
2021-02-24,41.05,43.35,40.8,42.95,42.24613748603364,13543252.0,26355.0,572150086.0,7357441.0,54.33,2.55,1.9,1614124800.0
2021-02-23,39.9,41.45,39.5,40.75,40.385856314314104,4996378.0,9395.0,201783004.0,1387394.0,27.77,1.95,0.85,1614038400.0
2021-02-22,40.3,40.6,39.1,39.7,39.798020048204755,3458165.0,5292.0,137628120.0,688066.0,19.9,1.5,-0.6,1613952000.0
2021-02-19,42.8,43.25,39.65,40.4,41.52070102465601,7265365.0,19252.0,301663048.0,2151343.0,29.61,3.6,-2.4,1613692800.0
2021-02-18,40.25,44.1,39.9,43.05,42.19505456049093,18002404.0,33196.0,759612419.0,8962284.0,49.78,4.2,2.8,1613606400.0
2021-02-17,40.05,40.8,39.1,40.1,39.950275356995114,4788511.0,5513.0,191302333.0,796233.0,16.63,1.7,0.05,1613520000.0
2021-02-16,39.0,39.95,38.4,39.85,39.251501116457156,5237102.0,9831.0,205564115.0,2384833.0,45.54,1.55,0.85,1613433600.0
2021-02-15,39.2,39.45,38.6,38.95,38.88847568890952,1486770.0,2317.0,57818219.0,379702.0,25.54,0.85,-0.25,1613347200.0
2021-02-12,39.1,39.45,38.6,38.8,39.02085702541789,2002251.0,2941.0,78129550.0,404358.0,20.2,0.85,-0.3,1613088000.0
2021-02-11,38.45,39.15,38.0,38.75,38.6893229361751,2149177.0,3163.0,83150203.0,513227.0,23.88,1.15,0.3,1613001600.0
2021-02-10,38.75,39.4,37.75,38.25,38.6481537200391,4752692.0,10930.0,183682771.0,1279222.0,26.92,1.65,-0.5,1612915200.0
2021-02-09,39.65,39.7,38.4,38.8,39.01289048335962,3954778.0,5914.0,154287321.0,1135820.0,28.72,1.3,-0.85,1612828800.0
2021-02-08,41.05,41.4,39.55,39.8,40.34879410755916,7758279.0,15921.0,313037202.0,2770348.0,35.71,1.85,-1.25,1612742400.0
2021-02-05,42.9,44.15,41.3,43.55,42.62193210144209,8897214.0,12864.0,379216451.0,1908533.0,21.45,2.85,0.65,1612483200.0
2021-02-04,40.0,42.5,39.6,42.2,41.24794359285315,10475552.0,13447.0,432094978.0,1845718.0,17.62,2.9,2.2,1612396800.0
2021-02-03,39.1,41.35,39.1,39.7,40.21210842821034,17806473.0,18804.0,716035823.0,4190299.0,23.53,2.25,0.6,1612310400.0
2021-02-02,38.5,39.95,38.05,38.9,38.85975394431401,8407609.0,11743.0,326717617.0,1885064.0,22.42,1.9,0.4,1612224000.0
2021-02-01,36.85,38.5,35.45,38.2,36.85549691816069,4023409.0,5167.0,148284738.0,676077.0,16.8,3.05,1.35,1612137600.0
2021-01-29,37.15,37.5,35.9,36.05,36.73290281134392,11170316.0,4364.0,410318132.0,741096.0,6.63,1.6,-1.1,1611878400.0
2021-01-28,35.25,36.85,35.15,36.6,35.69063522956838,5304476.0,3773.0,189320118.0,563668.0,10.63,1.7,1.35,1611792000.0
2021-01-27,36.0,36.2,35.4,35.7,35.8714525359834,4648532.0,3472.0,166749595.0,476361.0,10.25,0.8,-0.3,1611705600.0
2021-01-25,38.05,38.2,36.0,36.25,36.663426766243056,8297683.0,6022.0,304221493.0,1215355.0,14.65,2.2,-1.8,1611532800.0
2021-01-22,38.7,39.3,37.1,37.65,38.2410471704368,8838714.0,13236.0,338001679.0,1646547.0,18.63,2.2,-1.05,1611273600.0
2021-01-21,41.05,41.25,38.5,38.75,39.89613894345409,5093295.0,11783.0,203202805.0,1784703.0,35.04,2.75,-2.3,1611187200.0
2021-01-20,39.8,40.7,39.4,40.5,40.0283888383401,4369816.0,8591.0,174916694.0,2328021.0,53.28,1.3,0.7,1611100800.0
2021-01-19,38.15,40.0,38.15,39.75,39.10061055086781,3061170.0,6941.0,119693616.0,1508058.0,49.26,1.85,1.6,1611014400.0
2021-01-18,39.4,39.6,37.25,38.05,38.207384334529365,4618859.0,12804.0,176474521.0,1436485.0,31.1,2.35,-1.35,1610928000.0
2021-01-15,40.2,40.5,38.85,39.4,39.72776235562804,4143031.0,9498.0,164593351.0,1331823.0,32.15,1.65,-0.8,1610668800.0
2021-01-14,40.4,40.65,39.65,40.2,40.22197131255707,3542665.0,8253.0,142492970.0,1129866.0,31.89,1.0,-0.2,1610582400.0
2021-01-13,39.7,42.25,39.65,40.75,41.19947791451445,15123960.0,28608.0,623099256.0,6539003.0,43.24,2.6,1.05,1610496000.0
2021-01-12,39.25,40.0,38.6,39.4,39.54357204465472,4078762.0,8065.0,161288819.0,1969777.0,48.29,1.4,0.15,1610409600.0
2021-01-11,39.85,40.0,38.3,39.0,38.968981705929494,4042840.0,10939.0,157545358.0,1358690.0,33.61,1.7,-0.85,1610323200.0
2021-01-08,39.7,40.55,39.0,39.35,39.975126026710505,9243477.0,12459.0,369509158.0,2681295.0,29.01,1.55,-0.35,1610064000.0
2021-01-07,39.9,40.15,39.05,39.3,39.619293703517094,4306690.0,8972.0,170628016.0,1642126.0,38.13,1.1,-0.6,1609977600.0
2021-01-06,40.45,40.6,38.25,39.4,39.66988864593676,5529210.0,7449.0,219343145.0,1206141.0,21.81,2.35,-1.05,1609891200.0
2021-01-05,40.1,40.65,39.5,40.1,40.09275777250957,7098769.0,14782.0,284609226.0,3120464.0,43.96,1.15,0.0,1609804800.0
2021-01-04,39.45,40.85,38.75,40.65,40.01036604787911,12454409.0,27832.0,498305463.0,5596282.0,44.93,2.1,1.2,1609718400.0
2021-01-01,36.3,39.0,36.0,38.7,37.64387478743794,13137340.0,23865.0,494540382.0,7294102.0,55.52,3.0,2.4,1609459200.0
2020-12-31,35.2,36.5,35.2,35.9,35.92803541825089,5491632.0,10776.0,197303549.0,2554551.0,46.52,1.3,0.7,1609372800.0
2020-12-30,36.7,36.7,35.0,35.4,35.52432330030221,3330798.0,4880.0,118324345.0,912497.0,27.4,1.7,-1.3,1609286400.0
2020-12-29,35.55,35.7,34.35,35.35,35.008763607440294,2308296.0,3238.0,80810589.0,663550.0,28.75,1.35,-0.2,1609200000.0
2020-12-28,33.85,35.5,33.85,35.2,34.798756302718125,3751556.0,7768.0,130549483.0,1867791.0,49.79,1.65,1.35,1609113600.0
2020-12-24,34.35,34.5,33.6,33.8,34.07135487167536,2231060.0,5430.0,76015237.0,806680.0,36.16,0.9,-0.55,1608768000.0
2020-12-23,32.75,34.15,32.3,33.95,33.40057494783874,3279254.0,7161.0,109528969.0,1047740.0,31.95,1.85,1.2,1608681600.0
2020-12-22,32.5,33.3,30.6,32.65,31.799287071098828,7059610.0,13547.0,224490565.0,2334148.0,33.06,2.7,0.15,1608595200.0
2020-12-21,35.4,35.7,32.0,32.6,33.761293297274925,6684341.0,14406.0,225671997.0,2161308.0,32.33,3.7,-2.8,1608508800.0
2020-12-18,35.85,36.15,34.55,35.85,35.36174861814766,4376553.0,6393.0,154762567.0,1314996.0,30.05,1.6,0.0,1608249600.0
2020-12-17,36.45,36.8,35.7,35.85,36.271409985946775,2146837.0,3445.0,77868805.0,531868.0,24.77,1.1,-0.6,1608163200.0
2020-12-16,36.45,36.95,36.1,36.3,36.51683194620183,3222117.0,5645.0,117661505.0,1380779.0,42.85,0.85,-0.15,1608076800.0
2020-12-15,36.85,36.85,35.7,36.35,36.1515268526139,4552797.0,6690.0,164590563.0,1253436.0,27.53,1.15,-0.5,1607990400.0
2020-12-14,36.4,37.25,35.85,36.85,36.49698127544945,5119215.0,8112.0,186835894.0,2417832.0,47.23,1.4,0.45,1607904000.0
2020-12-11,35.6,36.95,35.45,35.95,36.1728168488926,4712191.0,7773.0,170453222.0,1494166.0,31.71,1.5,0.35,1607644800.0
2020-12-10,36.55,36.65,34.7,35.7,35.746670702697585,6422151.0,4211.0,229570517.0,892246.0,13.89,1.95,-0.85,1607558400.0
2020-12-09,36.95,37.6,36.3,36.55,36.92124445509959,6974201.0,12295.0,257496180.0,2437979.0,34.96,1.3,-0.4,1607472000.0
2020-12-08,35.3,36.75,34.1,36.2,35.39663920359524,4798565.0,5577.0,169853074.0,1149079.0,23.95,2.65,0.9,1607385600.0
2020-12-07,34.4,35.3,34.25,34.95,34.93208572910524,4871951.0,8313.0,170187410.0,2436163.0,50.0,1.05,0.55,1607299200.0
2020-12-04,34.5,35.4,33.75,34.25,34.544914609102065,3389120.0,4559.0,117076861.0,903738.0,26.67,1.65,-0.25,1607040000.0
2020-12-03,34.05,34.8,34.05,34.15,34.29421779727289,4707047.0,7884.0,161424495.0,1829416.0,38.87,0.75,0.1,1606953600.0
2020-12-02,34.25,34.5,33.05,33.8,33.88276708265629,4370061.0,9406.0,148069759.0,1683234.0,38.52,1.45,-0.45,1606867200.0
2020-12-01,33.25,34.4,32.85,34.05,33.471911031266906,5135557.0,10717.0,171896907.0,2727599.0,53.11,1.55,0.8,1606780800.0
2020-11-27,31.5,33.45,31.5,32.85,32.85594120606428,8658444.0,16917.0,284481327.0,4160492.0,48.05,1.95,1.35,1606435200.0
2020-11-26,30.95,31.6,30.6,31.45,31.004678986069308,6295381.0,7867.0,195186267.0,1804093.0,28.66,1.0,0.5,1606348800.0
2020-11-25,31.5,31.9,30.35,30.65,31.091569371488642,2496184.0,3535.0,77610278.0,937782.0,37.57,1.55,-0.85,1606262400.0
2020-11-24,31.65,31.9,30.7,31.3,31.364035174009608,6963437.0,11710.0,218401483.0,2416237.0,34.7,1.2,-0.35,1606176000.0
2020-11-23,29.5,31.5,29.25,31.35,30.54436513610576,10108647.0,17493.0,308762205.0,4799007.0,47.47,2.25,1.85,1606089600.0
2020-11-20,29.45,29.7,28.65,29.2,29.173472718061657,3195759.0,6657.0,93231388.0,1137535.0,35.6,1.05,-0.25,1605830400.0
2020-11-19,28.35,30.15,28.2,29.15,29.16773018835402,6857406.0,13138.0,200014968.0,2616187.0,38.15,1.95,0.8,1605744000.0
2020-11-18,28.25,28.6,28.1,28.5,28.3243659406106,2682162.0,4863.0,75970538.0,1233786.0,46.0,0.5,0.25,1605657600.0
2020-11-17,28.5,28.6,28.1,28.25,28.31976198666661,1622094.0,4645.0,45937316.0,851905.0,52.52,0.5,-0.25,1605571200.0
2020-11-14,28.2,28.4,28.2,28.3,28.299672220649896,498201.0,2422.0,14098925.0,421731.0,84.65,0.2,0.1,1605312000.0
2020-11-13,28.1,28.1,27.8,28.0,27.983678985731764,1078058.0,3654.0,30168029.0,416816.0,38.66,0.3,-0.1,1605225600.0
2020-11-12,27.85,28.45,27.85,28.1,28.188481622483703,2177008.0,4787.0,61366550.0,1131073.0,51.96,0.6,0.25,1605139200.0
2020-11-11,28.2,29.25,27.7,27.95,28.304315168694163,4401427.0,7898.0,124579377.0,939712.0,21.35,1.55,-0.25,1605052800.0
2020-11-10,28.1,28.4,27.8,28.2,28.14477388689756,2299137.0,5333.0,64708691.0,811282.0,35.29,0.6,0.1,1604966400.0
2020-11-09,27.55,28.4,27.45,28.2,27.871342575713626,3220094.0,6512.0,89748343.0,1036752.0,32.2,0.95,0.65,1604880000.0
2020-11-06,28.65,28.9,27.8,27.95,28.27255577372096,1324683.0,2519.0,37452174.0,512163.0,38.66,1.1,-0.7,1604620800.0
2020-11-05,27.2,29.15,27.2,28.35,28.253173278725036,3377264.0,7220.0,95418425.0,1270125.0,37.61,1.95,1.15,1604534400.0
2020-11-04,27.95,28.0,26.95,27.2,27.55230056724118,3740208.0,8558.0,103051335.0,1347984.0,36.04,1.05,-0.75,1604448000.0
2020-11-03,27.85,28.2,27.65,27.95,27.907093853680482,1066980.0,3628.0,29776311.0,389018.0,36.46,0.55,0.1,1604361600.0
2020-11-02,28.1,28.35,27.5,27.85,27.89452880601256,1288238.0,5479.0,35934792.0,394777.0,30.64,0.85,-0.25,1604275200.0
2020-10-30,28.0,28.4,27.35,28.0,27.878512525303478,1593654.0,4542.0,44428703.0,410895.0,25.78,1.05,0.0,1604016000.0
2020-10-29,28.05,28.4,27.45,27.85,27.90231988365644,1373862.0,6821.0,38333937.0,518580.0,37.75,0.95,-0.2,1603929600.0
2020-10-28,29.7,29.7,28.45,28.65,29.039218986028136,748719.0,3931.0,21742215.0,235849.0,31.5,1.25,-1.05,1603843200.0
2020-10-27,29.3,30.4,28.65,29.6,29.449234864034384,2485702.0,6610.0,73202022.0,925539.0,37.23,1.75,0.3,1603756800.0
2020-10-26,29.25,30.25,29.2,29.45,29.713810309164767,3339708.0,5960.0,99235450.0,1101457.0,32.98,1.05,0.2,1603670400.0
2020-10-23,28.85,29.4,28.85,29.1,29.19877207223911,1283626.0,3759.0,37480303.0,582528.0,45.38,0.55,0.25,1603411200.0
2020-10-22,28.1,29.0,27.95,28.8,28.557663759007426,1015135.0,4654.0,28989884.0,417966.0,41.17,1.05,0.7,1603324800.0
2020-10-21,28.6,29.1,28.05,28.5,28.55868614329064,1373544.0,5077.0,39226612.0,455113.0,33.13,1.05,-0.1,1603238400.0
2020-10-20,28.5,29.25,28.2,28.65,28.73772247863207,1473119.0,5276.0,42334085.0,531830.0,36.1,1.05,0.15,1603152000.0
2020-10-19,27.3,28.85,27.15,28.7,27.987916540141875,1827705.0,5429.0,51153655.0,773075.0,42.3,1.7,1.4,1603065600.0
2020-10-16,27.2,27.45,26.75,27.2,27.084878693536957,1381501.0,7151.0,37417787.0,496924.0,35.97,0.7,0.0,1602806400.0
2020-10-15,27.95,27.95,27.0,27.15,27.473671912317172,1549220.0,7846.0,42562762.0,635013.0,40.99,0.95,-0.8,1602720000.0
2020-10-14,28.05,28.2,27.6,27.95,27.901999398421136,704812.0,4740.0,19665664.0,254292.0,36.08,0.6,-0.1,1602633600.0
2020-10-13,28.45,28.6,28.1,28.3,28.31456931999989,1407588.0,4821.0,39855248.0,581915.0,41.34,0.5,-0.15,1602547200.0
2020-10-12,29.25,29.3,28.55,28.65,28.782659150189023,2310302.0,5239.0,66496635.0,1317043.0,57.01,0.75,-0.6,1602460800.0
2020-10-09,29.4,29.4,28.9,29.1,29.143460245685624,1559554.0,5309.0,45450800.0,636644.0,40.82,0.5,-0.3,1602201600.0
2020-10-08,28.5,29.5,28.4,29.25,28.826375404530744,2416380.0,6861.0,69655477.0,781914.0,32.36,1.1,0.75,1602115200.0
2020-10-07,29.4,29.4,28.3,28.4,28.731323364527693,2151244.0,9164.0,61808087.0,872878.0,40.58,1.1,-1.0,1602028800.0
2020-10-06,29.85,29.85,29.2,29.35,29.37431576366903,668994.0,3653.0,19651241.0,217209.0,32.47,0.65,-0.5,1601942400.0
2020-10-05,29.9,30.0,29.4,29.5,29.642618954996127,696629.0,4746.0,20649908.0,233485.0,33.52,0.6,-0.4,1601856000.0
2020-10-01,29.6,29.9,29.2,29.55,29.550724044599928,2101528.0,7967.0,62101674.0,756730.0,36.01,0.7,-0.05,1601510400.0
2020-09-30,30.4,30.4,29.2,29.3,29.608060935799784,2757000.0,9781.0,81629424.0,866135.0,31.42,1.2,-1.1,1601424000.0
2020-09-29,32.4,32.4,30.05,30.25,30.741339079966426,1793978.0,4568.0,55149286.0,644721.0,35.94,2.35,-2.15,1601337600.0
2020-09-28,31.0,32.2,30.75,31.8,31.69467760839969,2281418.0,7798.0,72308808.0,633395.0,27.76,1.45,0.8,1601251200.0
2020-09-25,30.0,30.45,28.9,30.1,29.776041802503556,4140996.0,10482.0,123302470.0,1099001.0,26.54,1.55,0.1,1600992000.0
2020-09-24,30.9,30.9,29.55,29.85,30.303080106052903,3434135.0,9854.0,104064868.0,995385.0,28.98,1.35,-1.05,1600905600.0
2020-09-23,33.0,33.3,30.85,31.5,31.96509614909413,2772101.0,8541.0,88610475.0,878909.0,31.71,2.45,-1.5,1600819200.0
2020-09-22,34.35,34.5,32.25,32.6,33.025045377125764,4792062.0,12477.0,158258065.0,1234396.0,25.76,2.25,-1.75,1600732800.0
2020-09-21,34.4,35.55,34.05,34.3,34.59607193081006,3628042.0,10225.0,125516002.0,1188969.0,32.77,1.5,-0.1,1600646400.0
2020-09-18,35.55,35.75,34.5,34.65,35.044393579382394,1170417.0,4431.0,41016554.0,392153.0,33.51,1.25,-0.9,1600387200.0
2020-09-17,35.8,35.8,35.0,35.15,35.22500673256085,1099136.0,3668.0,38717073.0,403953.0,36.75,0.8,-0.65,1600300800.0
2020-09-16,36.0,36.2,35.55,35.65,35.77544230735857,979579.0,3600.0,35044872.0,421281.0,43.01,0.65,-0.35,1600214400.0
2020-09-15,36.55,36.6,35.7,35.95,36.05644745408054,2423918.0,6880.0,87397872.0,819903.0,33.83,0.9,-0.6,1600128000.0
2020-09-14,36.5,37.4,36.0,36.3,36.59032224765336,1685598.0,3884.0,61676574.0,514732.0,30.54,1.4,-0.2,1600041600.0
2020-09-11,37.5,37.9,37.0,37.05,37.38245012369735,1069546.0,3189.0,39982250.0,383847.0,35.89,0.9,-0.45,1599782400.0
2020-09-10,36.85,37.25,36.4,37.05,36.962785965571776,2447410.0,7430.0,90463092.0,617609.0,25.24,0.85,0.2,1599696000.0
2020-09-09,37.3,37.3,35.65,36.55,36.211766265561096,2391141.0,5617.0,86587439.0,617615.0,25.83,1.65,-0.75,1599609600.0
2020-09-08,38.5,38.8,37.05,37.5,38.05954879307528,1254635.0,3443.0,47750842.0,269639.0,21.49,1.75,-1.0,1599523200.0
2020-09-07,38.75,39.2,38.15,38.45,38.48798100922604,1392255.0,4459.0,53585084.0,204777.0,14.71,1.05,-0.3,1599436800.0
2020-09-04,38.95,39.85,38.4,38.65,39.127844431283584,3650554.0,7954.0,142838309.0,1150346.0,31.51,1.45,-0.3,1599177600.0
2020-09-03,39.2,40.35,38.7,40.0,39.38644179945993,1659409.0,2870.0,65358216.0,401505.0,24.2,1.65,0.8,1599091200.0
2020-09-02,38.7,39.4,38.1,39.1,38.76162065974209,1572372.0,4637.0,60947687.0,383981.0,24.42,1.3,0.4,1599004800.0
2020-09-01,39.05,39.5,37.35,38.55,38.32792571567753,2011730.0,4023.0,77105438.0,508609.0,25.28,2.15,-0.5,1598918400.0
2020-08-31,41.85,42.35,38.0,38.55,39.72626625212821,7437026.0,19194.0,295445275.0,2138774.0,28.76,4.35,-3.3,1598832000.0
2020-08-28,40.15,42.1,40.1,41.65,41.18419386134428,11202192.0,23811.0,461353247.0,4978408.0,44.44,2.0,1.5,1598572800.0
2020-08-27,40.0,40.85,39.05,39.25,40.06524194342869,2405707.0,4880.0,96385233.0,686587.0,28.54,1.8,-0.75,1598486400.0
2020-08-26,40.0,40.6,39.35,39.95,40.02493929173024,1763763.0,3784.0,70594507.0,452012.0,25.63,1.25,-0.05,1598400000.0
2020-08-25,41.0,41.2,39.6,40.0,40.10307330443925,2237136.0,3852.0,89716029.0,723929.0,32.36,1.6,-1.0,1598313600.0
2020-08-24,41.6,42.3,40.65,40.9,41.276188300955575,4255698.0,10524.0,175658992.0,1859762.0,43.7,1.65,-0.7,1598227200.0
2020-08-21,39.5,41.9,39.2,40.65,40.99189098533445,7059674.0,14898.0,289389387.0,1912764.0,27.09,2.7,1.15,1597968000.0
2020-08-20,37.4,39.65,37.15,38.5,38.84437821178013,6122189.0,12960.0,237812625.0,2558452.0,41.79,2.5,1.1,1597881600.0
2020-08-19,37.85,38.7,37.7,38.05,38.22390161387964,2568655.0,4436.0,98184016.0,644427.0,25.09,1.0,0.2,1597795200.0
2020-08-18,37.15,37.7,37.1,37.45,37.43712471106788,1858568.0,4838.0,69579442.0,1012246.0,54.46,0.6,0.3,1597708800.0
2020-08-17,38.0,38.0,36.7,37.05,37.12890820221981,2092970.0,6080.0,77709691.0,658569.0,31.47,1.3,-0.95,1597622400.0
2020-08-14,39.2,39.4,36.7,37.35,37.91156364271055,3231352.0,5754.0,122505607.0,1129267.0,34.95,2.7,-1.85,1597363200.0
2020-08-13,36.5,39.55,36.2,38.95,38.21746326992683,5716501.0,11001.0,218470167.0,1812211.0,31.7,3.35,2.45,1597276800.0
2020-08-12,36.45,36.65,35.9,36.05,36.24017558479797,2149161.0,4190.0,77885972.0,831350.0,38.68,0.75,-0.4,1597190400.0
2020-08-11,36.8,36.8,35.65,35.75,35.95808417011465,1825945.0,4134.0,65657484.0,819802.0,44.9,1.15,-1.05,1597104000.0
2020-08-10,36.0,37.6,35.85,36.25,36.81186324892905,5902228.0,12415.0,217272010.0,2535011.0,42.95,1.75,0.25,1597017600.0
2020-08-07,35.5,35.6,34.9,35.25,35.1729315913058,1606404.0,2986.0,56501938.0,639195.0,39.79,0.7,-0.25,1596758400.0
2020-08-06,36.8,37.0,35.55,35.7,36.043974435627064,1766208.0,3217.0,63661156.0,816423.0,46.22,1.45,-1.1,1596672000.0
2020-08-05,36.75,37.2,36.45,36.7,36.820757089928506,882590.0,1821.0,32497632.0,231959.0,26.28,0.75,-0.05,1596585600.0
2020-08-04,36.5,37.5,36.05,36.65,36.58916549018495,1973398.0,3127.0,72204986.0,312598.0,15.84,1.45,0.15,1596499200.0
2020-08-03,36.0,36.85,35.65,36.2,36.30083802241,2603391.0,5347.0,94505275.0,708711.0,27.22,1.2,0.2,1596412800.0
2020-07-31,36.85,36.95,35.75,35.95,36.19215034301533,2007782.0,3675.0,72665948.0,682207.0,33.98,1.2,-0.9,1596153600.0
2020-07-30,38.85,39.0,36.4,36.8,37.25191220868536,2431220.0,4659.0,90567594.0,868083.0,35.71,2.6,-2.05,1596067200.0
2020-07-29,37.55,40.1,37.25,38.45,39.05273367314104,8732390.0,17766.0,341023701.0,3108645.0,35.6,2.85,0.9,1595980800.0
2020-07-28,36.0,37.65,35.85,37.5,36.837678928577255,2515459.0,3737.0,92663671.0,625541.0,24.87,1.8,1.5,1595894400.0
2020-07-27,36.7,36.9,35.8,36.2,36.24028808482155,3439126.0,7777.0,124634917.0,914586.0,26.59,1.1,-0.5,1595808000.0
2020-07-24,37.5,37.65,36.55,36.9,37.01801624824224,2733588.0,8463.0,101192005.0,885862.0,32.41,1.1,-0.6,1595548800.0
2020-07-23,38.0,38.25,37.6,37.75,37.93309805953695,1740667.0,5660.0,66028892.0,658087.0,37.81,0.65,-0.25,1595462400.0
2020-07-22,38.25,38.95,37.5,38.0,38.15850654446041,2232728.0,3907.0,85197566.0,370475.0,16.59,1.45,-0.25,1595376000.0
2020-07-21,38.65,38.65,37.65,38.0,38.02833193356752,1782441.0,2733.0,67783258.0,691569.0,38.8,1.0,-0.65,1595289600.0
2020-07-20,38.8,39.05,37.8,38.0,38.31107209795776,2948863.0,7468.0,112974103.0,1169996.0,39.68,1.25,-0.8,1595203200.0
2020-07-17,36.95,39.15,36.8,38.35,38.310421354380395,6131276.0,12415.0,234891767.0,1559884.0,25.44,2.35,1.4,1594944000.0
2020-07-16,37.25,38.1,36.15,36.95,36.893156262595255,3203089.0,5986.0,118172063.0,608789.0,19.01,1.95,-0.3,1594857600.0
2020-07-15,39.8,39.9,36.4,36.8,38.392427017520646,4445382.0,7396.0,170669004.0,1710603.0,38.48,3.5,-3.0,1594771200.0
2020-07-14,42.0,42.0,38.5,38.9,39.53726476294187,8154540.0,13177.0,322408207.0,1462350.0,17.93,3.5,-3.1,1594684800.0
2020-07-13,42.3,43.0,41.8,42.55,42.37242701241399,3871035.0,5791.0,164025148.0,883631.0,22.83,1.2,0.25,1594598400.0
2020-07-10,42.0,42.5,41.2,41.4,41.77498984915253,2211638.0,4303.0,92391155.0,564687.0,25.53,1.3,-0.6,1594339200.0
2020-07-09,42.4,43.05,41.3,42.0,42.14423514838876,3965462.0,6952.0,167121363.0,809230.0,20.41,1.75,-0.4,1594252800.0
2020-07-08,42.65,43.1,41.0,41.2,42.03074281583229,3762440.0,7882.0,158138148.0,1099335.0,29.22,2.1,-1.45,1594166400.0
2020-07-07,43.85,44.1,42.2,42.55,43.1005247942049,5557226.0,12215.0,239519357.0,1534077.0,27.6,1.9,-1.3,1594080000.0
2020-07-06,39.2,44.35,38.9,43.55,41.37010425098608,13433542.0,23947.0,555747033.0,2738907.0,20.39,5.45,4.35,1593993600.0
2020-07-03,36.9,39.0,36.65,38.65,38.033227358178465,6414082.0,12132.0,243948239.0,1473165.0,22.97,2.35,1.75,1593734400.0
2020-07-02,37.4,37.4,36.4,36.7,36.74021552540137,3586677.0,8058.0,131775286.0,1390673.0,38.77,1.0,-0.7,1593648000.0
2020-07-01,36.1,36.65,35.4,36.05,35.940441075601115,4417474.0,8708.0,158765964.0,947411.0,21.45,1.25,-0.05,1593561600.0
2020-06-30,36.4,37.8,35.0,35.7,36.430372993714094,4472381.0,7587.0,162930508.0,799600.0,17.88,2.8,-0.7,1593475200.0
2020-06-29,36.4,36.8,35.4,35.7,35.89473916056577,2542522.0,5804.0,91263164.0,645835.0,25.4,1.4,-0.7,1593388800.0
2020-06-26,38.85,38.85,36.5,36.85,37.404148813119704,6848079.0,15399.0,256146566.0,1518982.0,22.18,2.35,-2.0,1593129600.0
2020-06-25,36.3,38.5,35.5,37.85,37.22037516191665,8355379.0,12227.0,310990341.0,1149973.0,13.76,3.0,1.55,1593043200.0
2020-06-24,35.95,39.8,35.55,36.3,37.675245313409725,20217097.0,33630.0,761684089.0,3834738.0,18.97,4.25,0.35,1592956800.0
2020-06-23,34.0,35.35,33.75,34.9,34.73103422793674,7767427.0,14477.0,269770773.0,2217438.0,28.55,1.6,0.9,1592870400.0
2020-06-22,33.6,34.9,32.25,33.7,33.38806443296717,9154320.0,12539.0,305645026.0,1674058.0,18.29,2.65,0.1,1592784000.0
2020-06-19,32.45,33.0,31.8,32.4,32.25420422492192,9363676.0,17231.0,302017918.0,3477993.0,37.14,1.2,-0.05,1592524800.0
2020-06-18,28.55,32.15,28.5,31.75,30.85745269263996,20658889.0,35024.0,637480690.0,8111043.0,39.26,3.65,3.2,1592438400.0
2020-06-17,28.25,28.65,27.3,27.45,27.92575914688868,4028173.0,9116.0,112489789.0,1162267.0,28.85,1.35,-0.8,1592352000.0
2020-06-16,29.8,30.0,27.6,28.35,28.785082816044426,6021780.0,11402.0,173337436.0,1852047.0,30.76,2.4,-1.45,1592265600.0
2020-06-15,29.05,30.6,28.45,29.1,29.57105932688784,7359041.0,14701.0,217614638.0,2103665.0,28.59,2.15,0.05,1592179200.0
2020-06-12,28.9,31.8,28.3,31.45,30.36690733938168,4826333.0,7426.0,146560807.0,1071714.0,22.21,3.5,2.55,1591920000.0
2020-06-11,30.8,32.25,29.8,30.0,31.05313751506884,4285334.0,8534.0,133073066.0,1112806.0,25.97,2.45,-0.8,1591833600.0
2020-06-10,31.55,32.4,30.55,31.25,31.303700572731557,6581792.0,12474.0,206034446.0,1528713.0,23.23,1.85,-0.3,1591747200.0
2020-06-09,28.35,31.4,27.8,30.7,29.894749771570613,9924292.0,12888.0,296684226.0,2481789.0,25.01,3.6,2.35,1591660800.0
2020-06-08,28.75,28.8,27.55,28.0,28.228525449549185,3295913.0,5420.0,93038764.0,1259315.0,38.21,1.25,-0.75,1591574400.0
2020-06-05,27.0,27.95,26.95,27.8,27.48267952421661,2713840.0,8323.0,74583595.0,670026.0,24.69,1.0,0.8,1591315200.0
2020-06-04,27.75,28.0,26.4,26.8,27.06603187770816,2483240.0,4202.0,67211453.0,755960.0,30.44,1.6,-0.95,1591228800.0
2020-06-03,28.45,28.75,27.5,27.7,28.14508355408756,3247956.0,8418.0,91413993.0,785479.0,24.18,1.25,-0.75,1591142400.0
2020-06-02,28.0,28.55,27.45,28.0,27.997602448411204,2461678.0,3673.0,68921082.0,608340.0,24.71,1.1,0.0,1591056000.0
2020-06-01,28.5,29.0,27.75,28.0,28.31987534598824,3816965.0,6190.0,108095973.0,1051309.0,27.54,1.25,-0.5,1590969600.0
2020-05-29,26.8,28.4,26.15,27.95,27.53034611602283,5011152.0,7374.0,137958749.0,1204766.0,24.04,2.25,1.15,1590710400.0
2020-05-28,25.45,27.25,25.15,26.85,26.566504486989327,4867852.0,11079.0,129321812.0,1098325.0,22.56,2.1,1.4,1590624000.0
2020-05-27,25.15,25.35,24.8,25.25,25.07183038344512,1362933.0,4308.0,34171225.0,362523.0,26.6,0.55,0.1,1590537600.0
2020-05-26,25.0,25.45,24.35,24.85,24.931012460989734,2018379.0,6101.0,50320232.0,459172.0,22.75,1.1,-0.15,1590451200.0
2020-05-22,25.45,25.55,24.15,24.55,24.658484769599177,2627508.0,4063.0,64790366.0,715349.0,27.23,1.4,-0.9,1590105600.0
2020-05-21,26.2,26.25,25.3,25.5,25.8120147338408,1917762.0,3649.0,49501301.0,525122.0,27.38,0.95,-0.7,1590019200.0
2020-05-20,25.3,26.6,24.95,25.95,26.076573267366065,3272330.0,5620.0,85331153.0,518549.0,15.85,1.65,0.65,1589932800.0
2020-05-19,26.55,26.55,25.25,25.4,25.90590406124032,2516251.0,4175.0,65185757.0,513561.0,20.41,1.3,-1.15,1589846400.0
2020-05-18,27.85,28.35,25.9,26.05,26.59828483399517,4304423.0,7296.0,114490269.0,906967.0,21.07,2.45,-1.8,1589760000.0
2020-05-15,27.4,28.25,27.0,27.3,27.49702047000845,4588811.0,7805.0,126178630.0,997577.0,21.74,1.25,-0.1,1589500800.0
2020-05-14,27.0,29.3,25.0,27.4,27.94265388083869,13113686.0,23951.0,366431189.0,2839871.0,21.66,4.3,0.4,1589414400.0
2020-05-13,23.2,27.15,22.15,26.65,24.835164958966264,27960408.0,27575.0,694401345.0,11904792.0,42.58,5.0,3.45,1589328000.0
2020-05-12,22.45,22.45,21.4,21.55,21.71896764171713,1712390.0,4966.0,37191343.0,1001344.0,58.48,1.05,-0.9,1589241600.0
2020-05-11,22.7,23.0,22.15,22.6,22.575928138691488,1526496.0,2974.0,34462064.0,402216.0,26.35,0.85,-0.1,1589155200.0
2020-05-08,23.45,23.45,21.8,22.2,22.588101166578802,1849425.0,5830.0,41774999.0,809804.0,43.79,1.65,-1.25,1588896000.0
2020-05-07,23.0,23.3,22.7,23.1,23.09538472455119,1606578.0,3967.0,37104537.0,643185.0,40.03,0.6,0.1,1588809600.0
2020-05-06,23.1,23.4,22.75,23.0,23.0392484015556,1941888.0,4240.0,44739640.0,895395.0,46.11,0.65,-0.1,1588723200.0
2020-05-05,24.8,24.8,22.6,22.85,23.371044440415865,4418433.0,8254.0,103263394.0,1941313.0,43.94,2.2,-1.95,1588636800.0
2020-05-04,22.0,24.85,20.9,23.5,22.3188722185464,20970375.0,11533.0,468035120.0,1491518.0,7.11,3.95,1.5,1588550400.0
2020-04-30,21.2,22.9,21.15,22.4,21.804322406965127,4226534.0,4678.0,92156710.0,1114896.0,26.38,1.75,1.2,1588204800.0
2020-04-29,21.2,21.3,20.85,20.95,21.028072892373697,984081.0,1675.0,20693327.0,477170.0,48.49,0.45,-0.25,1588118400.0
2020-04-28,20.9,21.15,20.65,20.9,20.878138291028506,831623.0,1405.0,17362740.0,256628.0,30.86,0.5,0.0,1588032000.0
2020-04-27,21.0,21.1,20.4,20.65,20.699784861045067,1095571.0,1940.0,22678084.0,383938.0,35.04,0.7,-0.35,1587945600.0
2020-04-24,21.35,21.4,20.6,20.7,20.95291149984244,1263026.0,2699.0,26464072.0,537840.0,42.58,0.8,-0.65,1587686400.0
2020-04-23,21.7,21.85,21.25,21.4,21.509529546703163,1037510.0,2520.0,22316352.0,347269.0,33.47,0.6,-0.3,1587600000.0
2020-04-22,21.7,21.8,20.9,21.35,21.272103534311,1392775.0,3396.0,29627254.0,415310.0,29.82,0.9,-0.35,1587513600.0
2020-04-21,22.35,22.35,21.55,21.7,21.79835267726932,1419394.0,11289.0,30940451.0,691650.0,48.73,0.8,-0.65,1587427200.0
2020-04-20,22.1,23.15,21.65,22.65,22.508808934660486,2768723.0,10400.0,62320657.0,1080610.0,39.03,1.5,0.55,1587340800.0
2020-04-17,22.55,22.55,21.55,21.85,21.86712821557049,1546965.0,15186.0,33827682.0,720680.0,46.59,1.0,-0.7,1587081600.0
2020-04-16,21.55,21.9,21.2,21.75,21.586941743530254,1693151.0,16401.0,36549952.0,617918.0,36.5,0.7,0.2,1586995200.0
2020-04-15,22.9,23.15,21.1,21.45,22.2069921370082,2205649.0,6979.0,48980830.0,797793.0,36.17,2.05,-1.45,1586908800.0
2020-04-13,23.5,23.5,21.85,22.05,22.41155424171112,2169714.0,22540.0,48626663.0,781263.0,36.01,1.65,-1.45,1586736000.0
2020-04-09,21.85,22.6,21.45,22.35,22.054815287568488,2212412.0,7452.0,48794338.0,568398.0,25.69,1.15,0.5,1586390400.0
2020-04-08,21.5,22.65,21.05,21.25,21.79353772947911,2132656.0,6566.0,46478119.0,532689.0,24.98,1.6,-0.25,1586304000.0
2020-04-07,21.0,21.45,20.9,21.3,21.206529690097607,1172950.0,3372.0,24874199.0,344196.0,29.34,0.55,0.3,1586217600.0
2020-04-03,21.2,21.25,20.4,20.65,20.671056114049367,891684.0,2610.0,18432050.0,377605.0,42.35,0.85,-0.55,1585872000.0
2020-04-01,20.6,21.2,20.4,20.7,20.712227271828144,808864.0,1755.0,16753375.0,248807.0,30.76,0.8,0.1,1585699200.0
2020-03-31,20.95,21.15,20.2,20.8,20.676310923689865,1013522.0,2458.0,20955896.0,321613.0,31.73,0.95,-0.15,1585612800.0
2020-03-30,20.2,20.65,19.7,20.25,20.254955969573945,1227106.0,2283.0,24854978.0,383867.0,31.28,0.95,0.05,1585526400.0
2020-03-27,20.65,21.9,20.2,20.4,21.084739004572718,1301632.0,7775.0,27444571.0,447186.0,34.36,1.7,-0.25,1585267200.0
2020-03-26,20.5,21.1,19.45,20.6,20.521485068087905,1189198.0,3900.0,24404109.0,349876.0,29.42,1.65,0.1,1585180800.0
2020-03-25,20.0,20.2,19.2,19.9,19.711937571771585,957900.0,2145.0,18882065.0,321632.0,33.58,1.0,-0.1,1585094400.0
2020-03-24,20.5,21.2,19.5,20.05,20.252838441127967,1822215.0,6817.0,36905026.0,447727.0,24.57,1.7,-0.45,1585008000.0
2020-03-23,22.0,22.0,20.05,20.2,20.85747861664732,1457676.0,5942.0,30403446.0,982944.0,67.43,1.95,-1.8,1584921600.0
2020-03-20,23.25,23.9,22.1,23.4,23.054927824392408,2576563.0,4063.0,59402474.0,549184.0,21.31,1.8,0.15,1584662400.0
2020-03-19,22.9,23.5,21.85,22.5,22.65295888536961,2754348.0,5477.0,62394132.0,770788.0,27.98,1.65,-0.4,1584576000.0
2020-03-18,23.9,24.35,22.4,23.45,23.043452294486976,2843141.0,4940.0,65515784.0,575911.0,20.26,1.95,-0.45,1584489600.0
2020-03-17,24.0,25.3,23.0,23.4,24.257435347342486,2270943.0,3889.0,55087253.0,433141.0,19.07,2.3,-0.6,1584403200.0
2020-03-16,24.75,25.7,23.35,23.7,24.644970068290906,2548802.0,8199.0,62815149.0,1098939.0,43.12,2.35,-1.05,1584316800.0
2020-03-13,23.45,26.35,20.6,25.9,24.123758565175198,3430607.0,8848.0,82759135.0,735752.0,21.45,5.75,2.45,1584057600.0
2020-03-12,26.75,26.75,24.0,24.25,24.862336811455695,3360913.0,4846.0,83560151.0,737074.0,21.93,2.75,-2.5,1583971200.0
2020-03-11,27.5,28.6,27.2,27.55,27.97707215916709,2938698.0,3761.0,82216166.0,352052.0,11.98,1.4,0.05,1583884800.0
2020-03-09,29.0,29.0,27.0,27.15,28.02153648406869,1548210.0,3090.0,43383223.0,509260.0,32.89,2.0,-1.85,1583712000.0
2020-03-06,30.25,30.25,29.0,29.55,29.33794160595168,1170359.0,2182.0,34335924.0,292494.0,24.99,1.25,-0.7,1583452800.0
2020-03-05,30.65,31.35,30.0,30.7,30.56698554114632,1529651.0,1795.0,46756820.0,391979.0,25.63,1.35,0.05,1583366400.0
2020-03-04,31.2,31.2,29.85,30.65,30.122018431432966,18335525.0,1800.0,552303022.0,195061.0,1.06,1.35,-0.55,1583280000.0
2020-03-03,30.15,31.3,29.85,30.65,30.64110994938437,18795776.0,2339.0,575923439.0,286965.0,1.53,1.45,0.5,1583193600.0
2020-03-02,31.4,31.7,29.05,29.5,30.55392212652432,1194964.0,2787.0,36510837.0,382730.0,32.03,2.65,-1.9,1583107200.0
2020-02-28,31.95,31.95,30.35,30.6,30.865111907023806,1098948.0,2992.0,33919153.0,424863.0,38.66,1.6,-1.35,1582848000.0
2020-02-27,33.45,33.45,32.1,32.55,32.613840644467764,926532.0,2768.0,30217767.0,190966.0,20.61,1.35,-0.9,1582761600.0
2020-02-26,33.8,33.8,33.1,33.25,33.40358291173852,698538.0,1492.0,23333672.0,178663.0,25.58,0.7,-0.55,1582675200.0
2020-02-25,33.95,34.5,33.7,33.9,34.067611624329054,726029.0,1527.0,24734074.0,119442.0,16.45,0.8,-0.05,1582588800.0
2020-02-24,34.7,34.75,33.75,33.95,34.255369548192675,671658.0,1656.0,23007893.0,213831.0,31.84,1.0,-0.75,1582502400.0
2020-02-20,35.4,35.85,34.9,35.1,35.36154030676318,921297.0,1519.0,32578481.0,196933.0,21.38,0.95,-0.3,1582156800.0
2020-02-19,34.95,35.5,34.2,35.4,34.95165248622049,947784.0,1706.0,33126617.0,238700.0,25.18,1.3,0.45,1582070400.0
2020-02-18,34.4,34.9,33.4,34.7,34.13076537236114,1569001.0,2757.0,53551205.0,297222.0,18.94,1.5,0.3,1581984000.0
2020-02-17,36.25,36.4,34.7,34.8,35.38522705542757,878552.0,3179.0,31087762.0,214499.0,24.42,1.7,-1.45,1581897600.0
2020-02-14,37.2,37.45,36.0,36.2,36.745511564469034,1041120.0,1940.0,38256487.0,326436.0,31.35,1.45,-1.0,1581638400.0
2020-02-13,36.9,37.3,36.25,37.05,36.89442104589253,952813.0,2245.0,35153484.0,209192.0,21.96,1.05,0.15,1581552000.0
2020-02-12,37.95,38.15,35.8,36.35,36.55662694153417,2617067.0,5924.0,95671142.0,648545.0,24.78,2.35,-1.6,1581465600.0
2020-02-11,39.0,39.1,38.25,38.55,38.67423324361444,940716.0,2116.0,36381470.0,222277.0,23.63,0.85,-0.45,1581379200.0
2020-02-10,39.95,40.0,37.9,38.25,38.55996207465005,1049430.0,2732.0,40465981.0,436042.0,41.55,2.1,-1.7,1581292800.0
2020-02-07,39.6,40.25,39.25,39.8,39.70347817357296,926377.0,1763.0,36780389.0,176336.0,19.04,1.0,0.2,1581033600.0
2020-02-06,39.8,40.2,39.45,39.55,39.73607898227049,713274.0,1572.0,28342712.0,206835.0,29.0,0.75,-0.25,1580947200.0
2020-02-05,40.05,40.5,39.25,39.6,39.855174130664096,1100639.0,2324.0,43866159.0,211527.0,19.22,1.25,-0.45,1580860800.0
2020-02-04,40.0,40.2,39.35,39.9,39.752277907935905,789211.0,4060.0,31372935.0,188779.0,23.92,0.85,-0.1,1580774400.0
2020-02-03,40.2,40.5,38.8,39.4,39.66048228889914,1231544.0,3117.0,48843629.0,348850.0,28.33,1.7,-0.8,1580688000.0
2020-02-01,42.7,43.55,39.25,40.05,41.65484141257641,1059794.0,3442.0,44145551.0,390414.0,36.84,4.3,-2.65,1580515200.0
2020-01-31,44.4,44.55,42.05,42.7,43.177815718077404,1019145.0,2143.0,44004455.0,360650.0,35.39,2.5,-1.7,1580428800.0
2020-01-30,44.75,44.75,43.3,44.05,43.71459139274314,907583.0,1697.0,39674620.0,165697.0,18.26,1.45,-0.7,1580342400.0
2020-01-29,43.8,45.1,43.6,44.55,44.416605082242576,867373.0,1967.0,38525764.0,183856.0,21.2,1.5,0.75,1580256000.0
2020-01-28,44.25,44.4,43.1,43.3,43.781912571572455,552063.0,2257.0,24170374.0,153276.0,27.76,1.3,-0.95,1580169600.0
2020-01-27,44.9,44.9,43.8,43.95,44.41500137441151,916756.0,1619.0,40717719.0,131263.0,14.32,1.1,-0.95,1580083200.0
2020-01-24,43.65,45.2,43.4,45.0,44.504088190580426,1185977.0,2588.0,52780825.0,252776.0,21.31,1.8,1.35,1579824000.0
2020-01-23,43.4,44.0,43.3,43.45,43.52665176137845,759462.0,1524.0,33056838.0,209212.0,27.55,0.7,0.05,1579737600.0
2020-01-22,44.1,44.1,43.05,43.4,43.41068316041929,744686.0,1647.0,32327328.0,207513.0,27.87,1.05,-0.7,1579651200.0
2020-01-21,44.95,45.45,43.2,43.35,44.08346172764183,1166978.0,2313.0,51444430.0,272320.0,23.34,2.25,-1.6,1579564800.0
2020-01-20,46.35,46.55,44.7,44.95,45.523851967721995,1071442.0,2015.0,48776167.0,200761.0,18.74,1.85,-1.4,1579478400.0
2020-01-17,47.1,47.1,46.05,46.15,46.481130212652744,481113.0,1294.0,22362676.0,152499.0,31.7,1.05,-0.95,1579219200.0
2020-01-16,47.6,47.75,46.45,46.55,47.0003335154841,779574.0,2150.0,36640238.0,211446.0,27.12,1.3,-1.05,1579132800.0
2020-01-15,45.95,46.95,45.5,46.85,46.41806794331151,777089.0,2006.0,36070970.0,210977.0,27.15,1.45,0.9,1579046400.0
2020-01-14,46.65,46.65,45.45,45.9,46.054422453456134,715293.0,1758.0,32942406.0,207252.0,28.97,1.2,-0.75,1578960000.0
2020-01-13,45.0,46.55,44.7,46.05,45.90898415616415,780051.0,2611.0,35811349.0,216391.0,27.74,1.85,1.05,1578873600.0
2020-01-10,45.2,45.5,44.4,44.75,44.93853413669356,681305.0,1707.0,30616848.0,141912.0,20.83,1.1,-0.45,1578614400.0
2020-01-09,44.0,45.1,43.8,44.9,44.58568713522868,1128104.0,3920.0,50297292.0,329942.0,29.25,1.3,0.9,1578528000.0
2020-01-08,42.6,43.35,42.45,43.15,42.992719259559,659823.0,1825.0,28367585.0,156858.0,23.77,0.9,0.55,1578441600.0
2020-01-07,43.05,44.0,42.7,43.4,43.4211309614082,989070.0,2881.0,42946538.0,222287.0,22.47,1.3,0.35,1578355200.0
2020-01-06,44.4,44.4,42.4,42.65,43.01334203200425,1010116.0,2396.0,43448465.0,283083.0,28.02,2.0,-1.75,1578268800.0
2020-01-03,45.45,45.65,44.35,44.65,44.9126113829713,773682.0,1809.0,34748079.0,217790.0,28.15,1.3,-0.8,1578009600.0
2020-01-02,43.5,45.8,43.5,45.4,44.81332593825574,1581232.0,3568.0,70860265.0,374544.0,23.69,2.3,1.9,1577923200.0
2020-01-01,43.55,44.1,43.3,43.5,43.6485178718465,806408.0,1570.0,35198514.0,205127.0,25.44,0.8,-0.05,1577836800.0
2019-12-31,42.95,43.8,42.65,43.45,43.327127302142756,781283.0,1952.0,33850748.0,187738.0,24.03,1.15,0.5,1577750400.0
2019-12-30,43.3,43.5,42.65,42.85,42.96764070484136,434651.0,1246.0,18675928.0,173145.0,39.84,0.85,-0.45,1577664000.0
2019-12-27,42.8,43.3,42.6,43.1,43.00790337446576,1028548.0,1795.0,44235693.0,281501.0,27.37,0.7,0.3,1577404800.0
2019-12-26,43.5,43.65,42.4,42.5,43.101851764516,954171.0,2185.0,41126537.0,377061.0,39.52,1.25,-1.0,1577318400.0
2019-12-24,44.1,44.35,43.4,43.45,43.84243940736989,987125.0,2159.0,43277968.0,242531.0,24.57,0.95,-0.65,1577145600.0
2019-12-23,44.7,45.4,43.95,44.1,44.66282479106637,948148.0,1944.0,42346968.0,185419.0,19.56,1.45,-0.6,1577059200.0
2019-12-20,43.8,45.35,43.1,44.85,44.10225320772314,2528351.0,4275.0,111505976.0,701283.0,27.74,2.25,1.05,1576800000.0
2019-12-19,45.05,45.15,44.2,44.45,44.477198141582406,1357499.0,6961.0,60377752.0,574370.0,42.31,0.95,-0.6,1576713600.0
2019-12-18,46.1,46.35,45.0,45.25,45.53854743993144,751308.0,2816.0,34213475.0,169918.0,22.62,1.35,-0.85,1576627200.0
2019-12-17,45.65,46.4,45.6,45.9,46.001562728990706,648225.0,1911.0,29819363.0,161408.0,24.9,0.8,0.25,1576540800.0
2019-12-16,46.9,46.9,45.45,45.55,45.89889508724853,750557.0,1736.0,34449737.0,212799.0,28.35,1.45,-1.35,1576454400.0
2019-12-13,45.0,46.8,45.0,46.65,46.17352721579855,1134433.0,2562.0,52380773.0,248154.0,21.87,1.8,1.65,1576195200.0
2019-12-12,44.5,45.85,44.05,45.2,45.14828598894824,1173388.0,3262.0,52976457.0,249750.0,21.28,1.8,0.7,1576108800.0
2019-12-11,44.75,45.2,43.5,44.2,44.404924314423454,1388904.0,3119.0,61674177.0,313497.0,22.57,1.7,-0.55,1576022400.0
2019-12-10,46.0,46.4,44.4,44.7,45.39265511549725,1268039.0,2401.0,57559657.0,505501.0,39.86,2.0,-1.3,1575936000.0
2019-12-09,47.2,47.25,45.85,46.0,46.52262378853032,774163.0,2051.0,36016094.0,182038.0,23.51,1.4,-1.2,1575849600.0
2019-12-06,49.25,49.25,46.0,46.5,47.09511330797748,1663784.0,4533.0,78356096.0,469922.0,28.24,3.25,-2.75,1575590400.0
2019-12-05,50.0,50.15,48.5,48.75,49.316416660593354,699783.0,2066.0,34510790.0,239703.0,34.25,1.65,-1.25,1575504000.0
2019-12-04,49.65,50.5,48.85,49.9,49.67979469775917,975927.0,2753.0,48483853.0,196433.0,20.13,1.65,0.25,1575417600.0
2019-12-03,52.5,52.5,49.8,50.0,50.58676746180478,1416735.0,3383.0,71668044.0,316995.0,22.38,2.7,-2.5,1575331200.0
2019-12-02,53.6,53.75,51.05,51.2,52.11179533206394,1981004.0,10980.0,103233675.0,352233.0,17.78,2.7,-2.4,1575244800.0
2019-11-29,54.2,54.9,53.1,53.3,53.97443520347724,1142978.0,3831.0,61691592.0,208313.0,18.23,1.8,-0.9,1574985600.0
2019-11-28,54.0,54.65,53.4,54.25,54.038627918056214,1364350.0,4362.0,73727602.0,183753.0,13.47,1.25,0.25,1574899200.0
2019-11-27,54.0,54.35,52.9,53.3,53.47670457674365,762682.0,2751.0,40785720.0,191325.0,25.09,1.45,-0.7,1574812800.0
2019-11-26,56.2,56.6,53.25,53.55,55.13378078530091,1541320.0,6863.0,84978799.0,266971.0,17.32,3.35,-2.65,1574726400.0
2019-11-25,56.0,56.8,55.8,56.15,56.15178307038863,1090787.0,3371.0,61249635.0,212687.0,19.5,1.0,0.15,1574640000.0
2019-11-22,54.95,56.4,54.45,56.1,55.850935725098,1236688.0,3051.0,69070182.0,258387.0,20.89,1.95,1.15,1574380800.0
2019-11-21,56.0,57.1,54.5,55.4,55.614025553383094,1468377.0,2945.0,81662356.0,222537.0,15.16,2.6,-0.6,1574294400.0
2019-11-20,56.6,56.7,54.25,55.75,55.134952133242344,2026563.0,4413.0,111734454.0,217479.0,10.73,2.45,-0.85,1574208000.0
2019-11-19,54.2,56.0,52.5,55.6,53.71433991400565,2627847.0,5768.0,141153067.0,582002.0,22.15,3.5,1.4,1574121600.0
2019-11-18,54.2,54.8,53.65,53.9,53.92269956381955,1287082.0,1573.0,69402936.0,226506.0,17.6,1.15,-0.3,1574035200.0
2019-11-15,54.0,54.85,53.75,54.15,54.26842374764504,1035050.0,1737.0,56170532.0,181262.0,17.51,1.1,0.15,1573776000.0
2019-11-14,55.25,55.35,53.35,53.8,54.219641008049905,1559645.0,3472.0,84563392.0,249574.0,16.0,2.0,-1.45,1573689600.0
2019-11-13,56.7,57.85,54.15,54.55,56.024042134040926,2487300.0,4763.0,139348600.0,310955.0,12.5,3.7,-2.15,1573603200.0
2019-11-11,54.2,57.55,53.15,56.8,55.43362335585115,1893761.0,4943.0,104978034.0,264850.0,13.99,4.4,2.6,1573430400.0
2019-11-08,54.0,55.95,53.5,54.2,54.78477833871469,1888309.0,8161.0,103450590.0,360793.0,19.11,2.45,0.2,1573171200.0
2019-11-07,55.9,56.1,54.8,55.5,55.33970065155241,962624.0,2251.0,53271324.0,200605.0,20.84,1.3,-0.4,1573084800.0
2019-11-06,56.1,57.1,55.45,55.55,56.26235653001591,2102269.0,4832.0,118278608.0,373203.0,17.75,1.65,-0.55,1572998400.0
2019-11-05,56.9,58.0,55.9,56.05,56.72398476497654,1731274.0,5241.0,98204760.0,338785.0,19.57,2.1,-0.85,1572912000.0
2019-11-04,57.4,57.9,55.65,56.35,56.671168497263615,1627338.0,7120.0,92223146.0,377508.0,23.2,2.25,-1.05,1572825600.0
2019-11-01,57.0,57.6,56.2,56.9,57.0120348338376,1439405.0,4936.0,82063408.0,377076.0,26.2,1.4,-0.1,1572566400.0
2019-10-31,58.0,58.0,56.3,56.55,57.00808371703085,2407061.0,8866.0,137221935.0,615066.0,25.55,1.7,-1.45,1572480000.0
2019-10-30,57.1,61.3,57.1,58.9,59.36899154347703,5971958.0,15711.0,354549124.0,1135059.0,19.01,4.2,1.8,1572393600.0
2019-10-29,52.15,54.5,51.7,53.75,52.9658936699733,2396388.0,5734.0,126926832.0,371606.0,15.51,2.8,1.6,1572307200.0
2019-10-27,51.8,52.45,51.45,51.75,51.80300985094346,348190.0,1067.0,18037290.0,207321.0,59.54,1.0,-0.05,1572134400.0
2019-10-25,51.1,52.35,49.7,50.95,51.065307086436825,3018922.0,4662.0,154162179.0,707244.0,23.43,2.65,-0.15,1571961600.0
2019-10-24,54.0,54.3,50.5,51.25,51.97350032372043,2445011.0,5830.0,127075780.0,524489.0,21.45,3.8,-2.75,1571875200.0
2019-10-23,52.1,55.2,51.7,53.8,53.62725783884397,3479212.0,8881.0,186580599.0,558464.0,16.05,3.5,1.7,1571788800.0
2019-10-22,55.5,55.5,51.35,51.8,53.56096377731179,5435654.0,13037.0,291138867.0,642326.0,11.82,4.15,-3.7,1571702400.0
2019-10-18,49.0,57.6,49.0,54.45,55.15669016909565,13149421.0,31372.0,725278540.0,3087759.0,23.48,8.6,5.45,1571356800.0
2019-10-17,42.0,44.9,41.65,44.55,43.022578922181566,3238950.0,7888.0,139347982.0,1517847.0,46.86,3.25,2.55,1571270400.0
2019-10-16,42.75,43.25,41.35,41.85,42.06132580587792,1321385.0,3441.0,55579205.0,537363.0,40.67,1.9,-0.9,1571184000.0
2019-10-15,43.0,43.5,42.5,42.75,42.836708519199945,2042011.0,5063.0,87473030.0,1125932.0,55.14,1.0,-0.25,1571097600.0
2019-10-14,43.35,43.85,42.75,42.85,43.09352330431629,1764480.0,1796.0,76037660.0,670078.0,37.98,1.1,-0.5,1571011200.0
2019-10-11,43.5,43.7,42.05,43.0,42.94405171617962,4636228.0,5040.0,199098415.0,3079484.0,66.42,1.65,-0.5,1570752000.0
2019-10-10,43.85,44.75,42.8,43.05,43.72759241751368,2138718.0,4433.0,93520989.0,283017.0,13.23,1.95,-0.8,1570665600.0
2019-10-09,43.0,43.95,42.35,43.65,43.36775644306668,1520006.0,2766.0,65919250.0,645825.0,42.49,1.6,0.65,1570579200.0
2019-10-07,45.95,45.95,42.55,42.8,43.83860115036541,1509955.0,6017.0,66194315.0,436114.0,28.88,3.4,-3.15,1570406400.0
2019-10-04,47.7,47.85,45.75,46.0,46.76196865746161,929344.0,2287.0,43457955.0,228526.0,24.59,2.1,-1.7,1570147200.0
2019-10-03,46.7,48.3,46.15,47.2,47.15805966299863,1163200.0,2620.0,54854255.0,155302.0,13.35,2.15,0.5,1570060800.0
2019-10-01,48.95,49.6,46.05,46.85,47.81037728705306,1148913.0,2533.0,54929964.0,205949.0,17.93,3.55,-2.1,1569888000.0
2019-09-30,50.3,50.3,47.5,48.4,48.322669274676606,1361958.0,2417.0,65813446.0,215468.0,15.82,2.8,-1.9,1569801600.0
2019-09-27,52.0,52.1,49.8,50.0,51.121956607905176,1385091.0,2012.0,70808562.0,211462.0,15.27,2.3,-2.0,1569542400.0
2019-09-26,49.85,52.65,49.85,51.85,51.66495648477671,1244507.0,4479.0,64297400.0,308091.0,24.76,2.8,2.0,1569456000.0
2019-09-25,52.0,52.0,49.85,50.15,50.8319414338544,968341.0,1799.0,49222653.0,169233.0,17.48,2.15,-1.85,1569369600.0
2019-09-24,52.1,52.95,50.9,51.9,51.845496547603176,1193229.0,3147.0,61863550.0,196939.0,16.5,2.05,-0.2,1569283200.0
2019-09-23,51.4,52.15,49.6,51.85,51.14846299274354,2223672.0,4766.0,113737405.0,404698.0,18.2,2.55,0.45,1569196800.0
2019-09-20,47.75,51.25,46.65,50.1,49.26590690468938,2281855.0,5642.0,112417656.0,224003.0,9.82,4.6,2.35,1568937600.0
2019-09-19,48.3,48.8,47.15,47.45,47.69631434365854,1023644.0,4300.0,48824046.0,382124.0,37.33,1.65,-0.85,1568851200.0
2019-09-18,50.75,50.75,48.4,48.65,48.82839015681097,668767.0,4183.0,32654816.0,127779.0,19.11,2.35,-2.1,1568764800.0
2019-09-17,50.85,50.9,48.5,48.75,49.61494649852185,884555.0,5102.0,43887149.0,261300.0,29.54,2.4,-2.1,1568678400.0
2019-09-16,51.0,51.3,50.45,50.65,50.818868971927614,619684.0,2488.0,31491640.0,130325.0,21.03,0.85,-0.35,1568592000.0
2019-09-13,51.65,51.95,50.0,51.65,51.025560556082326,898572.0,2165.0,45850140.0,106511.0,11.85,1.95,0.0,1568332800.0
2019-09-12,51.75,53.15,51.25,51.55,52.17384042324361,850763.0,2257.0,44387573.0,133676.0,15.71,1.9,-0.2,1568246400.0
2019-09-11,50.15,52.35,50.15,51.95,51.593265068764154,834010.0,2436.0,43029299.0,154441.0,18.52,2.2,1.8,1568160000.0
2019-09-09,52.3,52.45,51.2,51.4,51.652880934150076,731360.0,1841.0,37776851.0,172935.0,23.65,1.25,-0.9,1567987200.0
2019-09-06,51.5,52.1,50.75,51.75,51.48097791127593,715116.0,1396.0,36814871.0,79113.0,11.06,1.35,0.25,1567728000.0
2019-09-05,50.25,52.45,50.25,51.15,51.47647440994897,1759297.0,3318.0,90562407.0,89913.0,5.11,2.2,0.9,1567641600.0
2019-09-04,49.85,50.25,48.6,50.05,49.18778076314476,2071586.0,2417.0,101896718.0,200865.0,9.7,1.65,0.2,1567555200.0
2019-09-03,50.8,50.85,49.1,49.35,49.76848670125698,424589.0,1455.0,21131152.0,73084.0,17.21,1.75,-1.45,1567468800.0
2019-08-30,51.7,51.7,49.65,50.55,50.30754068080473,580372.0,2271.0,29197088.0,83051.0,14.31,2.05,-1.15,1567123200.0
2019-08-29,51.25,51.5,50.05,50.6,50.23999226753889,1877798.0,1286.0,94340557.0,1567322.0,83.47,1.45,-0.65,1567036800.0
2019-08-28,52.65,53.4,50.6,51.25,51.71499506150669,779590.0,2142.0,40316493.0,115985.0,14.88,2.8,-1.4,1566950400.0
2019-08-27,50.65,55.0,50.4,52.65,53.312089557433474,1465339.0,4272.0,78120284.0,286563.0,19.56,4.6,2.0,1566864000.0
2019-08-26,49.7,50.25,47.55,49.95,48.95782737540058,895249.0,2243.0,43829446.0,129735.0,14.49,2.7,0.25,1566777600.0
2019-08-23,48.35,49.1,46.65,48.3,48.08786289819256,1033451.0,2542.0,49696450.0,172130.0,16.66,2.45,-0.05,1566518400.0
2019-08-22,48.05,48.75,47.8,48.0,48.259460361878716,754728.0,1975.0,36422766.0,142589.0,18.89,0.95,-0.05,1566432000.0
2019-08-21,49.7,49.95,47.45,48.3,48.2640090308766,1373953.0,3277.0,66312480.0,237571.0,17.29,2.5,-1.4,1566345600.0
2019-08-20,51.45,51.55,49.7,49.95,50.375041665456465,723021.0,1928.0,36422213.0,137700.0,19.04,1.85,-1.5,1566259200.0
2019-08-19,51.5,51.8,50.9,51.25,51.36001901842052,628864.0,1161.0,32298467.0,128442.0,20.42,0.9,-0.25,1566172800.0
2019-08-16,51.6,51.75,50.25,51.35,51.0934655146602,487613.0,1458.0,24913838.0,91974.0,18.86,1.5,-0.25,1565913600.0
2019-08-14,51.0,52.05,50.55,51.05,51.20491837607733,1337108.0,3312.0,68466506.0,494546.0,36.99,1.5,0.05,1565740800.0
2019-08-13,54.15,56.4,50.35,50.55,52.90058918046338,2671168.0,8426.0,141306361.0,474397.0,17.76,6.05,-3.6,1565654400.0
2019-08-09,58.55,58.85,56.2,56.9,57.55051111704073,1173019.0,2428.0,67507843.0,208831.0,17.8,2.65,-1.65,1565308800.0
2019-08-08,57.9,58.55,56.35,58.15,57.70644447339101,1719644.0,2921.0,99234541.0,542985.0,31.58,2.2,0.25,1565222400.0
2019-08-07,57.85,58.0,56.05,57.5,57.03768363636997,1149146.0,2017.0,65544626.0,473050.0,41.17,1.95,-0.35,1565136000.0
2019-08-06,56.5,57.6,56.2,57.25,56.82642385402192,1129101.0,1944.0,64162772.0,537405.0,47.6,1.4,0.75,1565049600.0
2019-08-05,56.0,57.5,54.65,56.5,56.33466597461936,518269.0,1612.0,29196511.0,85233.0,16.45,2.85,0.5,1564963200.0
2019-08-02,57.55,57.55,55.85,56.55,56.624481298581244,781037.0,2245.0,44225815.0,153903.0,19.7,1.7,-1.0,1564704000.0
2019-08-01,58.7,59.1,56.6,57.55,57.79797714706209,777318.0,1743.0,44927408.0,126538.0,16.28,2.5,-1.15,1564617600.0
2019-07-31,57.4,59.05,57.1,58.9,58.15480259047697,782713.0,1672.0,45518520.0,102289.0,13.07,1.95,1.5,1564531200.0
2019-07-30,59.2,60.0,57.55,57.75,58.62123024890832,1520359.0,2913.0,89125315.0,184941.0,12.16,2.45,-1.45,1564444800.0
2019-07-29,60.95,61.1,59.05,59.2,59.63866751523958,1597977.0,2818.0,95301219.0,880592.0,55.11,2.05,-1.75,1564358400.0
2019-07-26,61.7,62.5,60.35,60.6,61.13209064679836,726115.0,3155.0,44388928.0,170235.0,23.44,2.15,-1.1,1564099200.0
2019-07-25,62.25,62.4,60.6,61.15,61.49197594311325,523426.0,1645.0,32186499.0,102097.0,19.51,1.8,-1.1,1564012800.0
2019-07-24,63.9,64.45,61.5,61.9,62.357186281582614,616835.0,1850.0,38464095.0,129183.0,20.94,2.95,-2.0,1563926400.0
2019-07-23,64.5,64.5,63.55,63.9,64.04832731372471,400912.0,1129.0,25677743.0,77648.0,19.37,0.95,-0.6,1563840000.0
2019-07-22,64.2,64.25,62.95,64.05,63.70924580830175,477730.0,1656.0,30435818.0,102189.0,21.39,1.3,-0.15,1563753600.0
2019-07-19,64.4,64.5,63.35,63.6,63.90742641639971,531912.0,1412.0,33993127.0,92745.0,17.44,1.15,-0.8,1563494400.0
2019-07-18,64.25,64.45,63.5,63.95,63.95837444355534,514876.0,1510.0,32930632.0,125285.0,24.33,0.95,-0.3,1563408000.0
2019-07-17,64.95,64.95,63.95,64.1,64.27764122937222,458120.0,1480.0,29446873.0,84578.0,18.46,1.0,-0.85,1563321600.0
2019-07-16,64.75,65.2,63.9,64.65,64.57639338071344,497818.0,1769.0,32147291.0,113127.0,22.72,1.3,-0.1,1563235200.0
2019-07-15,65.3,65.55,63.25,64.2,64.1485473460779,1040234.0,2830.0,66729500.0,179126.0,17.22,2.3,-1.1,1563148800.0
2019-07-12,65.15,65.6,64.5,64.85,65.07912985906914,643436.0,2233.0,41874255.0,134725.0,20.94,1.1,-0.3,1562889600.0
2019-07-11,67.1,67.1,64.85,65.1,65.63285403347865,1082899.0,3076.0,71073752.0,331996.0,30.66,2.25,-2.0,1562803200.0
2019-07-10,68.4,68.45,66.2,66.75,66.98833023954742,565650.0,2266.0,37891949.0,105223.0,18.6,2.25,-1.65,1562716800.0
2019-07-09,67.4,67.8,65.85,67.15,66.78839746204018,720894.0,2427.0,48147355.0,125305.0,17.38,1.95,-0.25,1562630400.0
2019-07-08,70.25,70.3,66.65,67.3,67.99537024332237,874560.0,4538.0,59466031.0,200352.0,22.91,3.65,-2.95,1562544000.0
2019-07-05,73.5,73.5,69.75,70.15,71.70977478867157,810350.0,2664.0,58110016.0,157179.0,19.4,3.75,-3.35,1562284800.0
2019-07-04,73.0,73.65,72.5,73.15,73.14823196839885,482514.0,1376.0,35295046.0,65285.0,13.53,1.15,0.15,1562198400.0
2019-07-03,72.1,73.65,71.85,72.95,72.73307676044134,629061.0,1753.0,45753542.0,56889.0,9.04,1.8,0.85,1562112000.0
2019-07-02,73.05,73.3,71.6,72.1,72.10955518002983,524302.0,1609.0,37807184.0,67104.0,12.8,1.7,-0.95,1562025600.0
2019-07-01,73.85,74.3,71.75,73.05,72.81893878123284,770303.0,1859.0,56092647.0,75685.0,9.83,2.55,-0.8,1561939200.0
2019-06-28,74.75,74.75,72.5,73.1,73.62842215187594,610946.0,1999.0,44982990.0,130909.0,21.43,2.25,-1.65,1561680000.0
2019-06-27,75.2,75.5,74.3,74.75,74.96640799317494,731424.0,3748.0,54832230.0,164462.0,22.49,1.2,-0.45,1561593600.0
2019-06-26,73.75,75.45,73.5,75.2,74.67185239919276,1147636.0,4030.0,85696106.0,203613.0,17.74,1.95,1.45,1561507200.0
2019-06-25,73.55,74.15,72.3,73.95,73.18992255563188,620058.0,2014.0,45381997.0,115085.0,18.56,1.85,0.4,1561420800.0
2019-06-24,72.5,74.0,72.1,73.7,73.07829330797442,1716162.0,4569.0,125414190.0,711239.0,41.44,1.9,1.2,1561334400.0
2019-06-21,71.0,71.8,70.0,71.3,71.11551638571235,666953.0,2267.0,47430707.0,133934.0,20.08,1.8,0.3,1561075200.0
2019-06-20,67.95,71.0,67.25,70.7,69.7359180345399,1945112.0,3693.0,135644171.0,698133.0,35.89,3.75,2.75,1560988800.0
2019-06-19,69.0,69.5,66.45,67.6,67.93619220788761,762258.0,2481.0,51784906.0,172189.0,22.59,3.05,-1.4,1560902400.0
2019-06-18,67.9,69.05,67.05,68.55,68.03167848137714,757107.0,2891.0,51507260.0,156116.0,20.62,2.0,0.65,1560816000.0
2019-06-17,69.8,69.9,65.7,67.25,68.24994242989352,1723985.0,3811.0,117661877.0,409325.0,23.74,4.2,-2.55,1560729600.0
2019-06-14,70.4,71.0,68.1,68.6,69.68184779466092,1556450.0,4773.0,108456312.0,242473.0,15.58,2.9,-1.8,1560470400.0
2019-06-13,68.3,69.2,67.8,68.75,68.63678339535988,606192.0,2461.0,41607069.0,118248.0,19.51,1.4,0.45,1560384000.0
2019-06-12,69.9,70.6,68.0,68.3,69.16789943132457,866751.0,2460.0,59951346.0,174614.0,20.15,2.6,-1.6,1560297600.0
2019-06-11,68.4,70.1,67.7,69.7,69.57122497455039,1827140.0,2608.0,127116368.0,977320.0,53.49,2.4,1.3,1560211200.0
2019-06-10,68.6,69.55,67.95,68.2,68.50886639322032,1131971.0,2060.0,77550050.0,544184.0,48.07,1.6,-0.4,1560124800.0
2019-06-07,68.6,70.4,67.35,68.25,68.45467520092721,2643619.0,3722.0,180968080.0,1229539.0,46.51,3.05,-0.35,1559865600.0
2019-06-06,71.15,71.75,67.6,68.4,69.45478775154898,3124640.0,4888.0,217021208.0,1410330.0,45.14,4.15,-2.75,1559779200.0
2019-06-04,71.75,73.0,70.6,70.85,71.81482446294817,2898277.0,4772.0,208139254.0,1033692.0,35.67,2.4,-0.9,1559606400.0
2019-06-03,70.1,72.2,69.55,71.55,71.37772115505139,2552960.0,3523.0,182224467.0,1190804.0,46.64,2.65,1.45,1559520000.0
2019-05-31,71.65,71.85,68.7,70.1,70.14135734533313,1074907.0,3280.0,75395436.0,143174.0,13.32,3.15,-1.55,1559260800.0
2019-05-30,71.15,72.1,70.6,71.65,71.3070432935216,937161.0,2669.0,66826180.0,210941.0,22.51,1.5,0.5,1559174400.0
2019-05-29,72.6,72.6,70.5,71.15,71.31810749402847,772415.0,2440.0,55087176.0,136370.0,17.66,2.1,-1.45,1559088000.0
2019-05-28,73.95,73.95,71.1,72.6,72.30350860219119,1560707.0,4792.0,112844592.0,262524.0,16.82,2.85,-1.35,1559001600.0
2019-05-27,69.95,73.25,68.9,72.7,70.97844941037432,4015853.0,9740.0,285039019.0,391985.0,9.76,4.35,2.75,1558915200.0
2019-05-24,67.0,69.5,66.8,69.0,68.50876764924193,1459057.0,3338.0,99958197.0,191538.0,13.13,2.7,2.0,1558656000.0
2019-05-23,67.0,70.15,65.85,66.5,67.75921441467237,2710183.0,8492.0,183639871.0,289080.0,10.67,4.3,-0.5,1558569600.0
2019-05-22,63.75,65.5,62.2,65.25,64.04243905385529,1225098.0,3799.0,78458264.0,94724.0,7.73,3.3,1.5,1558483200.0
2019-05-21,66.4,66.4,62.9,63.35,64.54265235830023,1154942.0,2835.0,74543020.0,149304.0,12.93,3.5,-3.05,1558396800.0
2019-05-20,64.05,66.65,63.95,66.1,65.74149400208627,1726517.0,4901.0,113503807.0,298738.0,17.3,2.7,2.05,1558310400.0
2019-05-17,62.9,62.9,61.2,62.05,61.97198902535426,2864056.0,2317.0,177491247.0,1848250.0,64.53,1.7,-0.85,1558051200.0
2019-05-16,61.0,62.35,60.55,62.05,62.01283963157147,4453944.0,2671.0,276201715.0,2983350.0,66.98,1.8,1.05,1557964800.0
2019-05-15,63.95,64.2,60.25,60.65,62.30943877508822,1209034.0,3054.0,75334230.0,187939.0,15.54,3.95,-3.3,1557878400.0
2019-05-14,60.05,64.0,59.85,63.45,62.9714107092636,7719429.0,7924.0,486103334.0,4742588.0,61.44,4.15,3.4,1557792000.0
2019-05-13,63.15,63.15,59.25,59.9,61.3778391820945,1013320.0,2571.0,62195392.0,214501.0,21.17,3.9,-3.25,1557705600.0
2019-05-10,63.0,63.55,61.9,63.15,62.647742367234976,2175686.0,2351.0,136301816.0,1283447.0,58.99,1.65,0.15,1557446400.0
2019-05-09,62.0,62.85,61.5,62.55,62.43445477571744,2819702.0,2664.0,176046557.0,1645831.0,58.37,1.35,0.55,1557360000.0
2019-05-08,63.65,64.0,61.6,61.8,62.729878495035855,1463397.0,4151.0,91798716.0,280366.0,19.16,2.4,-1.85,1557273600.0
2019-05-07,66.7,66.7,63.35,63.9,65.1417605285675,1428162.0,3316.0,93032987.0,436692.0,30.58,3.35,-2.8,1557187200.0
2019-05-06,68.6,68.6,65.5,65.85,66.22062931360722,3826264.0,5426.0,253377610.0,2616917.0,68.39,3.1,-2.75,1557100800.0
2019-05-03,69.65,70.65,68.4,68.55,69.1524797005345,1007662.0,2208.0,69682326.0,454327.0,45.09,2.25,-1.1,1556841600.0
2019-05-02,71.1,71.6,69.3,69.65,70.4618446090261,901275.0,2640.0,63505499.0,147300.0,16.34,2.3,-1.45,1556755200.0
2019-04-30,71.25,72.25,69.45,70.75,71.24039770268587,2257767.0,3838.0,160844219.0,1137299.0,50.37,2.8,-0.5,1556582400.0
2019-04-26,72.7,73.2,70.55,71.25,71.57873721196783,1316563.0,3217.0,94237917.0,232615.0,17.67,2.65,-1.45,1556236800.0
2019-04-25,73.45,75.15,71.75,72.4,73.67615417766837,860851.0,2137.0,63424191.0,120859.0,14.04,3.4,-1.05,1556150400.0
2019-04-24,73.95,74.25,72.95,73.45,73.37504481409897,370977.0,1068.0,27220454.0,79321.0,21.38,1.3,-0.5,1556064000.0
2019-04-23,73.0,74.5,72.65,73.45,73.81371805185637,568069.0,1414.0,41931285.0,53977.0,9.5,1.85,0.45,1555977600.0
2019-04-22,76.0,76.0,73.0,73.15,73.98770873282706,786412.0,2207.0,58184822.0,158362.0,20.14,3.0,-2.85,1555891200.0
2019-04-18,77.65,77.95,75.65,75.9,76.46044244068314,654325.0,1677.0,50029979.0,95592.0,14.61,2.3,-1.75,1555545600.0
2019-04-16,77.25,78.75,76.05,76.6,77.49365815189091,1186878.0,3278.0,91975518.0,192739.0,16.24,2.7,-0.65,1555372800.0
2019-04-15,78.2,78.35,76.55,77.15,77.06954281153801,1973475.0,3046.0,152094816.0,1192063.0,60.4,1.8,-1.05,1555286400.0
2019-04-12,74.85,78.1,74.5,77.55,76.8266056922097,4249211.0,10944.0,326452458.0,2176378.0,51.22,3.6,2.7,1555027200.0
2019-04-11,72.05,74.75,71.3,74.3,73.25826792693627,2507400.0,3289.0,183687781.0,1285127.0,51.25,3.45,2.25,1554940800.0
2019-04-10,72.15,73.25,71.7,72.05,72.31326844743116,1491644.0,2190.0,107865653.0,324380.0,21.75,1.55,-0.1,1554854400.0
2019-04-09,72.95,73.1,71.15,71.75,71.68072786569451,1156587.0,2423.0,82904998.0,177841.0,15.38,1.95,-1.2,1554768000.0
2019-04-08,71.9,73.8,71.9,72.45,72.51403617082728,5009949.0,6726.0,363291623.0,2970103.0,59.28,1.9,0.55,1554681600.0
2019-04-05,73.95,74.55,72.4,72.7,73.31031274909738,1066350.0,2085.0,78174452.0,385550.0,36.16,2.15,-1.25,1554422400.0
2019-04-04,74.5,74.95,71.9,73.0,72.9090073816095,3366339.0,3804.0,245436435.0,2029641.0,60.29,3.05,-1.5,1554336000.0
2019-04-03,75.5,76.0,72.9,73.65,73.96403303507178,3929884.0,7115.0,290670070.0,2038031.0,51.86,3.1,-1.85,1554249600.0
2019-04-02,75.9,77.1,73.65,74.5,75.29615284707717,1847860.0,4686.0,139136749.0,365055.0,19.76,3.45,-1.4,1554163200.0
2019-04-01,75.6,77.8,74.9,75.9,76.33362919478147,2194721.0,5631.0,167531019.0,476967.0,21.73,2.9,0.3,1554076800.0
2019-03-29,71.8,75.4,71.8,74.9,74.66059033024762,5773819.0,7869.0,431076735.0,3088978.0,53.5,3.6,3.1,1553817600.0
2019-03-28,71.8,72.3,71.0,71.5,71.6382897745944,1192872.0,4072.0,85455310.0,187824.0,15.75,1.3,-0.3,1553731200.0
2019-03-27,71.5,72.65,70.7,71.25,71.5661148815416,1152683.0,3348.0,82493044.0,146451.0,12.71,1.95,-0.25,1553644800.0
2019-03-26,69.85,72.7,69.75,71.1,71.41378892590441,2550583.0,8763.0,182146796.0,309997.0,12.15,2.95,1.25,1553558400.0
2019-03-25,67.25,70.0,66.6,69.2,68.8027775666844,1263264.0,3877.0,86916072.0,173295.0,13.72,3.4,1.95,1553472000.0
2019-03-22,69.0,69.35,66.8,67.35,67.89541879409019,1425629.0,3574.0,96793678.0,289268.0,20.29,2.55,-1.65,1553212800.0
2019-03-20,68.2,72.35,68.05,68.6,70.33234021275094,2733807.0,7791.0,192275044.0,410967.0,15.03,4.3,0.4,1553040000.0
2019-03-19,67.3,68.45,67.2,68.1,67.98572488229429,1921105.0,2105.0,130607716.0,1132676.0,58.96,1.25,0.8,1552953600.0
2019-03-18,68.0,69.2,66.5,67.1,67.22753883544128,911796.0,1998.0,61297801.0,295862.0,32.45,2.7,-0.9,1552867200.0
2019-03-15,66.9,67.95,66.2,67.7,67.24346189353673,557845.0,1735.0,37511429.0,101922.0,18.27,1.75,0.8,1552608000.0
2019-03-14,67.9,68.7,66.65,67.35,67.36946050778236,565124.0,1776.0,38072099.0,97209.0,17.2,2.05,-0.55,1552521600.0
2019-03-13,69.85,70.15,67.4,67.9,68.53057678615608,529503.0,1558.0,36287146.0,163698.0,30.92,2.75,-1.95,1552435200.0
2019-03-12,70.5,71.35,69.6,69.85,70.5052383490226,724274.0,2017.0,51065111.0,191483.0,26.44,1.75,-0.65,1552348800.0
2019-03-11,67.1,70.6,67.1,70.05,69.31545927510192,842077.0,2431.0,58368954.0,217094.0,25.78,3.5,2.95,1552262400.0
2019-03-08,68.1,68.1,66.55,67.1,67.10630798178794,549526.0,2009.0,36876661.0,129336.0,23.54,1.55,-1.0,1552003200.0
2019-03-07,69.9,69.9,67.85,68.15,68.35395511081357,425715.0,1120.0,29099304.0,64355.0,15.12,2.05,-1.75,1551916800.0
2019-03-06,67.4,70.1,67.3,68.9,69.11578638497653,1073520.0,2893.0,74197179.0,158186.0,14.74,2.8,1.5,1551830400.0
2019-03-05,67.55,68.0,66.5,67.4,67.31453457962547,843141.0,2179.0,56755644.0,112566.0,13.35,1.5,-0.15,1551744000.0
2019-03-01,64.95,66.5,64.7,66.2,65.96937997271236,521848.0,1449.0,34425989.0,105291.0,20.18,1.8,1.25,1551398400.0
2019-02-28,64.85,65.0,64.15,64.55,64.57425199803802,381249.0,887.0,24618869.0,47262.0,12.4,0.85,-0.3,1551312000.0
2019-02-27,64.9,65.95,64.4,64.7,64.98236586741339,514230.0,1471.0,33415882.0,72317.0,14.06,1.55,-0.2,1551225600.0
2019-02-26,63.8,65.55,62.2,64.55,64.05118126206817,493032.0,1654.0,31579282.0,75242.0,15.26,3.35,0.75,1551139200.0
2019-02-25,64.0,64.65,63.15,64.3,64.138476758626,336598.0,1082.0,21588883.0,59253.0,17.6,1.5,0.3,1551052800.0
2019-02-22,62.85,64.1,62.45,63.6,63.5111851047424,431869.0,1366.0,27428512.0,85283.0,19.75,1.65,0.75,1550793600.0
2019-02-21,62.75,63.0,62.35,62.85,62.66636163484973,220742.0,676.0,13833098.0,37269.0,16.88,0.65,0.1,1550707200.0
2019-02-20,62.25,63.1,62.0,62.65,62.553268103768865,389905.0,1202.0,24389832.0,92250.0,23.66,1.1,0.4,1550620800.0
2019-02-19,61.1,62.75,61.0,62.05,62.13079185160122,401944.0,1099.0,24973099.0,67498.0,16.79,1.75,0.95,1550534400.0
2019-02-18,60.75,61.6,60.75,61.1,61.123806308791934,462117.0,1106.0,28246350.0,77519.0,16.77,0.85,0.35,1550448000.0
2019-02-15,61.2,61.95,60.7,60.95,61.08824757477488,431094.0,1165.0,26334777.0,76480.0,17.74,1.25,-0.25,1550188800.0
2019-02-14,60.05,62.75,60.05,62.2,61.66200384359524,703508.0,2130.0,43379713.0,165787.0,23.57,2.7,2.15,1550102400.0
2019-02-13,61.7,62.05,60.55,60.85,61.182964263748616,359327.0,2414.0,21984691.0,77249.0,21.5,1.5,-0.85,1550016000.0
2019-02-12,62.2,62.55,61.25,61.6,61.9737624902445,312644.0,1045.0,19375725.0,48381.0,15.47,1.3,-0.6,1549929600.0
2019-02-11,62.0,63.1,60.9,62.6,62.18579452685008,665138.0,3275.0,41362135.0,115018.0,17.29,2.2,0.6,1549843200.0
2019-02-08,62.3,63.15,61.6,61.9,62.33858213086097,663009.0,2534.0,41331041.0,112663.0,16.99,1.55,-0.4,1549584000.0
2019-02-07,61.15,62.35,60.7,62.1,61.669396282599294,707914.0,2268.0,43656629.0,172701.0,24.4,1.65,0.95,1549497600.0
2019-02-06,59.3,60.95,57.6,60.6,59.34180472732067,1463789.0,6246.0,86863881.0,237264.0,16.21,3.35,1.3,1549411200.0
2019-02-05,65.6,65.6,56.25,58.9,60.06031128621353,4489309.0,12911.0,269629296.0,744792.0,16.59,9.35,-6.7,1549324800.0
2019-02-04,64.85,65.25,63.1,64.85,64.32967945877782,704184.0,1861.0,45299931.0,77567.0,11.02,2.15,0.0,1549238400.0
2019-02-01,64.8,65.65,63.7,64.3,64.75239720441171,796970.0,1828.0,51605718.0,100024.0,12.55,1.95,-0.5,1548979200.0
2019-01-31,64.5,64.95,63.7,64.7,64.2831921598692,589582.0,1856.0,37900213.0,128078.0,21.72,1.25,0.2,1548892800.0
2019-01-30,65.25,65.25,63.75,63.95,64.2807555019246,672083.0,1591.0,43202003.0,148754.0,22.13,1.5,-1.3,1548806400.0
2019-01-29,63.5,65.25,63.0,64.5,64.52212732786532,584978.0,1745.0,37744025.0,139391.0,23.83,2.25,1.0,1548720000.0
2019-01-28,66.5,66.75,63.6,63.9,64.44032776816009,950794.0,4272.0,61269477.0,250242.0,26.32,3.15,-2.6,1548633600.0
2019-01-25,69.0,69.45,66.25,66.5,67.83818900915385,804797.0,2887.0,54595971.0,162709.0,20.22,3.2,-2.5,1548374400.0
2019-01-24,69.2,70.05,68.5,68.9,69.26485504632322,471254.0,1412.0,32641340.0,65695.0,13.94,1.55,-0.3,1548288000.0
2019-01-23,71.3,71.6,69.05,69.3,70.46735438207112,591136.0,1632.0,41655790.0,101673.0,17.2,2.55,-2.0,1548201600.0
2019-01-22,71.45,71.45,69.95,71.0,70.73083604397655,428865.0,1141.0,30333980.0,83169.0,19.39,1.5,-0.45,1548115200.0
2019-01-21,71.3,72.1,70.5,70.75,71.41410490317008,873129.0,2612.0,62353726.0,165697.0,18.98,1.6,-0.55,1548028800.0
2019-01-18,70.35,71.1,69.8,70.7,70.56955992045714,636135.0,1967.0,44891767.0,102728.0,16.15,1.3,0.35,1547769600.0
2019-01-17,68.9,70.9,68.1,70.1,69.42806660917647,889427.0,2423.0,61751197.0,167079.0,18.79,2.8,1.2,1547683200.0
2019-01-16,68.9,69.6,68.1,68.35,68.74447340865656,546268.0,1479.0,37552906.0,104535.0,19.14,1.5,-0.55,1547596800.0
2019-01-15,68.4,68.75,67.9,68.35,68.29643945963585,554663.0,1550.0,37881508.0,95493.0,17.22,0.85,-0.05,1547510400.0
2019-01-14,69.15,69.4,67.65,67.75,67.96302199235606,701471.0,1726.0,47674089.0,139848.0,19.94,1.75,-1.4,1547424000.0
2019-01-11,69.05,69.3,68.1,68.6,68.66327432826925,607349.0,2101.0,41702571.0,158484.0,26.09,1.2,-0.45,1547164800.0
2019-01-10,70.75,70.75,68.7,68.85,69.43091066313211,599036.0,2261.0,41591615.0,187402.0,31.28,2.05,-1.9,1547078400.0
2019-01-09,72.0,72.0,69.8,70.3,70.6602893938864,800708.0,2677.0,56578259.0,223721.0,27.94,2.2,-1.7,1546992000.0
2019-01-08,71.8,72.1,71.1,71.35,71.45224186369309,749265.0,2705.0,53536664.0,250234.0,33.4,1.0,-0.45,1546905600.0
2019-01-07,72.5,72.95,71.8,72.25,72.42528422849409,1051003.0,3992.0,76119191.0,422284.0,40.18,1.15,-0.25,1546819200.0
2019-01-04,70.8,71.85,70.1,71.35,70.88835785837651,1447500.0,3910.0,102610898.0,323631.0,22.36,1.75,0.55,1546560000.0
2019-01-03,73.2,73.2,70.65,70.9,71.8300432052406,700378.0,2272.0,50308182.0,99797.0,14.25,2.55,-2.3,1546473600.0
2019-01-02,73.7,74.75,72.4,72.85,73.51963621918999,1054811.0,2704.0,77549321.0,162260.0,15.38,2.35,-0.85,1546387200.0
2019-01-01,73.85,73.95,72.9,73.7,73.49433843636703,823889.0,2303.0,60551177.0,131647.0,15.98,1.05,-0.15,1546300800.0
2018-12-31,72.1,73.55,72.1,73.0,73.02276292711346,810177.0,2589.0,59161363.0,167643.0,20.69,1.45,0.9,1546214400.0
2018-12-28,70.2,72.25,70.2,72.05,71.79632368292093,1144787.0,3179.0,82191498.0,273868.0,23.92,2.05,1.85,1545955200.0
2018-12-27,72.2,72.4,69.5,69.9,71.13019467508454,1137896.0,3610.0,80938764.0,258833.0,22.75,2.9,-2.3,1545868800.0
2018-12-26,70.95,71.75,69.35,71.5,70.72284322507025,896489.0,3328.0,63402251.0,152592.0,17.02,2.4,0.55,1545782400.0
2018-12-24,69.8,72.85,69.5,71.15,71.37049008100577,1591492.0,5258.0,113585564.0,391404.0,24.59,3.35,1.35,1545609600.0
2018-12-21,71.95,71.95,69.45,69.8,70.3832008493045,1213228.0,4656.0,85390870.0,367378.0,30.28,2.5,-2.15,1545350400.0
2018-12-20,70.1,70.95,69.4,70.5,70.3738257470781,627846.0,2360.0,44183925.0,150751.0,24.01,1.55,0.4,1545264000.0
2018-12-19,70.5,71.0,69.5,70.0,70.23822922114113,814602.0,3185.0,57216202.0,169094.0,20.76,1.5,-0.5,1545177600.0
2018-12-18,67.9,70.15,67.3,69.85,69.49608561828008,1310935.0,4118.0,91104851.0,257393.0,19.63,2.85,1.95,1545091200.0
2018-12-17,67.0,68.45,66.5,67.7,67.49961941156369,643740.0,2168.0,43452205.0,140509.0,21.83,1.95,0.7,1545004800.0
2018-12-14,66.7,67.85,65.9,66.5,66.94599654705885,658569.0,2002.0,44088558.0,170311.0,25.86,1.95,-0.2,1544745600.0
2018-12-13,66.9,67.7,66.35,66.85,67.0721474324485,706276.0,2459.0,47371448.0,192751.0,27.29,1.35,-0.05,1544659200.0
2018-12-12,65.45,66.95,64.6,66.35,65.76685013053094,902085.0,3284.0,59327289.0,189834.0,21.04,2.35,0.9,1544572800.0
2018-12-11,62.0,65.5,61.55,64.65,63.60901802852949,1541002.0,4766.0,98021624.0,188809.0,12.25,3.95,2.65,1544486400.0
2018-12-10,65.85,65.85,62.75,63.05,63.81110900603881,1050373.0,3947.0,67025466.0,314357.0,29.93,3.1,-2.8,1544400000.0
2018-12-07,66.1,66.75,64.4,66.0,65.70876748898418,1388231.0,4035.0,91218948.0,198947.0,14.33,2.35,-0.1,1544140800.0
2018-12-06,66.4,66.6,65.1,65.75,65.68929471889567,970138.0,3559.0,63727681.0,192984.0,19.89,1.5,-0.65,1544054400.0
2018-12-05,69.95,70.2,66.0,66.4,67.60808131183985,1086779.0,3511.0,73475043.0,363432.0,33.44,4.2,-3.55,1543968000.0
2018-12-04,70.8,71.35,69.7,70.45,70.53818447545495,539172.0,1793.0,38032214.0,103517.0,19.2,1.65,-0.35,1543881600.0
2018-12-03,68.5,71.3,67.45,70.8,69.92083973696586,1715823.0,4713.0,119971785.0,436856.0,25.46,3.85,2.3,1543795200.0
2018-11-30,68.4,70.2,66.35,68.8,68.01901341557495,1143298.0,4408.0,77766002.0,168383.0,14.73,3.85,0.4,1543536000.0
2018-11-29,67.05,68.75,65.95,68.05,67.39155712622622,578097.0,1960.0,38958857.0,218102.0,37.73,2.8,1.0,1543449600.0
2018-11-28,67.0,67.25,66.2,66.7,66.6613174076856,327522.0,1242.0,21833048.0,90792.0,27.72,1.05,-0.3,1543363200.0
2018-11-27,66.85,67.95,66.35,66.85,67.11097611117964,486420.0,1895.0,32644121.0,123360.0,25.36,1.6,0.0,1543276800.0
2018-11-26,66.6,67.1,65.7,66.85,66.59232364638201,613781.0,2371.0,40873103.0,145999.0,23.79,1.4,0.25,1543190400.0
2018-11-22,66.55,67.3,65.9,66.1,66.56017151891923,604015.0,2104.0,40203342.0,139691.0,23.13,1.4,-0.45,1542844800.0
2018-11-21,67.8,67.8,66.1,66.6,66.64419156832648,590891.0,1919.0,39379453.0,168273.0,28.48,1.7,-1.2,1542758400.0
2018-11-20,68.0,68.0,67.0,67.3,67.47476128031326,433144.0,1426.0,29226288.0,107335.0,24.78,1.0,-0.7,1542672000.0
2018-11-19,66.9,68.15,66.8,67.7,67.59798548490488,581877.0,2305.0,39333713.0,196311.0,33.74,1.35,0.8,1542585600.0
2018-11-16,67.25,67.25,65.8,66.65,66.40112118185225,704792.0,2813.0,46798979.0,131019.0,18.59,1.45,-0.6,1542326400.0
2018-11-15,66.2,67.7,65.25,66.8,66.57517509160984,1181096.0,4737.0,78631673.0,171078.0,14.48,2.45,0.6,1542240000.0
2018-11-14,68.9,69.2,66.0,66.2,66.84585876598533,1613903.0,12149.0,107882732.0,637600.0,39.51,3.2,-2.7,1542153600.0
2018-11-13,69.0,69.4,67.9,68.7,68.67344761411319,586742.0,1945.0,40293596.0,153250.0,26.12,1.5,-0.3,1542067200.0
2018-11-12,70.1,70.45,68.55,68.9,69.49801025297778,657370.0,1928.0,45685907.0,174704.0,26.58,1.9,-1.2,1541980800.0
2018-11-09,69.8,70.3,69.25,69.9,69.8102821129746,509973.0,1834.0,35601359.0,120490.0,23.63,1.05,0.1,1541721600.0
2018-11-07,69.9,70.0,69.5,69.8,69.79880372018175,169024.0,1013.0,11797673.0,111539.0,65.99,0.5,-0.1,1541548800.0
2018-11-06,70.25,71.05,69.05,69.3,69.79629434993468,732611.0,2109.0,51133533.0,205425.0,28.04,2.0,-0.95,1541462400.0
2018-11-05,71.25,71.45,69.3,70.0,70.09972742133952,1627787.0,4254.0,114107425.0,467703.0,28.73,2.15,-1.25,1541376000.0
2018-11-02,70.9,73.9,70.9,73.05,72.73755881810212,2427824.0,7213.0,176593991.0,944479.0,38.9,3.0,2.15,1541116800.0
2018-11-01,68.85,70.85,68.85,70.35,70.33217012689644,1508474.0,4447.0,106094250.0,455988.0,30.23,2.0,1.5,1541030400.0
2018-10-31,69.55,69.55,67.7,68.85,68.45451060611869,1434785.0,7094.0,98217505.0,457217.0,31.87,1.85,-0.7,1540944000.0
2018-10-30,68.35,69.95,68.0,69.05,68.97123028375105,1571166.0,6350.0,108365252.0,575517.0,36.63,1.95,0.7,1540857600.0
2018-10-29,68.45,68.45,66.6,68.0,67.63632226363285,1439244.0,7165.0,97345171.0,507348.0,35.25,1.85,-0.45,1540771200.0
2018-10-26,71.4,71.45,67.25,67.4,68.48864088107571,2246345.0,10906.0,153849116.0,669990.0,29.83,4.2,-4.0,1540512000.0
2018-10-25,74.95,76.5,69.5,70.35,72.38172408936163,3130963.0,11245.0,226624500.0,622437.0,19.88,7.0,-4.6,1540425600.0
2018-10-24,75.2,76.35,73.9,75.95,75.11552245482353,567829.0,2075.0,42652772.0,117973.0,20.78,2.45,0.75,1540339200.0
2018-10-23,74.6,76.0,73.1,74.05,74.60154302521114,793895.0,2947.0,59225792.0,101870.0,12.83,2.9,-0.55,1540252800.0
2018-10-22,74.5,75.15,72.65,73.75,73.92133639738378,384676.0,1285.0,28435764.0,32327.0,8.4,2.5,-0.75,1540166400.0
2018-10-19,73.8,75.1,72.6,73.5,73.84688389494987,372051.0,1235.0,27474807.0,33088.0,8.89,2.5,-0.3,1539907200.0
2018-10-17,76.9,77.55,73.05,73.9,75.58465813834826,548760.0,1760.0,41477837.0,70683.0,12.88,4.5,-3.0,1539734400.0
2018-10-16,76.2,76.6,75.75,76.2,76.14242893915703,292918.0,1598.0,22303488.0,52324.0,17.86,0.85,0.0,1539648000.0
2018-10-15,75.4,76.7,74.0,75.8,75.37630179953945,422108.0,1567.0,31816940.0,50498.0,11.96,2.7,0.4,1539561600.0
2018-10-12,73.95,76.4,73.6,74.9,75.33800544776555,549216.0,2236.0,41376838.0,84434.0,15.37,2.8,0.95,1539302400.0
2018-10-11,72.0,74.8,71.2,73.2,73.11477209768802,494554.0,1865.0,36159203.0,54109.0,10.94,3.6,1.2,1539216000.0
2018-10-10,71.25,74.5,70.65,73.95,73.00475737830584,652250.0,2635.0,47617353.0,119006.0,18.25,3.85,2.7,1539129600.0
2018-10-09,70.3,71.5,68.1,70.1,69.92276904770237,714325.0,3642.0,49947582.0,122151.0,17.1,3.4,-0.2,1539043200.0
2018-10-08,70.0,71.0,68.0,69.45,69.44850443667187,692749.0,3145.0,48110382.0,136104.0,19.65,3.0,-0.55,1538956800.0
2018-10-05,72.95,74.0,69.85,70.6,72.31800897958152,634328.0,2787.0,45873338.0,110081.0,17.35,4.15,-2.35,1538697600.0
2018-10-04,73.4,74.9,72.1,73.45,73.58892364328705,632374.0,2986.0,46535722.0,100894.0,15.95,2.8,0.05,1538611200.0
2018-10-03,71.65,76.3,70.65,73.35,73.99693611198093,1587199.0,11899.0,117447863.0,212635.0,13.4,5.65,1.7,1538524800.0
2018-10-01,68.85,71.35,66.35,71.05,68.95363092501208,780779.0,2586.0,53837547.0,150846.0,19.32,5.0,2.2,1538352000.0
2018-09-28,71.1,71.4,67.9,68.4,69.05445024956849,685984.0,2586.0,47370248.0,168417.0,24.55,3.5,-2.7,1538092800.0
2018-09-27,72.5,73.05,70.05,70.95,71.36163461848513,465185.0,1903.0,33196362.0,85647.0,18.41,3.0,-1.55,1538006400.0
2018-09-26,72.0,72.85,71.8,72.1,72.21114246202009,394814.0,2288.0,28509970.0,113156.0,28.66,1.05,0.1,1537920000.0
2018-09-25,70.95,72.75,69.45,71.55,71.12492680872337,584086.0,3460.0,41543074.0,113922.0,19.5,3.3,0.6,1537833600.0
2018-09-24,72.1,72.75,69.5,70.35,70.55656811996089,565451.0,2273.0,39896282.0,109516.0,19.37,3.25,-1.75,1537747200.0
2018-09-21,76.05,76.5,67.7,71.5,72.49462521373503,1221723.0,4138.0,88568351.0,224471.0,18.37,8.8,-4.55,1537488000.0
2018-09-19,75.0,75.3,74.0,74.6,74.64793888905528,701151.0,2098.0,52339477.0,105564.0,15.06,1.3,-0.4,1537315200.0
2018-09-18,76.0,76.7,72.85,73.7,74.39911970941428,890615.0,3083.0,66260972.0,279832.0,31.42,3.85,-2.3,1537228800.0
2018-09-17,76.95,76.95,75.75,76.1,76.24418565415081,474172.0,1841.0,36152858.0,97582.0,20.58,1.2,-0.85,1537142400.0
2018-09-14,75.85,78.0,75.65,77.0,76.85096812195415,1191792.0,3109.0,91590369.0,137024.0,11.5,2.35,1.15,1536883200.0
2018-09-12,77.1,77.6,75.05,75.3,76.33481943541554,942959.0,3164.0,71980605.0,209067.0,22.17,2.55,-1.8,1536710400.0
2018-09-11,77.6,78.45,76.2,77.0,77.32629402700893,771004.0,3148.0,59618882.0,107652.0,13.96,2.25,-0.6,1536624000.0
2018-09-10,79.0,79.95,77.55,77.95,78.51977773068056,754940.0,3123.0,59277721.0,146091.0,19.35,2.4,-1.05,1536537600.0
2018-09-07,81.6,83.25,78.3,79.2,81.05147336448283,1186536.0,4131.0,96170491.0,190720.0,16.07,4.95,-2.4,1536278400.0
2018-09-06,80.0,82.2,78.75,81.3,80.73204202462719,1226043.0,4238.0,98980955.0,200413.0,16.35,3.45,1.3,1536192000.0
2018-09-05,78.6,79.7,75.5,78.6,77.72240042611776,1781667.0,5776.0,138475436.0,100655.0,5.65,4.2,0.0,1536105600.0
2018-09-04,81.55,81.9,77.4,78.6,79.31622481112659,579224.0,3146.0,45941861.0,147859.0,25.53,4.5,-2.95,1536019200.0
2018-09-03,81.3,82.85,80.95,81.5,81.84471682514338,916854.0,3103.0,75039656.0,160941.0,17.55,1.9,0.2,1535932800.0
2018-08-31,80.9,82.15,79.2,80.6,80.59406341486158,815014.0,3012.0,65685290.0,83863.0,10.29,2.95,-0.3,1535673600.0
2018-08-30,80.75,81.9,80.05,80.7,80.90758942770921,644515.0,2968.0,52146155.0,116799.0,18.12,1.85,-0.05,1535587200.0
2018-08-29,78.0,82.65,77.3,80.65,80.86995235703715,1694479.0,7952.0,137032436.0,350620.0,20.69,5.35,2.65,1535500800.0
2018-08-28,79.85,80.8,76.6,77.7,78.58844092009005,924866.0,4787.0,72683777.0,183371.0,19.83,4.2,-2.15,1535414400.0
2018-08-27,81.0,81.3,79.1,79.85,80.09023526585199,1336063.0,5502.0,107005600.0,281542.0,21.07,2.2,-1.15,1535328000.0
2018-08-24,74.0,80.7,73.2,80.15,78.3732724979826,2536683.0,10315.0,198808148.0,551060.0,21.72,7.5,6.15,1535068800.0
2018-08-23,75.5,75.9,73.35,73.8,74.16856532519316,326283.0,1259.0,24199942.0,93376.0,28.62,2.55,-1.7,1534982400.0
2018-08-21,75.05,76.4,75.05,75.5,75.66031733971559,394845.0,1716.0,29874098.0,127219.0,32.22,1.35,0.45,1534809600.0
2018-08-20,74.1,75.4,74.1,74.9,74.88607511205423,377942.0,1646.0,28302593.0,111328.0,29.46,1.3,0.8,1534723200.0
2018-08-17,72.5,74.55,72.5,73.85,73.58928220524696,402023.0,1445.0,29584584.0,97530.0,24.26,2.05,1.35,1534464000.0
2018-08-16,72.5,73.7,71.8,72.4,72.74109226232903,399849.0,1667.0,29085453.0,124700.0,31.19,1.9,-0.1,1534377600.0
2018-08-14,73.0,73.1,72.0,72.3,72.50359158760924,235272.0,963.0,17058065.0,80516.0,34.22,1.1,-0.7,1534204800.0
2018-08-13,73.0,73.75,72.15,72.55,72.87263176715022,324398.0,1235.0,23639736.0,75909.0,23.4,1.6,-0.45,1534118400.0
2018-08-10,74.6,74.8,72.6,73.05,73.38623579519134,377777.0,1409.0,27723632.0,97237.0,25.74,2.2,-1.55,1533859200.0
2018-08-09,73.4,75.05,73.3,74.45,74.36240721037417,405083.0,1532.0,30122947.0,123524.0,30.49,1.75,1.05,1533772800.0
2018-08-08,73.7,74.25,72.9,73.4,73.49230479929011,340342.0,1354.0,25012518.0,73955.0,21.73,1.35,-0.3,1533686400.0
2018-08-07,75.05,75.4,72.9,73.45,73.89484319029773,483516.0,1817.0,35729339.0,107883.0,22.31,2.5,-1.6,1533600000.0
2018-08-06,74.0,75.65,74.0,75.05,75.09671584150432,917678.0,2927.0,68914604.0,308413.0,33.61,1.65,1.05,1533513600.0
2018-08-03,74.2,74.6,73.7,73.9,74.09780831826401,483875.0,1801.0,35854077.0,128845.0,26.63,0.9,-0.3,1533254400.0
2018-08-02,73.5,74.65,72.85,73.6,73.65297404772821,660867.0,2525.0,48674820.0,125616.0,19.01,1.8,0.1,1533168000.0
2018-08-01,74.15,74.7,72.85,73.35,73.63906088968642,712206.0,2387.0,52446181.0,176801.0,24.82,1.85,-0.8,1533081600.0
2018-07-31,73.8,74.55,72.6,73.95,73.72064072316853,925704.0,3740.0,68243492.0,187626.0,20.27,1.95,0.15,1532995200.0
2018-07-30,71.35,73.5,71.3,73.1,72.64507520597952,1049983.0,4255.0,76276094.0,222567.0,21.2,2.2,1.75,1532908800.0
2018-07-27,71.0,72.15,70.6,71.15,71.37068078339657,634519.0,2681.0,45286053.0,129303.0,20.38,1.55,0.15,1532649600.0
2018-07-26,72.05,72.5,70.55,70.9,71.52858795289778,1069419.0,4818.0,76494031.0,227187.0,21.24,1.95,-1.15,1532563200.0
2018-07-25,73.9,78.3,70.9,71.6,74.40738684367743,4526128.0,17533.0,336777357.0,601388.0,13.29,7.4,-2.3,1532476800.0
2018-07-24,69.95,73.6,69.4,73.3,72.2700025992817,1242651.0,6018.0,89806391.0,352445.0,28.36,4.2,3.35,1532390400.0
2018-07-23,67.95,69.85,67.1,69.4,68.7676863811466,419235.0,1932.0,28829821.0,99646.0,23.77,2.75,1.45,1532304000.0
2018-07-20,66.5,68.15,66.0,67.55,67.04023769672325,356084.0,1854.0,23871956.0,90424.0,25.39,2.15,1.05,1532044800.0
2018-07-19,66.55,67.75,65.5,66.35,66.55792065359982,414688.0,1761.0,27600771.0,95928.0,23.13,2.25,-0.2,1531958400.0
2018-07-18,68.05,68.55,65.3,66.5,66.3962606970376,466718.0,2033.0,30988330.0,96959.0,20.77,3.25,-1.55,1531872000.0
2018-07-17,65.5,68.3,64.5,68.05,67.22565618967374,750088.0,3468.0,50425158.0,187805.0,25.04,3.8,2.55,1531785600.0
2018-07-16,67.2,67.35,64.6,64.8,65.46123899992823,863858.0,3069.0,56549215.0,446353.0,51.67,2.75,-2.4,1531699200.0
2018-07-13,69.95,69.95,66.95,67.15,67.78695094841714,677919.0,3236.0,45954062.0,256512.0,37.84,3.0,-2.8,1531440000.0
2018-07-12,71.0,71.75,68.8,69.3,69.90000948388008,558843.0,3505.0,39063131.0,185380.0,33.17,2.95,-1.7,1531353600.0
2018-07-11,71.1,72.45,70.3,70.8,71.19352763002726,408722.0,2398.0,29098361.0,81362.0,19.91,2.15,-0.3,1531267200.0
2018-07-10,70.95,71.9,70.3,71.4,71.29169749917672,516230.0,2283.0,36802913.0,108354.0,20.99,1.6,0.45,1531180800.0
2018-07-09,70.75,71.25,69.7,70.1,70.56193843486916,349581.0,1721.0,24667113.0,105914.0,30.3,1.55,-0.65,1531094400.0
2018-07-06,67.6,71.2,67.6,70.25,69.89083725357105,805861.0,3304.0,56322300.0,178911.0,22.2,3.6,2.65,1530835200.0
2018-07-05,69.3,69.3,67.75,67.9,68.25307066843529,563151.0,2464.0,38436785.0,192750.0,34.23,1.55,-1.4,1530748800.0
2018-07-04,70.0,70.4,68.7,69.25,69.47064497637193,544268.0,2315.0,37810649.0,128230.0,23.56,1.7,-0.75,1530662400.0
2018-07-03,71.05,71.05,69.6,70.05,70.16409038752116,440105.0,2506.0,30879567.0,145402.0,33.04,1.45,-1.0,1530576000.0
2018-07-02,71.75,72.5,70.3,71.35,71.06721840253462,384121.0,1682.0,27298411.0,63206.0,16.45,2.2,-0.4,1530489600.0
2018-06-29,71.2,72.4,70.7,71.75,71.52109755449919,809691.0,4821.0,57909989.0,255167.0,31.51,1.7,0.55,1530230400.0
2018-06-28,71.85,71.95,69.45,69.9,70.57318021694711,551563.0,2593.0,38925555.0,177018.0,32.09,2.5,-1.95,1530144000.0
2018-06-27,73.3,73.7,70.55,71.05,71.60423911668931,506096.0,2601.0,36238619.0,142135.0,28.08,3.15,-2.25,1530057600.0
2018-06-26,73.0,73.85,72.7,73.3,73.39595027753892,383730.0,1922.0,28164228.0,111251.0,28.99,1.15,0.3,1529971200.0
2018-06-25,74.7,75.35,73.05,73.35,73.91758216501955,348080.0,1838.0,25729232.0,125333.0,36.01,2.3,-1.35,1529884800.0
2018-06-22,75.0,75.4,74.3,75.0,74.94000848873915,301576.0,2019.0,22600108.0,72777.0,24.13,1.1,0.0,1529625600.0
2018-06-21,76.0,76.5,74.95,75.25,75.78156730917114,637194.0,3241.0,48287560.0,143522.0,22.52,1.55,-0.75,1529539200.0
2018-06-20,74.5,75.5,74.2,74.9,74.80019564927397,404806.0,3030.0,30279568.0,127916.0,31.6,1.3,0.4,1529452800.0
2018-06-19,76.1,76.4,74.1,74.4,75.0994813810083,438665.0,3757.0,32943514.0,129911.0,29.62,2.3,-1.7,1529366400.0
2018-06-18,75.3,76.5,73.9,75.95,75.13968219736702,510065.0,3641.0,38326122.0,115684.0,22.68,2.6,0.65,1529280000.0
2018-06-15,76.1,76.7,74.6,75.2,75.53505455400366,467885.0,4474.0,35341719.0,151407.0,32.36,2.1,-0.9,1529020800.0
2018-06-14,78.7,78.7,75.75,76.1,76.42555056077738,440460.0,3136.0,33662398.0,156361.0,35.5,2.95,-2.6,1528934400.0
2018-06-13,78.6,79.5,78.0,78.2,78.67064912509579,490568.0,3726.0,38593303.0,151050.0,30.79,1.5,-0.4,1528848000.0
2018-06-12,78.35,78.55,76.55,78.3,77.65208301591312,518503.0,2779.0,40262838.0,134763.0,25.99,2.0,-0.05,1528761600.0
2018-06-11,77.6,79.0,77.2,77.5,78.03020301860437,412376.0,3078.0,32177783.0,120431.0,29.2,1.8,-0.1,1528675200.0
2018-06-08,76.05,77.75,75.3,77.35,76.83472141196549,459388.0,2490.0,35296949.0,97246.0,21.17,2.45,1.3,1528416000.0
2018-06-07,74.5,76.6,74.5,76.35,76.01082432285071,596065.0,2608.0,45307392.0,163344.0,27.4,2.1,1.85,1528329600.0
2018-06-06,73.9,75.0,72.95,74.45,74.01618390317006,716638.0,3787.0,53042810.0,138381.0,19.31,2.05,0.55,1528243200.0
2018-06-05,75.2,75.45,72.65,73.2,73.67106815794872,1140674.0,6623.0,84034672.0,358553.0,31.43,2.8,-2.0,1528156800.0
2018-06-04,80.25,80.9,74.9,75.2,77.24988631752925,939019.0,4686.0,72539111.0,257780.0,27.45,6.0,-5.05,1528070400.0
2018-06-01,83.9,84.0,80.05,80.35,81.56024390078748,590732.0,2601.0,48180246.0,151154.0,25.59,3.95,-3.55,1527811200.0
2018-05-31,83.5,84.35,82.65,83.35,83.52223721618495,798099.0,3374.0,66659014.0,149184.0,18.69,1.7,-0.15,1527724800.0
2018-05-30,82.0,86.0,80.35,82.95,84.0939392996258,2088455.0,10876.0,175626408.0,297990.0,14.27,5.65,0.95,1527638400.0
2018-05-29,79.95,86.8,79.55,83.6,84.06116175432454,5153482.0,21280.0,433207684.0,453704.0,8.8,7.25,3.65,1527552000.0
2018-05-28,75.6,79.5,75.55,79.2,77.94102369543563,623369.0,2822.0,48586018.0,181466.0,29.11,3.95,3.6,1527465600.0
2018-05-25,75.1,75.6,74.55,75.0,75.01036911257097,1149568.0,1525.0,86229520.0,922458.0,80.24,1.05,-0.1,1527206400.0
2018-05-24,75.5,75.9,73.95,74.85,74.7072747039777,338488.0,1868.0,25287516.0,108521.0,32.06,1.95,-0.65,1527120000.0
2018-05-23,76.5,76.6,75.15,75.4,75.86484219819025,203895.0,1335.0,15468462.0,86350.0,42.35,1.45,-1.1,1527033600.0
2018-05-22,74.65,76.65,74.65,76.2,75.89463641642931,253133.0,1850.0,19211437.0,92494.0,36.54,2.0,1.55,1526947200.0
2018-05-21,76.1,76.85,74.85,75.2,75.44248816361316,319143.0,1752.0,24076942.0,107202.0,33.59,2.0,-0.9,1526860800.0
2018-05-18,79.75,79.75,76.1,76.55,78.35410801734994,714700.0,1959.0,55999681.0,475961.0,66.6,3.65,-3.2,1526601600.0
2018-05-17,79.7,80.95,79.05,79.45,80.05818108673895,402691.0,2244.0,32238709.0,141111.0,35.04,1.9,-0.25,1526515200.0
2018-05-16,77.95,79.8,76.8,79.4,78.37215929154627,325667.0,1914.0,25523226.0,59680.0,18.33,3.0,1.45,1526428800.0
2018-05-15,78.5,81.4,77.85,78.3,79.6305684584393,662212.0,4574.0,52732318.0,188826.0,28.51,3.55,-0.2,1526342400.0
2018-05-14,80.75,81.3,77.5,77.75,78.87766825351234,490911.0,5552.0,38721915.0,279926.0,57.02,3.8,-3.0,1526256000.0
2018-05-11,80.55,82.2,80.5,80.75,81.16525137508444,331616.0,1712.0,26915696.0,104442.0,31.49,1.7,0.2,1525996800.0
2018-05-10,83.4,84.25,80.1,80.5,81.91879378626064,681007.0,2890.0,55787272.0,242101.0,35.55,4.15,-2.9,1525910400.0
2018-05-09,83.6,84.55,83.35,83.7,83.87163398551273,184714.0,1090.0,15492265.0,56794.0,30.75,1.2,0.1,1525824000.0
2018-05-08,84.4,84.8,82.7,83.25,83.58582367463073,358485.0,1658.0,29964264.0,102796.0,28.68,2.1,-1.15,1525737600.0
2018-05-07,84.2,84.95,83.4,84.35,84.33407324849662,322109.0,1386.0,27164764.0,103799.0,32.22,1.55,0.15,1525651200.0
2018-05-04,85.05,85.8,84.0,84.4,84.80313484708758,332903.0,1564.0,28231218.0,111797.0,33.58,1.8,-0.65,1525392000.0
2018-05-03,87.2,88.05,85.0,85.7,86.41380644100741,206831.0,1280.0,17873054.0,75194.0,36.36,3.05,-1.5,1525305600.0
2018-05-02,89.0,89.55,87.25,87.55,88.43969024409891,297912.0,1561.0,26347245.0,67084.0,22.52,2.3,-1.45,1525219200.0
2018-04-30,86.05,88.5,86.05,87.75,87.8197501935899,198874.0,1212.0,17465065.0,53893.0,27.1,2.45,1.7,1525046400.0
2018-04-27,86.0,87.2,86.0,86.65,86.70989132743804,240079.0,971.0,20817224.0,63069.0,26.27,1.2,0.65,1524787200.0
2018-04-26,85.0,87.15,84.55,86.5,86.09537743116306,334922.0,1562.0,28835236.0,75427.0,22.52,2.6,1.5,1524700800.0
2018-04-25,89.05,89.05,85.1,85.9,86.81340642052996,284774.0,1413.0,24722201.0,110756.0,38.89,3.95,-3.15,1524614400.0
2018-04-24,89.0,90.05,88.0,88.2,89.14392570101805,279950.0,1380.0,24955842.0,86452.0,30.88,2.05,-0.8,1524528000.0
2018-04-23,90.4,90.4,89.0,89.15,89.68640259774907,262381.0,1395.0,23532008.0,75326.0,28.71,1.4,-1.25,1524441600.0
2018-04-20,88.3,90.05,88.0,89.1,89.2089825755807,398349.0,1776.0,35536309.0,93456.0,23.46,2.05,0.8,1524182400.0
2018-04-19,88.0,88.9,87.1,88.25,87.90766123489975,261916.0,1050.0,23024423.0,56645.0,21.63,1.8,0.25,1524096000.0
2018-04-18,88.9,88.9,87.35,87.65,88.08868333725275,191355.0,931.0,16856210.0,48709.0,25.45,1.55,-1.25,1524009600.0
2018-04-17,88.65,90.0,87.6,87.95,88.28029191900076,253632.0,1134.0,22390707.0,83364.0,32.87,2.4,-0.7,1523923200.0
2018-04-16,88.25,88.95,86.95,88.55,87.9426524816683,212337.0,1040.0,18673479.0,58797.0,27.69,2.0,0.3,1523836800.0
2018-04-13,89.25,89.75,87.9,88.15,88.77698179927197,240375.0,1138.0,21339767.0,54134.0,22.52,1.85,-1.1,1523577600.0
2018-04-12,90.0,91.1,88.8,89.1,89.80799358225521,412606.0,1800.0,37055317.0,127480.0,30.9,2.3,-0.9,1523491200.0
2018-04-11,88.65,90.65,88.4,90.35,89.8256263703277,493039.0,3058.0,44287537.0,145578.0,29.53,2.25,1.7,1523404800.0
2018-04-10,88.45,89.15,87.75,88.65,88.44085187634012,323662.0,1585.0,28624943.0,87172.0,26.93,1.4,0.2,1523318400.0
2018-04-09,87.4,89.3,87.35,88.45,88.42441052276102,381991.0,2075.0,33777329.0,116764.0,30.57,1.95,1.05,1523232000.0
2018-04-06,87.55,87.75,86.25,87.4,87.01370830103676,274797.0,1211.0,23911106.0,50078.0,18.22,1.5,-0.15,1522972800.0
2018-04-05,86.0,87.65,86.0,87.05,86.91873330534139,447748.0,2667.0,38917689.0,129913.0,29.01,1.65,1.05,1522886400.0
2018-04-04,85.55,87.35,84.55,85.0,85.93265879819111,605454.0,3013.0,52028272.0,145952.0,24.11,2.8,-0.55,1522800000.0
2018-04-03,82.45,85.8,82.3,85.45,84.21775483582721,501362.0,2540.0,42223582.0,108273.0,21.6,3.5,3.0,1522713600.0
2018-04-02,81.65,82.8,81.65,82.55,82.19517197008281,373030.0,2149.0,30661265.0,112721.0,30.22,1.15,0.9,1522627200.0
2018-03-28,82.0,83.0,81.0,81.4,81.95681765809658,364524.0,2110.0,29875227.0,144314.0,39.59,2.0,-0.6,1522195200.0
2018-03-27,82.5,83.3,81.8,82.75,82.72264323263515,367898.0,2078.0,30433495.0,139448.0,37.9,1.5,0.25,1522108800.0
2018-03-26,81.65,84.55,80.65,82.4,81.88728196455526,572384.0,1984.0,46870970.0,234716.0,41.01,3.9,0.75,1522022400.0
2018-03-23,80.9,81.95,79.5,81.35,80.88249487311465,615871.0,2998.0,49813183.0,149284.0,24.24,2.45,0.45,1521763200.0
2018-03-22,83.5,83.55,81.4,81.6,82.15674645770717,484432.0,2764.0,39799357.0,184072.0,38.0,2.15,-1.9,1521676800.0
2018-03-21,84.1,84.8,82.9,83.35,83.73712965320068,561737.0,2780.0,47038244.0,226401.0,40.3,1.9,-0.75,1521590400.0
2018-03-20,83.75,84.6,83.05,84.05,84.08776757386683,358686.0,1819.0,30161105.0,106051.0,29.57,1.55,0.3,1521504000.0
2018-03-19,86.65,86.85,83.5,83.75,84.55023457077428,592998.0,4424.0,50138120.0,204681.0,34.52,3.35,-2.9,1521417600.0
2018-03-16,87.5,88.5,85.45,86.25,86.62427001016691,1237346.0,3695.0,107184194.0,486701.0,39.33,3.05,-1.25,1521158400.0
2018-03-15,86.0,87.75,86.0,86.95,86.9996103033491,520918.0,1709.0,45319663.0,213608.0,41.01,1.75,0.95,1521072000.0
2018-03-14,86.5,87.75,85.65,86.5,86.65138584336742,646213.0,2210.0,55995252.0,147047.0,22.76,2.1,0.0,1520985600.0
2018-03-13,86.9,87.8,86.3,86.8,86.96219812215445,571506.0,2890.0,49699418.0,161344.0,28.23,1.5,-0.1,1520899200.0
2018-03-12,87.0,87.0,85.1,86.9,86.29198211755079,684470.0,2776.0,59064273.0,184987.0,27.03,1.9,-0.1,1520812800.0
2018-03-09,86.15,88.45,85.3,86.25,86.880092098768,869067.0,3744.0,75504621.0,202072.0,23.25,3.15,0.1,1520553600.0
2018-03-08,85.8,86.6,83.8,86.0,85.4261225574283,1114041.0,3890.0,95168203.0,411560.0,36.94,2.8,0.2,1520467200.0
2018-03-07,88.25,89.15,85.15,85.45,86.86889551940378,840223.0,3995.0,72989244.0,224945.0,26.77,4.0,-2.8,1520380800.0
2018-03-06,90.2,91.7,87.5,88.2,89.75978057442262,589357.0,6129.0,52900555.0,153957.0,26.12,4.2,-2.0,1520294400.0
2018-03-05,90.5,91.3,89.75,90.25,90.18035008965136,934732.0,4113.0,84294459.0,479066.0,51.25,1.55,-0.25,1520208000.0
2018-03-01,90.05,91.8,90.05,90.7,91.06131328396343,716631.0,3604.0,65257360.0,229690.0,32.05,1.75,0.65,1519862400.0
2018-02-28,90.25,91.5,89.0,90.0,90.24482167555237,845930.0,3273.0,76340802.0,367279.0,43.42,2.5,-0.25,1519776000.0
2018-02-27,93.05,94.0,91.05,91.3,92.37350819087128,448365.0,2267.0,41417048.0,124578.0,27.78,2.95,-1.75,1519689600.0
2018-02-26,92.9,94.4,92.9,93.35,93.62547949375895,459860.0,1902.0,43054613.0,114161.0,24.83,1.5,0.45,1519603200.0
2018-02-23,91.5,93.8,89.15,92.9,92.54003399637152,611830.0,2662.0,56618769.0,221427.0,36.19,4.65,1.4,1519344000.0
2018-02-22,92.25,92.45,91.0,91.25,91.73948229524572,598681.0,2747.0,54922685.0,138069.0,23.06,1.45,-1.0,1519257600.0
2018-02-21,93.55,93.9,90.9,91.65,92.25751864377304,552061.0,2669.0,50931778.0,134323.0,24.33,3.0,-1.9,1519171200.0
2018-02-20,93.5,94.55,92.75,93.15,93.56331103368991,399259.0,1768.0,37355994.0,84185.0,21.09,1.8,-0.35,1519084800.0
2018-02-19,94.5,95.4,92.4,93.3,93.37438523092344,574606.0,2044.0,53653482.0,87223.0,15.18,3.0,-1.2,1518998400.0
2018-02-16,95.55,96.35,93.95,94.3,94.9278314239616,616695.0,2664.0,58541519.0,106024.0,17.19,2.4,-1.25,1518739200.0
2018-02-15,97.65,98.8,94.15,94.7,96.2553748400881,611274.0,2521.0,58838408.0,118962.0,19.46,4.65,-2.95,1518652800.0
2018-02-14,98.8,99.15,97.25,97.6,98.26846524849378,956865.0,3642.0,94029655.0,211401.0,22.09,1.9,-1.2,1518566400.0
2018-02-12,95.0,98.25,95.0,97.6,97.04835966108804,1115806.0,4056.0,108287142.0,211021.0,18.91,3.25,2.6,1518393600.0
2018-02-09,93.0,95.3,92.0,94.6,94.45136041442629,864810.0,4599.0,81682481.0,192592.0,22.27,3.3,1.6,1518134400.0
2018-02-08,96.0,98.65,94.35,95.45,96.55424110496432,2389507.0,10151.0,230717035.0,327335.0,13.7,4.3,-0.55,1518048000.0
2018-02-07,93.9,94.95,93.1,93.95,94.08700416069908,882544.0,3631.0,83035921.0,169956.0,19.26,1.85,0.05,1517961600.0
2018-02-06,90.0,93.3,88.8,92.15,91.32251929984824,1405581.0,5721.0,128361198.0,507825.0,36.13,4.5,2.15,1517875200.0
2018-02-05,92.7,95.4,89.5,94.7,92.79402016430096,979057.0,4938.0,90850635.0,166978.0,17.05,5.9,2.0,1517788800.0
2018-02-02,99.0,99.5,91.7,93.3,94.79809065923143,1509212.0,7061.0,143070416.0,451602.0,29.92,7.8,-5.7,1517529600.0
2018-02-01,101.25,102.2,97.25,100.3,100.34550632770471,1032997.0,4638.0,103656607.0,185989.0,18.0,4.95,-0.95,1517443200.0
2018-01-31,101.1,103.5,99.15,100.25,101.70311978194677,814480.0,3622.0,82835157.0,229130.0,28.13,4.35,-0.85,1517356800.0
2018-01-30,102.0,103.1,100.15,101.6,101.6765123584047,502047.0,2079.0,51046388.0,96411.0,19.2,2.95,-0.4,1517270400.0
2018-01-29,103.5,104.15,100.0,101.55,102.21110886640095,653388.0,2895.0,66783512.0,153218.0,23.45,4.15,-1.95,1517184000.0
2018-01-25,104.05,106.45,102.45,103.25,104.66351298915545,1239611.0,4939.0,129742042.0,232988.0,18.8,4.0,-0.8,1516838400.0
2018-01-24,104.0,106.9,102.2,104.2,103.9167793853468,1694484.0,5407.0,176085320.0,266599.0,15.73,4.7,0.2,1516752000.0
2018-01-23,106.7,108.0,103.4,104.4,105.66448175024021,2496663.0,9378.0,263808602.0,719113.0,28.8,4.6,-2.3,1516665600.0
2018-01-22,98.0,105.6,97.55,104.35,102.65554235203217,2728228.0,8949.0,280067725.0,542743.0,19.89,8.05,6.35,1516579200.0
2018-01-19,96.1,98.3,96.1,97.5,97.38696778680064,713248.0,2152.0,69461060.0,143203.0,20.08,2.2,1.4,1516320000.0
2018-01-18,99.9,101.0,96.0,97.25,97.95434461872358,1286442.0,3706.0,126012583.0,196031.0,15.24,5.0,-2.65,1516233600.0
2018-01-17,98.8,100.25,95.7,99.85,98.43898681590856,1241117.0,4252.0,122174300.0,131132.0,10.57,4.55,1.05,1516147200.0
2018-01-16,101.3,102.2,97.75,98.8,99.15000130421335,1073444.0,5086.0,106431974.0,273273.0,25.46,4.45,-2.5,1516060800.0
2018-01-15,102.95,104.05,101.0,101.4,102.45500665765215,581286.0,2781.0,59555661.0,143927.0,24.76,3.05,-1.55,1515974400.0
2018-01-12,104.1,105.5,101.65,102.7,103.51037381951971,1082822.0,4412.0,112083310.0,204942.0,18.93,3.85,-1.4,1515715200.0
2018-01-11,103.1,104.0,102.6,103.25,103.35551214477907,542620.0,2664.0,56082768.0,131203.0,24.18,1.4,0.15,1515628800.0
2018-01-10,101.15,104.9,100.6,103.65,103.2442617232272,1505025.0,6713.0,155385195.0,351338.0,23.34,4.3,2.5,1515542400.0
2018-01-09,102.0,102.45,99.3,101.15,100.93019151285692,1584750.0,3632.0,159949121.0,1103738.0,69.65,3.15,-0.85,1515456000.0
2018-01-08,102.7,104.4,101.5,102.55,102.6447933331472,1683313.0,4295.0,172783315.0,1107056.0,65.77,2.9,-0.15,1515369600.0
2018-01-05,101.5,103.45,101.15,102.45,102.41188685029785,1666783.0,7020.0,170698392.0,475923.0,28.55,2.3,0.95,1515110400.0
2018-01-04,99.1,102.0,98.1,100.75,99.82069280187113,1615267.0,6014.0,161237071.0,489964.0,30.33,3.9,1.65,1515024000.0
2018-01-03,99.0,99.75,97.8,98.25,98.54695180392241,1184225.0,4997.0,116701764.0,343390.0,29.0,1.95,-0.75,1514937600.0
2018-01-02,96.7,98.5,94.3,98.0,96.76143841847812,2486314.0,8732.0,240579319.0,621577.0,25.0,4.2,1.3,1514851200.0
2018-01-01,92.9,96.4,92.7,95.0,94.71890878640112,1532129.0,5596.0,145121587.0,391873.0,25.58,3.7,2.1,1514764800.0
2017-12-29,92.2,93.8,92.2,92.6,92.87583377628219,500434.0,1989.0,46478225.0,158706.0,31.71,1.6,0.4,1514505600.0
2017-12-28,92.75,93.3,91.9,92.2,92.68145970980696,617520.0,2147.0,57232655.0,181503.0,29.39,1.4,-0.55,1514419200.0
2017-12-27,93.05,94.45,92.0,92.6,93.38758014228449,978884.0,3533.0,91415608.0,220088.0,22.48,2.45,-0.45,1514332800.0
2017-12-26,94.8,94.8,92.85,93.05,93.3210160417148,852839.0,3540.0,79587802.0,226410.0,26.55,1.95,-1.75,1514246400.0
2017-12-22,92.0,93.4,91.8,92.2,92.69325721055401,3369644.0,3587.0,312343278.0,2792649.0,82.88,1.6,0.2,1513900800.0
2017-12-21,90.0,92.45,90.0,91.45,90.99585327474331,4411674.0,3855.0,401444040.0,3592120.0,81.42,2.45,1.45,1513814400.0
2017-12-20,90.1,91.15,90.0,90.25,90.48355968627415,455557.0,2005.0,41220419.0,138708.0,30.45,1.15,0.15,1513728000.0
2017-12-19,89.6,90.9,89.6,90.1,90.18540122056616,603982.0,2130.0,54470359.0,232056.0,38.42,1.3,0.5,1513641600.0
2017-12-18,90.5,90.5,86.85,89.3,89.17548491131075,868200.0,3612.0,77422156.0,169150.0,19.48,3.65,-1.2,1513555200.0
2017-12-15,89.9,91.8,89.35,89.9,90.42030371903162,884370.0,3493.0,79965004.0,199599.0,22.57,2.45,0.0,1513296000.0
2017-12-14,89.7,90.3,88.2,89.65,89.47927862898905,531987.0,2047.0,47601813.0,123796.0,23.27,2.1,-0.05,1513209600.0
2017-12-13,91.1,92.0,89.15,89.55,90.68524178399448,653724.0,2554.0,59283119.0,144673.0,22.13,2.85,-1.55,1513123200.0
2017-12-12,91.7,92.5,91.05,91.6,91.89922957123363,362785.0,1579.0,33339662.0,89868.0,24.77,1.45,-0.1,1513036800.0
2017-12-11,92.1,92.65,91.4,91.7,92.04839649646047,350046.0,1889.0,32221173.0,89664.0,25.61,1.25,-0.4,1512950400.0
2017-12-08,92.3,93.9,91.95,92.25,92.82387387439516,864091.0,3097.0,80208274.0,220926.0,25.57,1.95,-0.05,1512691200.0
2017-12-07,91.0,92.0,90.7,91.7,91.4623610451065,591289.0,2109.0,54080688.0,129611.0,21.92,1.3,0.7,1512604800.0
2017-12-06,89.9,92.0,89.65,90.35,90.96440399160582,731936.0,2531.0,66580122.0,93910.0,12.83,2.35,0.45,1512518400.0
2017-12-05,90.0,90.45,88.6,90.05,89.6753157983675,526681.0,2008.0,47230285.0,92092.0,17.49,1.85,0.05,1512432000.0
2017-12-04,91.15,93.0,89.55,90.5,90.57776216359032,522317.0,1895.0,47310305.0,102771.0,19.68,3.45,-0.65,1512345600.0
2017-12-01,92.0,93.2,90.55,90.85,92.03534904585672,847095.0,2611.0,77962684.0,163729.0,19.33,2.65,-1.15,1512086400.0
2017-11-30,93.0,93.4,91.6,91.9,92.96189486823543,4894905.0,2867.0,455039644.0,4136997.0,84.52,1.8,-1.1,1512000000.0
2017-11-29,94.8,94.95,93.0,93.65,93.86620705541661,1215520.0,3731.0,114096252.0,140713.0,11.58,1.95,-1.15,1511913600.0
2017-11-28,92.85,94.5,92.1,94.15,93.48058422338941,977092.0,3826.0,91339131.0,248449.0,25.43,2.4,1.3,1511827200.0
2017-11-27,92.0,92.95,91.1,92.05,92.1295289149028,564484.0,2164.0,52005645.0,170398.0,30.19,1.85,0.05,1511740800.0
2017-11-24,94.3,94.3,92.0,92.3,92.949173809431,1051997.0,4352.0,97782252.0,224364.0,21.33,2.3,-2.0,1511481600.0
2017-11-23,89.1,94.15,88.55,92.85,92.28443240101568,2756321.0,10316.0,254365519.0,519983.0,18.87,5.6,3.75,1511395200.0
2017-11-22,87.5,89.3,85.9,88.75,87.90762235190333,1166451.0,6270.0,102539934.0,375590.0,32.2,3.4,1.25,1511308800.0
2017-11-21,87.7,88.75,87.2,87.5,87.9410082913974,612442.0,5028.0,53858767.0,224987.0,36.74,1.55,-0.2,1511222400.0
2017-11-20,87.8,87.95,86.75,87.25,87.26179556639309,495398.0,3539.0,43229319.0,185293.0,37.4,1.2,-0.55,1511136000.0
2017-11-17,89.9,89.9,87.4,87.75,88.21733555150325,650386.0,3314.0,57375320.0,247655.0,38.08,2.5,-2.15,1510876800.0
2017-11-16,88.0,89.1,86.7,87.75,87.68166710461125,498541.0,2565.0,43712906.0,146574.0,29.4,2.4,-0.25,1510790400.0
2017-11-15,90.0,90.5,87.5,88.25,88.9410564805321,737316.0,2972.0,65577664.0,225419.0,30.57,3.0,-1.75,1510704000.0
2017-11-14,89.55,91.45,88.55,91.0,90.10351827158956,739454.0,3186.0,66627407.0,188163.0,25.45,2.9,1.45,1510617600.0
2017-11-13,92.3,93.0,89.0,89.55,90.42520240287944,639566.0,3098.0,57832885.0,238002.0,37.21,4.0,-2.75,1510531200.0
2017-11-10,92.0,93.2,91.15,92.3,92.2450406292702,630826.0,2857.0,58190570.0,132022.0,20.93,2.05,0.3,1510272000.0
2017-11-09,90.0,92.75,89.9,92.0,91.27391653572744,1080654.0,3887.0,98635523.0,213555.0,19.76,2.85,2.0,1510185600.0
2017-11-08,90.9,92.35,89.6,90.0,90.50166210480837,1754402.0,7907.0,158776297.0,516074.0,29.42,2.75,-0.9,1510099200.0
2017-11-07,99.5,100.7,92.25,93.15,96.62524413510657,4468325.0,15752.0,431752994.0,820558.0,18.36,8.45,-6.35,1510012800.0
2017-11-06,100.45,100.8,98.4,98.9,99.54486654290231,844616.0,3701.0,84077187.0,292984.0,34.69,2.4,-1.55,1509926400.0
2017-11-03,97.0,101.5,96.9,100.05,100.42004116045652,1848376.0,8053.0,185613994.0,421573.0,22.81,4.6,3.05,1509667200.0
2017-11-02,99.1,99.2,95.65,97.6,97.78220332255844,1083382.0,3963.0,105935479.0,258555.0,23.87,3.55,-1.5,1509580800.0
2017-11-01,98.8,99.85,98.0,98.9,98.90349999815186,1352715.0,5289.0,133788248.0,333848.0,24.68,1.85,0.1,1509494400.0
2017-10-31,96.5,98.9,95.5,97.75,97.58042843543494,1441244.0,5385.0,140637207.0,358509.0,24.87,3.4,1.25,1509408000.0
2017-10-30,96.0,97.35,94.25,95.8,95.72912122481002,1416187.0,4613.0,135570337.0,226515.0,15.99,3.1,-0.2,1509321600.0
2017-10-27,97.0,98.15,94.5,95.2,96.26882235226178,1265769.0,5514.0,121854091.0,307857.0,24.32,3.65,-1.8,1509062400.0
2017-10-26,91.0,101.4,91.0,96.45,97.36335366524536,3481063.0,15652.0,338927968.0,752344.0,21.61,10.4,5.45,1508976000.0
2017-10-25,89.5,91.7,88.35,90.6,90.50685636581896,1204574.0,4710.0,109022206.0,400758.0,33.27,3.35,1.1,1508889600.0
2017-10-24,87.5,88.5,85.8,87.95,87.66613381143107,679359.0,3073.0,59556777.0,165958.0,24.43,2.7,0.45,1508803200.0
2017-10-23,84.9,88.85,84.0,86.75,86.45029883598333,1222577.0,5028.0,105692147.0,193031.0,15.79,4.85,1.85,1508716800.0
2017-10-19,85.0,85.4,84.25,84.8,85.00267754615315,181136.0,1124.0,15397045.0,76309.0,42.13,1.15,-0.2,1508371200.0
2017-10-18,84.5,85.4,83.7,84.7,84.45285662157582,1074276.0,2589.0,90725677.0,98297.0,9.15,1.7,0.2,1508284800.0
2017-10-17,84.2,84.8,83.7,84.2,84.34139643215119,517791.0,1575.0,43671216.0,85673.0,16.55,1.1,0.0,1508198400.0
2017-10-16,84.55,84.9,83.75,84.05,84.17957224535894,340008.0,1511.0,28621728.0,103605.0,30.47,1.15,-0.5,1508112000.0
2017-10-13,85.55,85.55,84.2,84.45,84.61905495339957,279182.0,1445.0,23624117.0,86716.0,31.06,1.35,-1.1,1507852800.0
2017-10-12,85.0,86.0,83.9,84.6,84.5333365933293,531698.0,1821.0,44946206.0,78120.0,14.69,2.1,-0.4,1507766400.0
2017-10-11,87.0,87.3,84.1,84.8,85.80701689948864,490074.0,2253.0,42051788.0,150540.0,30.72,3.2,-2.2,1507680000.0
2017-10-10,86.65,87.1,85.85,86.65,86.71787149029483,461506.0,1925.0,40020818.0,121298.0,26.28,1.25,0.0,1507593600.0
2017-10-09,84.9,86.9,84.35,86.45,85.69216948367676,863800.0,3088.0,74020896.0,175133.0,20.27,2.55,1.55,1507507200.0
2017-10-06,84.0,85.2,83.95,84.9,84.57828065514478,572881.0,2359.0,48453290.0,131417.0,22.94,1.25,0.9,1507248000.0
2017-10-05,83.2,84.0,83.05,83.65,83.59500013800684,398531.0,1708.0,33315199.0,81888.0,20.55,0.95,0.45,1507161600.0
2017-10-04,83.0,83.6,82.55,83.3,83.19131358844722,458279.0,1913.0,38124832.0,112029.0,24.45,1.05,0.3,1507075200.0
2017-10-03,85.0,85.0,82.75,83.15,83.83096336218667,860559.0,2879.0,72141490.0,139092.0,16.16,2.25,-1.85,1506988800.0
2017-09-29,84.0,84.8,83.2,84.0,83.70845076091004,969037.0,3288.0,81116586.0,175907.0,18.15,1.6,0.0,1506643200.0
2017-09-28,82.9,85.05,82.3,82.9,84.00608919254155,1135947.0,5459.0,95426465.0,442489.0,38.95,2.75,0.0,1506556800.0
2017-09-27,130.0,130.0,124.0,124.6,126.83894344158472,835278.0,4353.0,105945779.0,350843.0,42.0,6.0,-5.4,1506470400.0
2017-09-26,128.1,129.5,127.1,127.55,128.0329922255255,776001.0,3860.0,99353730.0,359308.0,46.3,2.4,-0.55,1506384000.0
2017-09-25,129.75,130.0,126.15,127.35,127.459082963181,495967.0,2985.0,63215499.0,193452.0,39.01,3.85,-2.4,1506297600.0
2017-09-22,132.0,132.25,129.4,129.75,130.6138160836639,693250.0,4081.0,90548028.0,268881.0,38.79,2.85,-2.25,1506038400.0
2017-09-21,133.15,134.55,131.5,133.1,133.08013057459794,1090258.0,2699.0,145091677.0,776084.0,71.18,3.05,-0.05,1505952000.0
2017-09-20,135.1,135.5,133.4,133.9,134.22967073005694,480305.0,2475.0,64471182.0,175913.0,36.63,2.1,-1.2,1505865600.0
2017-09-19,133.5,135.65,132.5,134.6,134.0599795765625,630648.0,3259.0,84544658.0,193166.0,30.63,3.15,1.1,1505779200.0
2017-09-18,135.25,135.5,132.8,133.15,133.53555004780296,605611.0,3210.0,80870598.0,233682.0,38.59,2.7,-2.1,1505692800.0
2017-09-15,135.4,135.45,131.35,132.0,132.74454244416893,1656694.0,8770.0,219917087.0,510113.0,30.79,4.1,-3.4,1505433600.0
2017-09-14,132.45,145.8,132.25,137.4,140.93134271768656,4689437.0,26151.0,660888653.0,863759.0,18.42,13.55,4.95,1505347200.0
2017-09-13,132.9,134.1,132.0,132.55,133.02962223690776,370735.0,2126.0,49318737.0,136571.0,36.84,2.1,-0.35,1505260800.0
2017-09-12,131.5,132.9,131.2,132.05,132.08709113477863,422144.0,2748.0,55759773.0,196070.0,46.45,1.7,0.55,1505174400.0
2017-09-11,129.5,131.5,128.0,130.55,130.52050913570108,292260.0,1994.0,38145924.0,94954.0,32.49,3.5,1.05,1505088000.0
2017-09-08,130.65,130.8,127.3,127.8,128.76807753413843,301493.0,2173.0,38822674.0,98804.0,32.77,3.5,-2.85,1504828800.0
2017-09-07,131.0,131.75,130.0,130.5,130.68910754571223,324913.0,1525.0,42462590.0,117983.0,36.31,1.75,-0.5,1504742400.0
2017-09-06,130.8,131.9,130.0,130.75,130.69620976631072,171467.0,1063.0,22410087.0,48147.0,28.08,1.9,-0.05,1504656000.0
2017-09-05,132.0,132.35,130.15,131.15,131.21730558346928,261719.0,1394.0,34342062.0,58965.0,22.53,2.2,-0.85,1504569600.0
2017-09-04,131.0,132.9,129.75,130.95,131.22576512479324,597909.0,2987.0,78461066.0,105639.0,17.67,3.15,-0.05,1504483200.0
2017-09-01,129.15,130.35,128.7,130.05,129.82539440757265,183820.0,1332.0,23864504.0,62640.0,34.08,1.65,0.9,1504224000.0
2017-08-31,127.35,129.35,127.35,129.1,128.40178315653083,226901.0,2177.0,29134493.0,80923.0,35.66,2.0,1.75,1504137600.0
2017-08-30,128.5,128.5,127.5,127.75,127.89815739815741,144144.0,1083.0,18435752.0,64454.0,44.72,1.0,-0.75,1504051200.0
2017-08-29,127.0,128.6,126.35,126.9,127.36885075593688,163638.0,1222.0,20842384.0,51186.0,31.28,2.25,-0.1,1503964800.0
2017-08-28,126.95,128.8,126.95,128.3,128.13327447680894,168772.0,1178.0,21625309.0,65585.0,38.86,1.85,1.35,1503878400.0
2017-08-24,127.55,128.5,126.2,127.25,127.11584029911171,167964.0,1387.0,21350885.0,53493.0,31.85,2.3,-0.3,1503532800.0
2017-08-23,126.0,128.2,125.55,127.55,126.91376012786476,334103.0,1708.0,42402268.0,102413.0,30.65,2.65,1.55,1503446400.0
2017-08-22,124.5,126.7,123.95,125.4,125.12898564022572,392346.0,2371.0,49093857.0,93512.0,23.83,2.75,0.9,1503360000.0
2017-08-21,129.9,131.1,124.5,124.9,127.17280456706044,492921.0,3149.0,62686146.0,141870.0,28.78,6.6,-5.0,1503273600.0
2017-08-18,128.5,130.5,127.0,129.75,128.36465133043086,349586.0,2303.0,44874485.0,81918.0,23.43,3.5,1.25,1503014400.0
2017-08-17,130.0,131.8,128.95,129.25,130.3267019749303,497334.0,2819.0,64815900.0,98116.0,19.73,2.85,-0.75,1502928000.0
2017-08-16,128.9,130.55,125.3,129.85,127.93198607808128,553372.0,3307.0,70793979.0,86259.0,15.59,5.25,0.95,1502841600.0
2017-08-14,128.0,129.0,125.7,126.45,126.61152204629214,343255.0,2092.0,43460038.0,128239.0,37.36,3.3,-1.55,1502668800.0
2017-08-11,126.0,126.0,121.4,125.15,123.90126016638595,708954.0,4678.0,87840294.0,211203.0,29.79,4.6,-0.85,1502409600.0
2017-08-10,132.9,135.15,124.15,126.45,129.43895303247442,2034065.0,11498.0,263287244.0,352844.0,17.35,11.0,-6.45,1502323200.0
2017-08-09,133.5,134.4,131.25,133.15,133.10799472541834,342776.0,2081.0,45626226.0,68144.0,19.88,3.15,-0.35,1502236800.0
2017-08-08,138.5,139.5,134.2,134.8,135.95583898539437,473721.0,2801.0,64405136.0,96088.0,20.28,5.3,-3.7,1502150400.0
2017-08-07,138.0,140.2,137.5,138.9,138.96806423055108,245117.0,1292.0,34063435.0,70036.0,28.57,2.7,0.9,1502064000.0
2017-08-04,138.6,139.25,136.4,137.6,137.53744981839034,313860.0,1958.0,43167504.0,75986.0,24.21,2.85,-1.0,1501804800.0
2017-08-03,140.95,140.95,138.05,138.6,139.14316817999978,412445.0,2100.0,57388904.0,124625.0,30.22,2.9,-2.35,1501718400.0
2017-08-02,144.5,145.0,140.0,141.35,142.59623266585774,388179.0,2032.0,55352863.0,74958.0,19.31,5.0,-3.15,1501632000.0
2017-08-01,146.85,146.85,143.95,144.55,145.11685598733953,284350.0,1526.0,41263978.0,54974.0,19.33,2.9,-2.3,1501545600.0
2017-07-31,144.9,145.3,144.25,144.8,144.81521884158656,217349.0,1349.0,31475443.0,52099.0,23.97,1.05,-0.1,1501459200.0
2017-07-28,141.0,144.2,141.0,143.6,143.20889632730788,407494.0,1837.0,58356766.0,45042.0,11.05,3.2,2.6,1501200000.0
2017-07-27,143.95,145.35,141.7,142.65,143.47728321214157,318641.0,1901.0,45717745.0,59422.0,18.65,3.65,-1.3,1501113600.0
2017-07-26,145.75,147.0,143.6,143.95,145.32294492519057,217486.0,1374.0,31605706.0,54176.0,24.91,3.4,-1.8,1501027200.0
2017-07-25,146.35,146.95,145.1,145.45,145.784447600418,186595.0,1061.0,27202649.0,55333.0,29.65,1.85,-0.9,1500940800.0
2017-07-24,145.0,147.2,144.85,146.1,145.89681057511956,246314.0,1439.0,35936427.0,64785.0,26.3,2.35,1.1,1500854400.0
2017-07-21,146.5,146.95,143.2,145.1,145.0623309046101,298648.0,1703.0,43322575.0,73362.0,24.56,3.75,-1.4,1500595200.0
2017-07-20,145.4,147.25,144.8,146.5,146.339783096842,481413.0,2484.0,70449874.0,122180.0,25.38,2.45,1.1,1500508800.0
2017-07-19,144.9,145.7,143.65,145.15,144.86424935149526,442171.0,2901.0,64054770.0,131205.0,29.67,2.05,0.25,1500422400.0
2017-07-18,141.2,144.65,140.65,143.3,143.10261153663075,647052.0,3570.0,92594831.0,189590.0,29.3,4.0,2.1,1500336000.0
2017-07-17,140.65,141.9,140.15,140.9,141.06758541049328,458960.0,1267.0,64744379.0,288441.0,62.85,1.75,0.25,1500249600.0
2017-07-14,143.0,143.15,140.05,140.6,141.0522345841976,265150.0,1510.0,37400000.0,74905.0,28.25,3.1,-2.4,1499990400.0
2017-07-13,141.0,143.1,140.85,142.3,142.04173180998197,606995.0,3374.0,86218621.0,196600.0,32.39,2.25,1.3,1499904000.0
2017-07-12,140.9,141.55,139.8,140.4,140.62076781581914,337060.0,2053.0,47397636.0,96288.0,28.57,1.75,-0.5,1499817600.0
2017-07-11,139.0,142.2,138.1,139.8,140.30056401130707,968243.0,6186.0,135845039.0,212975.0,22.0,4.1,0.8,1499731200.0
2017-07-10,135.55,138.5,135.55,137.4,137.04155774274486,3973339.0,4914.0,544512566.0,3263479.0,82.13,2.95,1.85,1499644800.0
2017-07-07,135.5,135.9,134.5,135.3,135.3663669013073,348050.0,1727.0,47114264.0,126101.0,36.23,1.4,-0.2,1499385600.0
2017-07-06,135.0,137.9,134.3,136.05,136.51022723987393,415068.0,2636.0,56661027.0,101632.0,24.49,3.6,1.05,1499299200.0
2017-07-05,134.0,134.9,133.5,134.25,134.21819837303275,300928.0,1930.0,40390014.0,55456.0,18.43,1.4,0.25,1499212800.0
2017-07-04,135.5,136.45,133.6,133.9,134.89236601402737,300983.0,1917.0,40600309.0,113678.0,37.77,2.85,-1.6,1499126400.0
2017-07-03,135.3,136.7,135.0,135.6,135.80745767224772,255388.0,1583.0,34683595.0,46467.0,18.19,1.7,0.3,1499040000.0
2017-06-30,135.0,137.25,134.7,135.35,135.79205682292323,412228.0,2372.0,55977288.0,96244.0,23.35,2.55,0.35,1498780800.0
2017-06-29,136.05,139.2,135.35,135.95,137.35435251371507,362193.0,2416.0,49748785.0,68809.0,19.0,3.85,-0.1,1498694400.0
2017-06-28,133.95,136.65,132.55,136.05,134.99635698946722,234696.0,1559.0,31683105.0,56267.0,23.97,4.1,2.1,1498608000.0
2017-06-27,134.5,135.5,131.0,133.95,133.24578610682877,390494.0,2492.0,52031680.0,98446.0,25.21,4.5,-0.55,1498521600.0
2017-06-23,137.0,137.5,132.4,134.8,134.29952477292363,379608.0,2751.0,50981174.0,82871.0,21.83,5.1,-2.2,1498176000.0
2017-06-22,136.5,138.35,136.3,136.85,137.72039979069714,359288.0,1612.0,49481287.0,63446.0,17.66,2.05,0.35,1498089600.0
2017-06-21,137.2,138.75,135.85,136.45,137.11440298848623,306242.0,2158.0,41990189.0,78380.0,25.59,2.9,-0.75,1498003200.0
2017-06-20,137.25,139.0,137.25,137.7,137.99333368388457,171159.0,1076.0,23618801.0,51547.0,30.12,1.75,0.45,1497916800.0
2017-06-19,138.45,139.35,137.5,138.1,138.4130906984602,165736.0,1148.0,22940032.0,39204.0,23.65,1.85,-0.35,1497830400.0
2017-06-16,139.15,140.7,138.15,138.5,139.2772424229446,280188.0,1938.0,39023812.0,79702.0,28.45,2.55,-0.65,1497571200.0
2017-06-15,139.0,140.4,137.5,139.15,139.28898734117493,211947.0,1452.0,29521883.0,55000.0,25.95,2.9,0.15,1497484800.0
2017-06-14,140.25,140.6,137.85,138.75,138.7660240659822,301172.0,1968.0,41792441.0,62216.0,20.66,2.75,-1.5,1497398400.0
2017-06-13,139.8,141.15,139.5,139.95,139.9619315552532,2936763.0,1893.0,411035022.0,2723363.0,92.73,1.65,0.15,1497312000.0
2017-06-12,137.8,140.2,136.75,139.15,138.5247327898203,520564.0,3026.0,72110989.0,174603.0,33.54,3.45,1.35,1497225600.0
2017-06-09,138.5,139.6,138.0,138.75,138.77035382356752,331719.0,1908.0,46032763.0,100403.0,30.27,1.6,0.25,1496966400.0
2017-06-08,138.4,139.2,137.6,138.3,138.42570352569416,331651.0,2078.0,45909023.0,75721.0,22.83,1.6,-0.1,1496880000.0
2017-06-07,139.5,139.7,137.05,137.55,138.22906779938083,397629.0,2481.0,54963886.0,105902.0,26.63,2.65,-1.95,1496793600.0
2017-06-06,140.0,140.45,138.1,138.55,139.12996357643254,447787.0,2545.0,62300589.0,105634.0,23.59,2.35,-1.45,1496707200.0
2017-06-05,140.5,141.8,139.0,139.75,140.55473811735908,488654.0,2710.0,68682635.0,137695.0,28.18,2.8,-0.75,1496620800.0
2017-06-02,139.25,142.2,138.5,140.3,140.43890122247709,757642.0,4794.0,106402410.0,134406.0,17.74,3.7,1.05,1496361600.0
2017-06-01,139.0,139.6,136.8,138.55,138.32163212825324,763739.0,4295.0,105641625.0,148335.0,19.42,2.8,-0.45,1496275200.0
2017-05-31,140.4,142.0,138.1,138.5,139.6966134641032,970254.0,5978.0,135541198.0,222826.0,22.97,3.9,-1.9,1496188800.0
2017-05-30,146.7,146.9,133.65,140.0,139.4525254644436,3612979.0,22977.0,503839046.0,601539.0,16.65,13.25,-6.7,1496102400.0
2017-05-29,159.55,160.4,152.8,153.3,156.18868709692603,1062150.0,9128.0,165895814.0,255492.0,24.05,7.6,-6.25,1496016000.0
2017-05-26,152.0,160.5,152.0,158.4,154.05911003885188,2857518.0,5685.0,440226680.0,1873166.0,65.55,8.5,6.4,1495756800.0
2017-05-25,151.05,153.7,149.75,151.6,151.7160248881024,4358227.0,2552.0,661212876.0,4024034.0,92.33,3.95,0.55,1495670400.0
2017-05-24,156.0,157.5,148.9,150.05,153.2540301067855,974664.0,3824.0,149371186.0,435727.0,44.71,8.6,-5.95,1495584000.0
2017-05-23,161.5,161.95,154.85,155.95,157.23641296494938,588263.0,3254.0,92496364.0,112531.0,19.13,7.1,-5.55,1495497600.0
2017-05-22,165.1,166.25,161.0,161.75,163.8988295328837,280230.0,1745.0,45929369.0,57010.0,20.34,5.25,-3.35,1495411200.0
2017-05-19,167.7,168.05,162.3,164.1,165.00124214868285,469348.0,2600.0,77443003.0,81273.0,17.32,5.75,-3.6,1495152000.0
2017-05-18,168.0,170.0,163.5,164.6,166.59457809287127,396355.0,2580.0,66030594.0,129617.0,32.7,6.5,-3.4,1495065600.0
2017-05-17,170.15,173.2,170.15,170.9,171.6473087401517,271620.0,1788.0,46622842.0,62572.0,23.04,3.05,0.75,1494979200.0
2017-05-16,171.65,171.85,168.75,170.55,170.4399426279298,373701.0,2277.0,63693577.0,74977.0,20.06,3.1,-1.1,1494892800.0
2017-05-15,171.0,173.75,171.0,172.0,172.18834002066913,370601.0,1376.0,63813171.0,177061.0,47.78,2.75,1.0,1494806400.0
2017-05-12,174.5,174.7,170.45,171.1,171.8120137088749,493403.0,1964.0,84772563.0,128659.0,26.08,4.25,-3.4,1494547200.0
2017-05-11,177.5,178.45,173.85,174.25,175.91575057862158,662782.0,1719.0,116593793.0,369132.0,55.69,4.6,-3.25,1494460800.0
2017-05-10,177.1,179.05,176.15,177.5,177.6848261512791,296062.0,1908.0,52605725.0,55598.0,18.78,2.9,0.4,1494374400.0
2017-05-09,175.7,178.4,175.6,176.8,177.21455560463417,375814.0,2630.0,66599711.0,82315.0,21.9,2.8,1.1,1494288000.0
2017-05-08,172.55,177.1,171.25,175.75,174.71099721339604,491279.0,2615.0,85831844.0,128492.0,26.15,5.85,3.2,1494201600.0
2017-05-05,174.7,175.15,171.3,172.55,173.02632874281943,369748.0,1761.0,63976139.0,99791.0,26.99,3.85,-2.15,1493942400.0
2017-05-04,174.6,175.75,172.55,174.3,174.34093544272812,310484.0,1835.0,54130071.0,62637.0,20.17,3.2,-0.3,1493856000.0
2017-05-03,176.0,177.35,173.5,174.1,175.3923839059165,297948.0,1615.0,52257810.0,54101.0,18.16,3.85,-1.9,1493769600.0
2017-05-02,176.2,177.5,173.5,175.35,175.7518626967041,386939.0,2028.0,68005250.0,80956.0,20.92,4.0,-0.85,1493683200.0
2017-04-28,176.15,177.65,174.4,175.7,175.84606984650253,533885.0,3442.0,93881579.0,80973.0,15.17,3.25,-0.45,1493337600.0
2017-04-27,175.95,177.65,174.3,176.1,175.84021596110725,485643.0,2440.0,85395570.0,60647.0,12.49,3.35,0.15,1493251200.0
2017-04-26,180.0,180.0,173.55,175.95,177.68007705572862,614101.0,3044.0,109113513.0,71338.0,11.62,6.45,-4.05,1493164800.0
2017-04-25,176.8,182.65,176.1,177.85,179.73599476473248,1173579.0,9259.0,210934389.0,265618.0,22.63,6.55,1.05,1493078400.0
2017-04-24,176.0,177.7,175.55,176.2,176.55818474165454,875049.0,2433.0,154497063.0,597286.0,68.26,2.15,0.2,1492992000.0
2017-04-21,174.6,177.55,172.45,175.1,175.49200843528183,751605.0,3573.0,131900671.0,54305.0,7.23,5.1,0.5,1492732800.0
2017-04-20,174.0,176.95,173.75,174.45,175.10321516856467,376621.0,2359.0,65947548.0,72856.0,19.34,3.2,0.45,1492646400.0
2017-04-19,172.3,174.5,167.9,173.6,172.05467945177966,497975.0,3092.0,85678929.0,63823.0,12.82,6.6,1.3,1492560000.0
2017-04-18,173.15,178.1,169.2,170.15,174.4148123229197,668835.0,4115.0,116654731.0,135256.0,20.22,8.9,-3.0,1492473600.0
2017-04-17,173.0,174.6,172.0,172.75,173.24778042442617,258608.0,1773.0,44803262.0,50502.0,19.53,2.6,-0.25,1492387200.0
2017-04-13,175.0,176.6,172.7,173.4,174.4762673033596,631597.0,2921.0,110198687.0,90026.0,14.25,3.9,-1.6,1492041600.0
2017-04-12,176.8,177.55,172.15,174.8,174.7237764495902,340648.0,2296.0,59519305.0,50169.0,14.73,5.4,-2.0,1491955200.0
2017-04-11,174.5,178.3,174.35,176.45,176.6463492731044,418492.0,3259.0,73925084.0,76926.0,18.38,3.95,1.95,1491868800.0
2017-04-10,175.05,177.6,173.8,174.75,176.14024407622108,4385925.0,3747.0,772537900.0,3675330.0,83.8,3.8,-0.3,1491782400.0
2017-04-07,178.2,180.8,174.25,174.85,178.27894093762632,3844986.0,5481.0,685480032.0,3064723.0,79.71,6.55,-3.35,1491523200.0
2017-04-06,171.05,179.4,170.8,178.7,176.3109453007478,1467808.0,9146.0,258790616.0,299012.0,20.37,8.6,7.65,1491436800.0
2017-04-05,167.25,171.65,165.75,171.2,169.6558931489826,574557.0,3620.0,97476981.0,140502.0,24.45,5.9,3.95,1491350400.0
2017-04-03,163.9,167.6,163.1,167.0,166.24448227756315,471662.0,3025.0,78411205.0,96067.0,20.37,4.5,3.1,1491177600.0
2017-03-31,164.1,165.95,162.6,163.1,163.9288740258264,342983.0,2617.0,56224817.0,77198.0,22.51,3.35,-1.0,1490918400.0
2017-03-30,167.25,168.5,164.1,164.8,165.98063512546068,339429.0,2781.0,56338641.0,95853.0,28.24,4.4,-2.45,1490832000.0
2017-03-29,168.55,170.3,167.0,167.65,168.555251710519,449425.0,2816.0,75752944.0,74260.0,16.52,3.3,-0.9,1490745600.0
2017-03-28,168.2,169.7,167.75,168.4,168.73206439757547,364610.0,2280.0,61521398.0,55559.0,15.24,1.95,0.2,1490659200.0
2017-03-27,167.0,169.3,165.7,168.15,167.5005674999434,706608.0,3805.0,118357241.0,112692.0,15.95,3.6,1.15,1490572800.0
2017-03-24,168.1,169.65,166.7,167.2,168.04109392767103,328029.0,2258.0,55122352.0,84549.0,25.77,2.95,-0.9,1490313600.0
2017-03-23,166.5,168.8,165.0,168.05,166.81831607197492,415089.0,2883.0,69244448.0,55714.0,13.42,3.8,1.55,1490227200.0
2017-03-22,167.6,167.6,164.8,166.0,166.06102500903827,378943.0,2725.0,62927663.0,74210.0,19.58,2.8,-1.6,1490140800.0
2017-03-21,171.4,172.0,168.55,169.1,170.1989612199416,376018.0,3057.0,63997873.0,67304.0,17.9,3.45,-2.3,1490054400.0
2017-03-20,169.0,171.45,167.8,170.35,169.94993389368932,543821.0,3948.0,92422343.0,100189.0,18.42,3.65,1.35,1489968000.0
2017-03-17,169.35,171.55,166.05,168.4,169.12595120341567,745503.0,4938.0,126083904.0,138599.0,18.59,5.5,-0.95,1489708800.0
2017-03-16,167.15,169.35,167.15,168.55,168.3581814341339,752747.0,4161.0,126731116.0,361566.0,48.03,2.2,1.4,1489622400.0
2017-03-15,162.7,167.5,161.45,166.45,165.64149256768138,1199222.0,8866.0,198640922.0,311872.0,26.01,6.05,3.75,1489536000.0
2017-03-14,162.5,164.2,160.15,161.4,162.07567791094468,1390485.0,6168.0,225363799.0,651665.0,46.87,4.05,-1.1,1489449600.0
2017-03-10,158.4,160.35,157.15,158.05,158.5313689826024,418391.0,2589.0,66328098.0,75619.0,18.07,3.2,-0.35,1489104000.0
2017-03-09,157.3,159.85,156.6,157.65,158.01247647978744,522423.0,4389.0,82549352.0,108774.0,20.82,3.25,0.35,1489017600.0
2017-03-08,160.2,160.6,157.15,158.3,158.4711267991025,365460.0,2374.0,57914858.0,48848.0,13.37,3.45,-1.9,1488931200.0
2017-03-07,162.25,164.2,159.8,160.4,161.60748812864702,692002.0,4691.0,111832705.0,128022.0,18.5,4.4,-1.85,1488844800.0
2017-03-06,158.5,162.15,158.25,160.95,160.60213055242994,597216.0,3546.0,95914162.0,101766.0,17.04,3.9,2.45,1488758400.0
2017-03-03,157.8,160.2,155.9,158.15,158.17103073036904,478224.0,3220.0,75641183.0,72964.0,15.26,4.3,0.35,1488499200.0
2017-03-02,161.35,164.4,157.8,158.3,161.4490028867167,861186.0,5077.0,139037621.0,172263.0,20.0,6.6,-3.05,1488412800.0
2017-03-01,163.0,164.4,159.85,160.55,161.63611472149287,800931.0,5809.0,129459375.0,160672.0,20.06,4.55,-2.45,1488326400.0
2017-02-28,153.0,163.7,152.6,162.0,159.84582506516512,1581366.0,10114.0,252774753.0,297574.0,18.82,11.1,9.0,1488240000.0
2017-02-27,153.0,154.7,151.85,153.0,153.2651704017888,451257.0,2461.0,69161981.0,106335.0,23.56,2.85,0.0,1488153600.0
2017-02-23,152.0,155.45,152.0,153.5,154.02412154335684,511949.0,2917.0,78852495.0,65450.0,12.78,3.45,1.5,1487808000.0
2017-02-22,156.0,157.75,153.8,154.3,155.47644861151477,1187085.0,4897.0,184563760.0,102306.0,8.62,3.95,-1.7,1487721600.0
2017-02-21,153.0,156.55,153.0,154.55,154.80112421968417,424828.0,2479.0,65763852.0,67411.0,15.87,3.55,1.55,1487635200.0
2017-02-20,153.25,154.8,152.4,153.35,153.4642436498186,551874.0,2816.0,84692926.0,79865.0,14.47,2.4,0.1,1487548800.0
2017-02-17,151.0,154.2,150.0,153.4,152.56625895830962,852979.0,4624.0,130135815.0,150773.0,17.68,4.2,2.4,1487289600.0
2017-02-16,152.0,154.0,148.75,153.5,152.1573746067473,625552.0,3252.0,95182350.0,110393.0,17.65,5.25,1.5,1487203200.0
2017-02-15,157.75,157.75,151.25,152.1,154.05363540744483,720662.0,3762.0,111020601.0,129843.0,18.02,6.5,-5.65,1487116800.0
2017-02-14,155.0,157.25,153.65,156.9,155.93646959655848,688080.0,4485.0,107296766.0,124586.0,18.11,3.6,1.9,1487030400.0
2017-02-13,157.9,157.9,152.35,155.15,154.76382493601184,629804.0,4451.0,97470876.0,143150.0,22.73,5.55,-2.75,1486944000.0
2017-02-10,157.05,159.5,156.35,157.55,158.2833235534957,1206564.0,5622.0,190978960.0,541251.0,44.86,3.15,0.5,1486684800.0
2017-02-09,156.1,158.65,152.8,156.8,155.85444361670838,1659144.0,10449.0,258584965.0,321295.0,19.37,5.85,0.7,1486598400.0
2017-02-08,151.85,157.0,150.15,156.15,153.99006467767282,2798802.0,16787.0,430987701.0,758145.0,27.09,6.85,4.3,1486512000.0
2017-02-07,145.4,154.9,140.55,151.9,150.17543148830003,5883995.0,38877.0,883631488.0,824645.0,14.02,14.35,6.5,1486425600.0
2017-02-06,143.55,145.7,142.5,144.0,143.96859459958503,1028995.0,5701.0,148142964.0,234511.0,22.79,3.2,0.45,1486339200.0
2017-02-03,138.3,143.2,138.3,142.75,141.69095239601617,758676.0,5270.0,107497525.0,212884.0,28.06,4.9,4.45,1486080000.0
2017-02-02,140.35,141.0,138.0,138.95,139.2500136127365,477494.0,3030.0,66491046.0,86553.0,18.13,3.0,-1.4,1485993600.0
2017-02-01,137.1,140.55,136.0,139.7,138.58376551090456,905492.0,5316.0,125486491.0,141380.0,15.61,4.55,2.6,1485907200.0
2017-01-31,138.85,141.1,136.45,137.05,138.5934554515566,731204.0,5186.0,101340089.0,143928.0,19.68,4.65,-1.8,1485820800.0
2017-01-30,139.35,140.0,137.5,138.15,138.45489160189686,604577.0,3799.0,83706643.0,134754.0,22.29,2.5,-1.2,1485734400.0
2017-01-27,132.75,142.0,132.6,139.1,138.29841267613233,2279749.0,14024.0,315285668.0,649388.0,28.49,9.4,6.35,1485475200.0
2017-01-25,131.8,132.85,130.2,131.85,131.80350975241714,536790.0,3963.0,70750806.0,161233.0,30.04,2.65,0.05,1485302400.0
2017-01-24,129.4,132.3,129.0,131.65,131.35078451667542,680164.0,4410.0,89340075.0,137644.0,20.24,3.3,2.25,1485216000.0
2017-01-23,129.5,129.8,127.3,128.5,128.56447819506843,336323.0,2550.0,43239191.0,100836.0,29.98,2.5,-1.0,1485129600.0
2017-01-20,132.4,133.0,128.65,129.1,130.87208202391597,347801.0,2495.0,45517441.0,105329.0,30.28,4.35,-3.3,1484870400.0
2017-01-19,133.75,134.5,131.8,132.4,133.01921346132278,731102.0,4569.0,97250613.0,161247.0,22.06,2.7,-1.35,1484784000.0
2017-01-18,128.45,133.85,128.25,132.35,132.30590517001414,1329242.0,8858.0,175866566.0,336987.0,25.35,5.6,3.9,1484697600.0
2017-01-17,129.0,129.65,127.65,127.95,128.65777183256566,217542.0,1735.0,27988469.0,63320.0,29.11,2.0,-1.05,1484611200.0
2017-01-16,129.0,129.15,127.8,128.55,128.58754207489332,266192.0,2707.0,34228975.0,79235.0,29.77,1.35,-0.45,1484524800.0
2017-01-13,130.15,130.6,128.05,128.75,128.90072341122143,739137.0,7738.0,95275294.0,258333.0,34.95,2.55,-1.4,1484265600.0
2017-01-12,128.85,128.85,126.3,127.9,127.62321785879885,478778.0,4149.0,61103189.0,111325.0,23.25,2.55,-0.95,1484179200.0
2017-01-11,129.0,129.9,128.4,128.85,129.16407263714459,463179.0,3157.0,59826086.0,140240.0,30.28,1.5,-0.15,1484092800.0
2017-01-10,128.9,129.3,127.75,128.2,128.4334914431802,375899.0,2485.0,48278021.0,87682.0,23.33,1.55,-0.7,1484006400.0
2017-01-09,126.5,128.5,126.2,127.65,127.68092961092958,336700.0,2475.0,42990169.0,76456.0,22.71,2.3,1.15,1483920000.0
2017-01-06,127.85,128.75,126.1,126.4,127.38130352444315,477352.0,3171.0,60805720.0,99786.0,20.9,2.65,-1.45,1483660800.0
2017-01-05,127.9,128.4,126.3,127.85,127.55826259715923,424818.0,3473.0,54189046.0,108659.0,25.58,2.1,-0.05,1483574400.0
2017-01-04,124.9,127.9,124.9,127.1,126.8237993383192,595151.0,5772.0,75479311.0,201530.0,33.86,3.0,2.2,1483488000.0
2017-01-03,122.75,126.2,122.65,124.8,124.9396019058054,602370.0,5585.0,75259868.0,192335.0,31.93,3.55,2.05,1483401600.0
2017-01-02,121.0,123.4,120.85,122.7,122.5242251957892,353186.0,2644.0,43273841.0,87638.0,24.81,2.55,1.7,1483315200.0
2016-12-30,119.5,121.55,119.2,121.05,120.6507894802072,403430.0,2971.0,48674148.0,91645.0,22.72,2.35,1.55,1483056000.0
2016-12-29,119.3,120.35,118.6,119.0,119.40347732326977,296780.0,2331.0,35436564.0,94503.0,31.84,1.75,-0.3,1482969600.0
2016-12-28,120.0,121.05,119.0,119.3,120.07010063906743,320154.0,2182.0,38440923.0,80797.0,25.24,2.05,-0.7,1482883200.0
2016-12-27,117.5,119.6,116.15,119.3,118.11099346140345,350381.0,2396.0,41383848.0,91094.0,26.0,3.45,1.8,1482796800.0
2016-12-26,119.5,119.5,116.5,117.05,117.2511627515082,356052.0,2633.0,41747511.0,118748.0,33.35,3.0,-2.45,1482710400.0
2016-12-23,119.0,120.65,118.35,119.1,119.50417076253336,284840.0,2272.0,34039568.0,88242.0,30.98,2.3,0.1,1482451200.0
2016-12-22,120.5,120.95,118.3,119.05,119.19093996424904,363067.0,2699.0,43274297.0,91622.0,25.24,2.65,-1.45,1482364800.0
2016-12-21,121.5,122.1,120.75,120.95,121.35907886874236,224246.0,2473.0,27214288.0,68169.0,30.4,1.35,-0.55,1482278400.0
2016-12-20,121.6,122.5,120.35,120.65,121.23944469617264,390633.0,2551.0,47360128.0,157502.0,40.32,2.15,-0.95,1482192000.0
2016-12-19,123.05,123.4,121.4,121.55,122.07855618319051,450722.0,3153.0,55023491.0,226606.0,50.28,2.0,-1.5,1482105600.0
2016-12-16,125.45,126.05,122.5,122.8,123.19885317145292,1519146.0,4290.0,187157045.0,1140073.0,75.05,3.55,-2.65,1481846400.0
2016-12-15,123.85,126.7,123.85,125.4,125.55466768092488,278693.0,2476.0,34991207.0,63966.0,22.95,2.85,1.55,1481760000.0
2016-12-14,125.5,126.6,124.7,125.2,125.55772690519504,395760.0,2728.0,49690726.0,103796.0,26.23,1.9,-0.3,1481673600.0
2016-12-13,127.5,127.5,125.25,125.75,126.07815850856213,404281.0,3019.0,50971004.0,132338.0,32.73,2.25,-1.75,1481587200.0
2016-12-12,129.45,129.45,126.25,127.5,127.34056607199051,330488.0,2868.0,42084529.0,102618.0,31.05,3.2,-1.95,1481500800.0
2016-12-09,129.3,130.45,128.7,129.1,129.33865704702782,461833.0,2961.0,59732860.0,82812.0,17.93,1.75,-0.2,1481241600.0
2016-12-08,128.4,130.05,128.4,129.0,129.26598091370906,466932.0,3429.0,60358423.0,114092.0,24.43,1.65,0.6,1481155200.0
2016-12-07,128.35,129.2,126.55,127.6,128.00413982238211,420791.0,3061.0,53862990.0,84474.0,20.08,2.65,-0.75,1481068800.0
2016-12-06,129.7,129.7,127.65,128.1,128.53676813861148,415550.0,3194.0,53413454.0,73428.0,17.67,2.05,-1.6,1480982400.0
2016-12-05,127.65,129.3,125.65,128.6,127.45645469823346,645615.0,3742.0,82287799.0,67771.0,10.5,3.65,0.95,1480896000.0
2016-12-02,128.0,129.25,126.4,127.0,127.59321548378729,555058.0,3125.0,70821635.0,72479.0,13.06,2.85,-1.0,1480636800.0
2016-12-01,130.95,131.2,128.25,128.8,129.4786122169356,478778.0,2746.0,61991511.0,81097.0,16.94,2.95,-2.15,1480550400.0
2016-11-30,130.0,131.45,129.15,130.35,130.4212048838694,537197.0,3313.0,70061880.0,93933.0,17.49,2.3,0.35,1480464000.0
2016-11-29,128.0,130.4,127.9,129.45,129.41668686598783,523945.0,3505.0,67807226.0,101524.0,19.38,2.5,1.45,1480377600.0
2016-11-28,127.0,129.0,126.45,127.65,128.11505561081472,497655.0,3120.0,63757098.0,82089.0,16.5,2.55,0.65,1480291200.0
2016-11-25,125.5,127.5,124.8,126.85,126.60419980176563,694128.0,3977.0,87879520.0,145546.0,20.97,2.7,1.35,1480032000.0
2016-11-24,124.85,125.7,123.5,124.4,124.3991490772461,452450.0,3049.0,56284395.0,100939.0,22.31,2.2,-0.45,1479945600.0
2016-11-23,125.9,126.35,122.6,125.05,123.73321355217888,2531283.0,6762.0,313203780.0,1549947.0,61.23,3.75,-0.85,1479859200.0
2016-11-22,130.0,130.4,123.7,124.5,125.15105734221243,811043.0,6229.0,101502889.0,197346.0,24.33,6.7,-5.5,1479772800.0
2016-11-21,135.05,135.25,126.6,128.7,129.84719923002888,883150.0,4922.0,114674554.0,350356.0,39.67,8.65,-6.35,1479686400.0
2016-11-18,134.65,135.65,132.85,134.2,134.26607908142634,432845.0,3404.0,58116401.0,103806.0,23.98,2.8,-0.45,1479427200.0
2016-11-17,134.0,135.6,131.8,133.6,133.43127369197913,715432.0,4992.0,95461003.0,138310.0,19.33,3.8,-0.4,1479340800.0
2016-11-16,136.9,136.9,131.0,131.7,133.6206630938073,581607.0,3910.0,77714713.0,148783.0,25.58,5.9,-5.2,1479254400.0
2016-11-15,136.7,138.0,132.2,133.85,134.1571760575486,604984.0,5186.0,81162945.0,146980.0,24.29,5.8,-2.85,1479168000.0
2016-11-11,140.65,142.8,134.3,136.45,139.2525217717768,745805.0,6152.0,103855227.0,210361.0,28.21,8.5,-4.2,1478822400.0
2016-11-10,142.6,143.8,139.4,140.65,141.5177291134072,656378.0,4700.0,92889124.0,153949.0,23.45,4.4,-1.95,1478736000.0
2016-11-09,130.5,140.4,129.0,138.9,135.96586622044634,1641043.0,11328.0,223125833.0,264712.0,16.13,11.4,8.4,1478649600.0
2016-11-08,141.85,146.85,140.75,143.15,143.55276479859882,2498446.0,17104.0,358658831.0,352236.0,14.1,6.1,1.3,1478563200.0
2016-11-07,135.0,140.4,135.0,139.15,138.90672801472348,624850.0,3690.0,86795869.0,116761.0,18.69,5.4,4.15,1478476800.0
2016-11-04,138.0,139.0,134.0,134.9,135.9441620005481,488986.0,3489.0,66474792.0,115434.0,23.61,5.0,-3.1,1478217600.0
2016-11-03,137.5,140.05,137.2,137.75,138.4975536664424,490530.0,3366.0,67937205.0,89654.0,18.28,2.85,0.25,1478131200.0
2016-11-02,140.0,140.45,136.9,137.3,138.43746320179977,484059.0,3320.0,67011900.0,165728.0,34.24,3.55,-2.7,1478044800.0
2016-11-01,140.0,143.45,138.7,141.55,141.81989027587963,611716.0,4095.0,86753496.0,148450.0,24.27,4.75,1.55,1477958400.0
2016-10-30,140.0,140.25,137.85,138.8,139.16894388084208,119371.0,1247.0,16612736.0,48604.0,40.72,2.4,-1.2,1477785600.0
2016-10-28,138.0,139.9,138.0,138.85,139.00359328007406,406314.0,2591.0,56479106.0,94882.0,23.35,1.9,0.85,1477612800.0
2016-10-27,139.95,139.95,136.25,138.25,137.8723080088961,505388.0,2866.0,69679010.0,138397.0,27.38,3.7,-1.7,1477526400.0
2016-10-26,140.0,142.0,138.85,139.55,140.15297961755095,400001.0,2960.0,56061332.0,85450.0,21.36,3.15,-0.45,1477440000.0
2016-10-25,141.7,142.45,138.85,140.35,140.63284935398977,386449.0,2702.0,54347424.0,87167.0,22.56,3.6,-1.35,1477353600.0
2016-10-24,142.0,142.5,141.0,141.25,141.79618386817,244436.0,1940.0,34660092.0,70611.0,28.89,1.5,-0.75,1477267200.0
2016-10-21,142.9,142.9,140.4,141.7,141.53972680921456,448551.0,3855.0,63487786.0,96096.0,21.42,2.5,-1.2,1477008000.0
2016-10-20,142.0,142.85,140.85,142.1,141.75664943516904,714196.0,5215.0,101242032.0,182911.0,25.61,2.0,0.1,1476921600.0
2016-10-19,139.0,143.45,139.0,141.25,141.84048140914925,1833617.0,12658.0,260081118.0,333850.0,18.21,4.45,2.25,1476835200.0
2016-10-18,132.4,136.95,132.4,136.15,134.42547229606365,1057070.0,5618.0,142097134.0,219327.0,20.75,4.55,3.75,1476748800.0
2016-10-17,133.1,133.9,130.05,131.75,131.93935172894672,625294.0,4207.0,82500885.0,134995.0,21.59,3.85,-1.35,1476662400.0
2016-10-14,134.0,134.0,132.6,133.2,133.37911163287708,550268.0,3182.0,73394257.0,257509.0,46.8,1.4,-0.8,1476403200.0
2016-10-13,135.0,135.0,131.35,132.35,132.7816687958356,691193.0,4576.0,91777760.0,190360.0,27.54,3.65,-2.65,1476316800.0
2016-10-10,135.95,136.55,134.55,135.15,135.66807352676156,554900.0,3542.0,75282214.0,126991.0,22.89,2.0,-0.8,1476057600.0
2016-10-07,136.5,136.65,134.7,135.55,135.4862295757882,751865.0,4434.0,101867354.0,173730.0,23.11,1.95,-0.95,1475798400.0
2016-10-06,137.1,139.9,136.0,136.25,138.14317205288694,892772.0,6903.0,123330356.0,179687.0,20.13,3.9,-0.85,1475712000.0
2016-10-05,139.0,139.0,135.8,137.05,137.18986485514023,764291.0,4344.0,104852979.0,162906.0,21.31,3.2,-1.95,1475625600.0
2016-10-04,139.3,139.3,136.75,137.9,137.63599728318724,1235271.0,4988.0,170017756.0,146971.0,11.9,2.55,-1.4,1475539200.0
2016-10-03,136.0,137.9,135.3,137.2,136.9619043588107,921444.0,4912.0,126202725.0,153809.0,16.69,2.6,1.2,1475452800.0
2016-09-30,133.5,135.5,132.0,134.65,134.3605506407425,1002977.0,5937.0,134760542.0,172053.0,17.15,3.5,1.15,1475193600.0
2016-09-29,144.55,145.45,129.4,133.1,135.92370683541589,2129234.0,12107.0,289413378.0,502981.0,23.62,16.05,-11.45,1475107200.0
2016-09-28,141.7,144.8,140.95,143.75,142.77075852801426,601283.0,4535.0,85845630.0,119565.0,19.88,3.85,2.05,1475020800.0
2016-09-27,144.05,144.05,140.6,141.1,142.09737362633638,589482.0,4182.0,83763844.0,147517.0,25.02,3.45,-2.95,1474934400.0
2016-09-26,146.4,146.9,142.5,142.85,144.32117886045074,1093836.0,6160.0,157863701.0,233693.0,21.36,4.4,-3.55,1474848000.0
2016-09-23,148.1,150.7,145.75,146.2,148.41924410717442,1335692.0,8138.0,198242397.0,226491.0,16.96,4.95,-1.9,1474588800.0
2016-09-22,145.9,147.7,145.6,147.1,146.65452615989437,555029.0,3516.0,81397515.0,143017.0,25.77,2.1,1.2,1474502400.0
2016-09-21,146.0,147.5,143.55,144.3,145.33825770861557,932301.0,5148.0,135499003.0,146993.0,15.77,3.95,-1.7,1474416000.0
2016-09-20,147.5,148.8,145.3,145.75,146.66063273744155,1333128.0,6859.0,195517396.0,247059.0,18.53,3.5,-1.75,1474329600.0
2016-09-19,148.8,149.35,146.55,147.25,147.76743282361682,790047.0,5110.0,116743217.0,96631.0,12.23,2.8,-1.55,1474243200.0
2016-09-16,153.0,153.45,145.7,146.7,149.55801020390493,1443565.0,8913.0,215896709.0,308649.0,21.38,7.75,-6.3,1473984000.0
2016-09-15,146.9,151.4,145.6,150.3,149.10781457206977,1882176.0,12701.0,280647150.0,200039.0,10.63,5.8,3.4,1473897600.0
2016-09-14,148.0,149.4,145.05,146.4,146.83578774438465,1151668.0,7388.0,169106078.0,176422.0,15.32,4.35,-1.6,1473811200.0
2016-09-12,150.9,153.7,146.3,147.5,149.26097257738658,1415620.0,10810.0,211296818.0,241893.0,17.09,7.4,-3.4,1473638400.0
2016-09-09,156.7,156.9,153.05,154.0,154.97822826223057,1501396.0,10926.0,232683692.0,204112.0,13.59,3.85,-2.7,1473379200.0
2016-09-08,159.0,162.8,153.55,156.85,157.8622364793539,4878650.0,34950.0,770154600.0,578738.0,11.86,9.25,-2.15,1473292800.0
2016-09-07,138.0,161.4,134.35,159.8,153.14425445957755,8436169.0,64358.0,1291950812.0,933735.0,11.07,27.05,21.8,1473206400.0
2016-09-06,136.6,138.9,136.6,138.35,138.23402545284225,548701.0,3322.0,75849148.0,93008.0,16.95,2.3,1.75,1473120000.0
2016-09-02,134.9,137.2,134.0,136.6,135.66795970749192,619470.0,5094.0,84042231.0,102759.0,16.59,3.2,1.7,1472774400.0
2016-09-01,138.85,139.95,134.8,135.6,137.67676664776604,520265.0,4113.0,71628403.0,151323.0,29.09,5.15,-3.25,1472688000.0
2016-08-31,139.55,141.55,137.85,139.05,140.43215188058844,558070.0,5385.0,78370971.0,93263.0,16.71,3.7,-0.5,1472601600.0
2016-08-30,140.0,142.25,139.35,140.65,140.4073615121888,549561.0,4162.0,77162410.0,100011.0,18.2,2.9,0.65,1472515200.0
2016-08-29,139.0,141.2,137.65,140.7,139.45432519053531,521688.0,3716.0,72751648.0,65978.0,12.65,3.55,1.7,1472428800.0
2016-08-26,140.45,142.4,138.1,139.5,140.1516901603946,698839.0,5084.0,97943467.0,72366.0,10.36,4.3,-0.95,1472169600.0
2016-08-25,137.0,142.0,136.3,140.85,139.7460866351193,1125502.0,6420.0,157284500.0,296172.0,26.31,5.7,3.85,1472083200.0
2016-08-24,136.7,138.2,135.55,136.75,136.70508902310607,660952.0,4252.0,90355502.0,170395.0,25.78,2.65,0.05,1471996800.0
2016-08-23,143.3,143.3,136.0,136.95,138.2976753624032,1167967.0,7597.0,161527121.0,358393.0,30.69,7.3,-6.35,1471910400.0
2016-08-22,141.5,146.05,141.5,143.55,144.39604418053972,969205.0,7108.0,139949368.0,193342.0,19.95,4.55,2.05,1471824000.0
2016-08-19,140.9,142.9,140.2,141.9,141.73548880845624,555330.0,3349.0,78709969.0,169083.0,30.45,2.7,1.0,1471564800.0
2016-08-18,138.6,141.2,138.0,140.15,139.89802670374485,483303.0,3257.0,67613136.0,122199.0,25.28,3.2,1.55,1471478400.0
2016-08-17,137.05,138.7,136.65,137.85,137.5540526889088,455352.0,2488.0,62635513.0,83199.0,18.27,2.05,0.8,1471392000.0
2016-08-16,139.5,139.5,135.65,137.35,136.86218292783929,615751.0,3486.0,84273026.0,70291.0,11.42,3.85,-2.15,1471305600.0
2016-08-12,137.9,139.45,137.25,138.3,138.2938523453844,595105.0,3691.0,82299363.0,135617.0,22.79,2.2,0.4,1470960000.0
2016-08-11,138.0,139.1,134.4,136.5,136.793770308256,675218.0,4992.0,92365616.0,146691.0,21.72,4.7,-1.5,1470873600.0
2016-08-10,139.0,141.05,134.7,136.25,137.9458241340564,962938.0,5097.0,132833276.0,189439.0,19.67,6.35,-2.75,1470787200.0
2016-08-09,140.0,142.1,138.65,139.65,140.24181751968806,790836.0,5178.0,110908278.0,86215.0,10.9,3.45,-0.35,1470700800.0
2016-08-08,138.3,141.7,136.2,140.1,138.7860914502115,1199363.0,6536.0,166454903.0,116902.0,9.75,5.5,1.8,1470614400.0
2016-08-05,135.0,138.65,134.95,137.75,137.363799844693,587224.0,4298.0,80663320.0,142728.0,24.31,3.7,2.75,1470355200.0
2016-08-04,135.0,135.5,132.15,133.9,133.4484503032385,1175972.0,6884.0,156931641.0,259977.0,22.11,3.35,-1.1,1470268800.0
2016-08-03,138.0,138.7,132.5,133.2,135.46872210342494,1022751.0,6638.0,138550771.0,239336.0,23.4,6.2,-4.8,1470182400.0
2016-08-02,142.0,143.9,138.25,138.75,141.13596733173338,558340.0,4823.0,78801856.0,125629.0,22.5,5.65,-3.25,1470096000.0
2016-08-01,146.0,149.0,141.05,141.8,144.6243018464504,950364.0,6591.0,137445730.0,190959.0,20.09,7.95,-4.2,1470009600.0
2016-07-29,149.4,149.4,145.1,145.8,146.29510996659744,832571.0,5767.0,121801066.0,237303.0,28.5,4.3,-3.6,1469750400.0
2016-07-28,149.85,151.15,147.25,149.3,149.64890516875832,886712.0,6389.0,132695480.0,184387.0,20.79,3.9,-0.55,1469664000.0
2016-07-27,147.0,151.25,146.45,148.5,149.13438941664174,769510.0,8470.0,114760404.0,127184.0,16.53,4.8,1.5,1469577600.0
2016-07-26,149.0,149.0,146.2,147.2,147.28556098889302,866666.0,6272.0,127647388.0,128657.0,14.85,2.8,-1.8,1469491200.0
2016-07-25,141.0,148.3,140.6,147.1,145.24903217934352,901510.0,6531.0,130943455.0,278037.0,30.84,7.7,6.1,1469404800.0
2016-07-22,140.3,142.2,139.7,141.05,140.71181098179144,677649.0,5182.0,95353218.0,51006.0,7.53,2.5,0.75,1469145600.0
2016-07-21,144.05,144.5,138.4,139.85,141.64378191910336,563534.0,4764.0,79821087.0,104699.0,18.58,6.1,-4.2,1469059200.0
2016-07-20,140.0,144.8,139.65,144.25,142.43676940408332,973777.0,8757.0,138701650.0,146989.0,15.09,5.15,4.25,1468972800.0
2016-07-19,140.0,140.5,137.25,139.5,139.20719937873673,692782.0,6120.0,96440242.0,71096.0,10.26,3.25,-0.5,1468886400.0
2016-07-18,142.8,144.8,138.75,139.75,142.11253008737557,756962.0,4933.0,107573785.0,122051.0,16.12,6.05,-3.05,1468800000.0
2016-07-15,144.5,145.5,142.2,142.8,143.47032417251853,410553.0,3776.0,58902172.0,88266.0,21.5,3.3,-1.7,1468540800.0
2016-07-14,141.95,145.0,140.25,144.5,143.2521772050769,718467.0,8279.0,102921962.0,140428.0,19.55,4.75,2.55,1468454400.0
2016-07-13,139.0,146.85,139.0,141.55,143.65822726128823,1660978.0,15908.0,238613155.0,233124.0,14.04,7.85,2.55,1468368000.0
2016-07-12,139.95,140.0,136.55,138.3,137.87944321977608,519415.0,5353.0,71616651.0,76821.0,14.79,3.45,-1.65,1468281600.0
2016-07-11,140.25,141.85,138.55,139.25,139.82653564994456,461824.0,3873.0,64575250.0,120728.0,26.14,3.3,-1.0,1468195200.0
2016-07-08,140.0,141.6,135.85,137.85,138.0499908755592,723332.0,5936.0,99855976.0,88925.0,12.29,5.75,-2.15,1467936000.0
2016-07-07,139.2,142.0,139.0,140.05,140.32361978188254,971495.0,6580.0,136323695.0,287281.0,29.57,3.0,0.85,1467849600.0
2016-07-05,138.1,141.35,136.9,139.4,139.8622308760151,1708692.0,11396.0,238981475.0,523549.0,30.64,4.45,1.3,1467676800.0
2016-07-04,133.05,138.7,133.05,138.05,136.73332249000262,1782970.0,11474.0,243791412.0,473211.0,26.54,5.65,5.0,1467590400.0
2016-07-01,129.0,132.85,128.75,131.9,131.411561626474,1454951.0,10140.0,191197383.0,321493.0,22.1,4.1,2.9,1467331200.0
2016-06-30,123.2,128.45,123.2,127.65,126.38975033784384,1972065.0,12291.0,249248803.0,444461.0,22.54,5.25,4.45,1467244800.0
2016-06-29,120.0,122.7,119.75,121.95,121.43147349284573,722786.0,5907.0,87768969.0,164089.0,22.7,2.95,1.95,1467158400.0
2016-06-28,119.95,120.55,118.7,119.2,119.48515830486643,458135.0,4206.0,54740333.0,115749.0,25.27,1.85,-0.75,1467072000.0
2016-06-27,119.0,120.5,118.5,119.05,119.31081189247652,512223.0,3669.0,61113742.0,105653.0,20.63,2.0,0.05,1466985600.0
2016-06-24,119.5,119.5,113.9,118.25,116.86637184870231,1073883.0,7404.0,125500810.0,257347.0,23.96,5.6,-1.25,1466726400.0
2016-06-23,122.9,123.4,119.9,122.55,121.8646843509188,674800.0,4541.0,82234289.0,96337.0,14.28,3.5,-0.35,1466640000.0
2016-06-22,122.6,123.15,121.55,122.6,122.31134903012585,409383.0,2736.0,50072187.0,67406.0,16.47,1.6,0.0,1466553600.0
2016-06-21,124.4,124.4,121.55,121.85,122.33740494901413,542209.0,4160.0,66332442.0,211210.0,38.95,2.85,-2.55,1466467200.0
2016-06-20,120.1,124.75,120.1,123.95,123.3778614850122,591214.0,4859.0,72942719.0,147777.0,25.0,4.65,3.85,1466380800.0
2016-06-17,122.15,123.85,121.5,122.3,122.51679141531666,674690.0,4866.0,82660854.0,181160.0,26.85,2.35,0.15,1466121600.0
2016-06-16,123.0,123.0,119.9,121.3,121.11461535750229,510682.0,3873.0,61851054.0,91667.0,17.95,3.1,-1.7,1466035200.0
2016-06-15,121.45,123.1,121.4,122.55,122.35264402268706,464406.0,3259.0,56821302.0,105292.0,22.67,1.7,1.1,1465948800.0
2016-06-14,121.4,122.0,120.0,121.4,121.14167708920877,489324.0,4231.0,59277530.0,108757.0,22.23,2.0,0.0,1465862400.0
2016-06-13,121.5,121.95,119.45,120.35,120.37838877494026,649903.0,4397.0,78234276.0,171933.0,26.46,2.5,-1.15,1465776000.0
2016-06-10,122.0,126.3,122.0,123.65,124.43475118039996,1560488.0,11557.0,194178936.0,267919.0,17.17,4.3,1.65,1465516800.0
2016-06-09,121.5,122.9,120.3,121.2,121.45980639598189,635524.0,4172.0,77190622.0,121243.0,19.08,2.6,-0.3,1465430400.0
2016-06-08,119.25,122.5,118.75,121.4,121.2294006784772,888755.0,7447.0,107743236.0,202614.0,22.8,3.75,2.15,1465344000.0
2016-06-07,119.8,120.7,117.8,119.25,119.12342616962543,903131.0,7059.0,107584059.0,299796.0,33.2,2.9,-0.55,1465257600.0
2016-06-06,118.4,119.3,117.1,118.05,118.11026152462374,557003.0,3432.0,65787770.0,131750.0,23.65,2.2,-0.35,1465171200.0
2016-06-03,121.0,121.0,117.7,117.95,118.95442678415036,600594.0,4181.0,71443315.0,175565.0,29.23,3.3,-3.05,1464912000.0
2016-06-02,118.65,120.35,117.1,119.95,118.88040241413772,691427.0,6166.0,82197120.0,135962.0,19.66,3.25,1.3,1464825600.0
2016-06-01,122.35,122.35,117.45,118.25,119.52082027001802,894681.0,6960.0,106933007.0,265183.0,29.64,4.9,-4.1,1464739200.0
2016-05-31,120.55,123.25,119.6,120.7,121.26034582080412,994677.0,8851.0,120614877.0,171469.0,17.24,3.65,0.15,1464652800.0
2016-05-30,123.8,125.75,120.25,120.75,122.83881420412644,1620515.0,9962.0,199062141.0,490444.0,30.26,5.5,-3.05,1464566400.0
2016-05-27,129.0,131.95,126.65,128.2,129.16012936558099,1330493.0,10475.0,171846648.0,235964.0,17.74,5.3,-0.8,1464307200.0
2016-05-26,124.0,129.0,123.85,128.45,126.29364043920236,1099903.0,9068.0,138910754.0,236623.0,21.51,5.15,4.45,1464220800.0
2016-05-25,119.0,123.2,118.75,122.65,121.11437603648424,733248.0,5557.0,88806874.0,160692.0,21.92,4.45,3.65,1464134400.0
2016-05-24,118.5,118.75,115.75,117.55,117.24645777496224,2052100.0,4546.0,240601456.0,1738030.0,84.7,3.0,-0.95,1464048000.0
2016-05-23,119.25,119.95,118.1,118.55,118.91534379326256,303380.0,2737.0,36076537.0,72163.0,23.79,1.85,-0.7,1463961600.0
2016-05-20,119.8,120.8,118.85,119.25,119.83701048678984,398406.0,3123.0,47743784.0,85771.0,21.53,1.95,-0.55,1463702400.0
2016-05-19,120.0,121.95,118.4,119.2,120.30014230639122,700601.0,4908.0,84282400.0,106509.0,15.2,3.55,-0.8,1463616000.0
2016-05-18,120.0,120.5,118.2,119.8,119.22566935705952,704482.0,6046.0,83992338.0,139532.0,19.81,2.3,-0.2,1463529600.0
2016-05-17,122.3,123.35,120.6,121.2,122.07447719637048,604816.0,4686.0,73832597.0,93092.0,15.39,2.75,-1.1,1463443200.0
2016-05-16,123.7,124.35,120.0,121.55,121.72406289013412,729717.0,6057.0,88824118.0,128781.0,17.65,4.35,-2.15,1463356800.0
2016-05-13,125.0,126.05,122.5,122.7,123.5783913680056,628360.0,4180.0,77651718.0,151710.0,24.14,3.55,-2.3,1463097600.0
2016-05-12,125.4,128.2,125.25,125.85,126.41212168461134,487424.0,3661.0,61616302.0,92187.0,18.91,2.95,0.45,1463011200.0
2016-05-11,126.7,127.95,124.7,126.25,126.52319600689164,552552.0,4856.0,69910645.0,125862.0,22.78,3.25,-0.45,1462924800.0
2016-05-10,126.6,130.25,126.2,128.65,128.72880741009484,675295.0,5077.0,86929920.0,150283.0,22.25,4.05,2.05,1462838400.0
2016-05-09,127.25,128.8,125.6,127.25,127.13921469041864,632031.0,4486.0,80355925.0,114614.0,18.13,3.2,0.0,1462752000.0
2016-05-06,122.55,127.4,120.6,126.75,124.06553878614748,830348.0,6335.0,103017572.0,151223.0,18.21,6.8,4.2,1462492800.0
2016-05-05,120.0,123.55,119.65,122.85,121.78622857220816,586388.0,4709.0,71413983.0,112208.0,19.14,3.9,2.85,1462406400.0
2016-05-04,124.0,124.65,119.05,119.8,121.97969404192888,792723.0,6219.0,96696109.0,213564.0,26.94,5.6,-4.2,1462320000.0
2016-05-03,128.7,129.65,123.95,124.5,126.9018367773513,688924.0,4688.0,87425721.0,138708.0,20.13,5.7,-4.2,1462233600.0
2016-05-02,125.25,128.9,123.75,127.8,126.91908212019912,670371.0,5359.0,85082872.0,125648.0,18.74,5.15,2.55,1462147200.0
2016-04-29,124.9,126.8,123.3,125.4,125.13230276059393,653229.0,4636.0,81740049.0,111601.0,17.08,3.5,0.5,1461888000.0
2016-04-28,128.4,128.6,123.9,124.9,125.40012006488855,1046101.0,8383.0,131181191.0,283268.0,27.08,4.7,-3.5,1461801600.0
2016-04-27,129.75,131.25,127.3,127.95,129.1300189419847,621371.0,5070.0,80237649.0,112817.0,18.16,3.95,-1.8,1461715200.0
2016-04-26,124.6,130.75,124.6,129.1,128.63667340424357,905370.0,6661.0,116463785.0,190910.0,21.09,6.15,4.5,1461628800.0
2016-04-25,126.0,127.75,124.4,125.75,125.79717557992815,618180.0,5176.0,77765298.0,127145.0,20.57,3.35,-0.25,1461542400.0
2016-04-22,128.8,128.8,126.4,127.7,127.48778420293651,694838.0,6021.0,88583357.0,94119.0,13.55,2.4,-1.1,1461283200.0
2016-04-21,133.9,134.7,128.15,129.05,130.5710462397802,1252839.0,9146.0,163584499.0,240567.0,19.2,6.55,-4.85,1461196800.0
2016-04-20,132.3,134.2,131.75,132.85,132.9538598208127,830751.0,5739.0,110451552.0,191707.0,23.08,2.45,0.55,1461110400.0
2016-04-18,134.15,134.7,131.45,132.35,132.6898929527002,866346.0,6517.0,114955358.0,182431.0,21.06,3.25,-1.8,1460937600.0
2016-04-13,128.0,135.4,128.0,133.35,132.2061606835198,1816714.0,13101.0,240180783.0,268441.0,14.78,7.4,5.35,1460505600.0
2016-04-12,127.95,128.95,126.25,127.15,127.57150297589857,1019524.0,6554.0,130062209.0,219474.0,21.53,2.7,-0.8,1460419200.0
2016-04-11,123.3,127.95,123.3,127.35,125.6461006875508,2136133.0,13895.0,268396782.0,404718.0,18.95,4.65,4.05,1460332800.0
2016-04-08,119.2,122.95,117.9,122.45,121.11694972855312,2324580.0,15638.0,281546039.0,407246.0,17.52,5.05,3.25,1460073600.0
2016-04-07,115.0,121.4,112.75,119.3,117.80351387677824,4774271.0,33947.0,562425900.0,571631.0,11.97,8.65,4.3,1459987200.0
2016-04-06,114.2,115.7,112.8,114.0,114.09332853214613,885892.0,6581.0,101074367.0,178454.0,20.14,2.9,-0.2,1459900800.0
2016-04-05,116.9,117.9,112.3,112.8,114.91644512240929,958424.0,6761.0,110138679.0,233876.0,24.4,5.6,-4.1,1459814400.0
2016-04-04,117.1,118.8,114.75,117.1,116.6325678335912,778228.0,5963.0,90766730.0,118222.0,15.19,4.05,0.0,1459728000.0
2016-04-01,113.75,120.6,113.5,116.9,118.1987118898046,1735100.0,12539.0,205086585.0,192819.0,11.11,7.1,3.15,1459468800.0
2016-03-31,114.0,115.7,113.15,113.75,114.04072152497996,517515.0,3860.0,59017784.0,134331.0,25.96,2.55,-0.25,1459382400.0
2016-03-30,112.45,115.95,111.4,114.85,113.6015105850462,630087.0,5296.0,71578835.0,133352.0,21.16,4.55,2.4,1459296000.0
2016-03-29,113.7,114.2,110.5,111.1,112.11957494124107,671813.0,5745.0,75323388.0,197990.0,29.47,3.7,-2.6,1459209600.0
2016-03-28,117.4,117.7,112.45,113.15,114.91899477251286,552273.0,4721.0,63466658.0,155899.0,28.23,5.25,-4.25,1459123200.0
2016-03-23,117.2,117.8,115.95,116.55,116.81897967964642,818096.0,5923.0,95569140.0,203927.0,24.93,1.85,-0.65,1458691200.0
2016-03-22,113.0,117.25,112.55,116.75,115.96682002748699,1661876.0,11956.0,192722475.0,296620.0,17.85,4.7,3.75,1458604800.0
2016-03-21,113.9,113.95,111.1,111.95,112.16984946794388,825007.0,5910.0,92540911.0,175438.0,21.27,2.85,-1.95,1458518400.0
2016-03-18,112.0,114.25,111.25,113.35,112.79595588825623,1245564.0,8451.0,140494582.0,313684.0,25.18,3.0,1.35,1458259200.0
2016-03-17,107.15,112.3,106.95,110.85,109.9421841579257,1713008.0,10577.0,188331841.0,407237.0,23.77,5.35,3.7,1458172800.0
2016-03-16,107.5,108.5,105.2,106.35,106.69085149744056,876362.0,6639.0,93499808.0,208284.0,23.77,3.3,-1.15,1458086400.0
2016-03-15,105.1,107.1,105.1,106.15,106.14864765842242,518582.0,4018.0,55046778.0,157459.0,30.36,2.0,1.05,1458000000.0
2016-03-14,104.75,106.8,102.9,105.6,105.34290336070656,1178889.0,8193.0,124187590.0,216665.0,18.38,3.9,0.85,1457913600.0
2016-03-11,104.4,105.15,102.85,103.65,103.87093545508469,949153.0,6821.0,98589410.0,232502.0,24.5,2.3,-0.75,1457654400.0
2016-03-10,107.2,107.5,103.6,104.35,105.27758262035609,1396024.0,8008.0,146970032.0,392147.0,28.09,3.9,-2.85,1457568000.0
2016-03-09,105.5,107.9,103.65,107.65,106.197378590751,869456.0,6571.0,92333948.0,141882.0,16.32,4.25,2.15,1457481600.0
2016-03-08,107.25,111.0,104.85,106.1,107.95127546733265,1535202.0,10769.0,165727014.0,355049.0,23.13,6.15,-1.15,1457395200.0
2016-03-04,103.95,107.95,102.1,107.25,105.90481836213164,1926443.0,15364.0,204019596.0,319181.0,16.57,5.85,3.3,1457049600.0
2016-03-03,98.1,103.9,97.2,103.1,101.44195412891537,2414375.0,17305.0,244918918.0,511954.0,21.2,6.7,5.0,1456963200.0
2016-03-02,96.95,101.75,95.75,97.25,98.33171992775613,2601743.0,18776.0,255833864.0,478890.0,18.41,6.0,0.3,1456876800.0
2016-03-01,91.5,93.5,90.85,92.7,92.02567842381023,1225893.0,8860.0,112813635.0,241781.0,19.72,2.65,1.2,1456790400.0
2016-02-29,96.0,96.55,90.4,91.1,93.8114966332224,1603165.0,10439.0,150395308.0,343202.0,21.41,6.15,-4.9,1456704000.0
2016-02-26,95.25,96.65,93.8,95.1,95.22854394830117,954451.0,6512.0,90890979.0,265197.0,27.79,2.85,-0.15,1456444800.0
2016-02-25,94.8,94.9,91.4,94.35,93.571501796478,1623176.0,10926.0,151883016.0,299963.0,18.48,3.5,-0.45,1456358400.0
2016-02-24,98.2,98.2,93.05,93.6,95.45063114927864,1632102.0,11227.0,155785166.0,523086.0,32.05,5.15,-4.6,1456272000.0
2016-02-23,102.6,102.6,98.0,98.5,99.9340852874705,1723864.0,10315.0,172272772.0,456755.0,26.5,4.6,-4.1,1456185600.0
2016-02-22,103.8,103.8,100.65,101.25,101.63645978887057,1083506.0,8657.0,110123714.0,230618.0,21.28,3.15,-2.55,1456099200.0
2016-02-19,100.9,105.2,98.75,101.9,102.31171991841585,1941063.0,14788.0,198593494.0,253664.0,13.07,6.45,1.0,1455840000.0
2016-02-18,108.7,108.95,101.4,103.8,104.27579456948736,1641392.0,12556.0,171157455.0,347389.0,21.16,7.55,-4.9,1455753600.0
2016-02-17,104.0,106.3,100.1,105.75,103.56850416904369,1323445.0,9240.0,137067219.0,197796.0,14.95,6.2,1.75,1455667200.0
2016-02-16,109.95,110.5,101.7,103.25,106.01393997387069,1458898.0,9907.0,154663525.0,262887.0,18.02,8.8,-6.7,1455580800.0
2016-02-15,107.65,109.5,102.15,107.95,106.38751467511715,1812592.0,14950.0,192837158.0,273236.0,15.07,7.35,0.3,1455494400.0
2016-02-12,115.0,115.0,102.4,104.55,106.60673807259492,3171352.0,24897.0,338087492.0,710194.0,22.39,12.6,-10.45,1455235200.0
2016-02-11,127.9,127.9,119.4,120.35,122.97490257020408,823670.0,8337.0,101290738.0,266183.0,32.32,8.5,-7.55,1455148800.0
2016-02-10,131.75,131.75,126.7,128.05,128.83982859487602,406989.0,3581.0,52436393.0,95636.0,23.5,5.05,-3.7,1455062400.0
2016-02-09,131.2,133.5,130.1,131.4,131.5686019118671,389253.0,3168.0,51213473.0,46723.0,12.0,3.4,0.2,1454976000.0
2016-02-08,134.7,137.8,132.1,132.55,134.9043848271782,527364.0,5030.0,71143716.0,108205.0,20.52,5.7,-2.15,1454889600.0
2016-02-05,129.95,133.4,128.6,132.8,131.5770100403194,379470.0,3796.0,49929528.0,82277.0,21.68,4.8,2.85,1454630400.0
2016-02-04,129.0,131.3,127.3,129.55,129.46275916755292,591461.0,5374.0,76572173.0,72296.0,12.22,4.0,0.55,1454544000.0
2016-02-03,132.3,133.15,128.0,128.3,129.57485399693928,710944.0,6980.0,92120465.0,199059.0,28.0,5.15,-4.0,1454457600.0
2016-02-02,140.75,140.75,134.0,134.85,137.50586922852804,521704.0,5033.0,71737362.0,139721.0,26.78,6.75,-5.9,1454371200.0
2016-02-01,140.0,144.75,136.85,140.45,140.88403322306874,1016041.0,10101.0,143143954.0,185237.0,18.23,7.9,0.45,1454284800.0
2016-01-29,137.0,139.6,136.65,138.85,138.38565708347764,360875.0,3818.0,49939924.0,73460.0,20.36,2.95,1.85,1454025600.0
2016-01-28,140.0,140.5,136.05,136.85,137.84936160353084,535169.0,5188.0,73772705.0,111591.0,20.85,4.45,-3.15,1453939200.0
2016-01-27,146.2,146.5,139.05,139.6,141.2099127383079,505491.0,6040.0,71380340.0,148395.0,29.36,7.45,-6.6,1453852800.0
2016-01-25,148.0,151.4,144.6,145.6,148.00815643045846,342184.0,5162.0,50646023.0,60672.0,17.73,6.8,-2.4,1453680000.0
2016-01-22,146.75,147.85,143.8,147.3,146.05574808525992,310486.0,2991.0,45348265.0,66216.0,21.33,4.05,0.55,1453420800.0
2016-01-21,145.0,147.4,141.75,143.25,144.6809114119887,434359.0,4197.0,62843456.0,56721.0,13.06,5.65,-1.75,1453334400.0
2016-01-20,141.0,143.95,136.2,142.65,139.87171376892817,651278.0,7709.0,91095370.0,138441.0,21.26,7.75,1.65,1453248000.0
2016-01-19,143.0,145.0,136.65,144.2,141.9715834243761,444846.0,5400.0,63155491.0,53156.0,11.95,8.35,1.2,1453161600.0
2016-01-18,136.0,148.0,131.9,142.35,141.84534296095043,1091305.0,10569.0,154796532.0,162860.0,14.92,16.1,6.35,1453075200.0
2016-01-15,143.8,145.0,135.5,136.5,140.20975941841803,571407.0,6832.0,80116838.0,163030.0,28.53,9.5,-7.3,1452816000.0
2016-01-14,146.0,146.8,142.65,143.8,144.34989942177592,372347.0,4220.0,53748252.0,86681.0,23.28,4.15,-2.2,1452729600.0
2016-01-13,152.0,153.25,143.05,147.95,147.74933081962928,535730.0,5273.0,79153749.0,138490.0,25.85,10.2,-4.05,1452643200.0
2016-01-12,150.0,153.4,149.35,150.5,151.1918954906971,416805.0,4339.0,63017538.0,95747.0,22.97,4.05,0.5,1452556800.0
2016-01-11,153.0,153.0,148.3,149.75,149.85281462676247,419505.0,4988.0,62864005.0,114273.0,27.24,4.7,-3.25,1452470400.0
2016-01-08,157.0,157.0,152.3,153.7,154.36468763133826,485388.0,5013.0,74926767.0,154442.0,31.82,4.7,-3.3,1452211200.0
2016-01-07,164.5,164.5,153.0,153.85,157.0741137547897,848439.0,9043.0,133267804.0,332826.0,39.23,11.5,-10.65,1452124800.0
2016-01-06,167.0,175.0,164.8,165.4,166.8575810748756,4274783.0,4863.0,713279951.0,3950132.0,92.41,10.2,-1.6,1452038400.0
2016-01-05,165.15,168.05,164.3,166.45,166.27900789039083,294282.0,3420.0,48932919.0,59203.0,20.12,3.75,1.3,1451952000.0
2016-01-04,170.9,170.95,164.0,165.1,167.30119333937887,456534.0,4034.0,76378683.0,148917.0,32.62,6.95,-5.8,1451865600.0
2016-01-01,169.0,172.25,168.4,171.0,170.8457830307049,307638.0,2879.0,52558655.0,67151.0,21.83,3.85,2.0,1451606400.0
2015-12-31,170.0,170.25,167.45,169.25,168.88339797161638,233092.0,2130.0,39365369.0,74067.0,31.78,2.8,-0.75,1451520000.0
2015-12-30,169.25,170.9,168.5,169.5,169.8773146152895,266837.0,3087.0,45329553.0,56651.0,21.23,2.4,0.25,1451433600.0
2015-12-29,173.3,173.3,166.45,168.65,168.9171253965867,405649.0,4114.0,68521063.0,80799.0,19.92,6.85,-4.65,1451347200.0
2015-12-28,174.0,174.3,171.25,171.65,172.64461255063557,229088.0,2497.0,39550809.0,74555.0,32.54,3.05,-2.35,1451260800.0
2015-12-24,173.5,174.6,171.55,172.5,172.9471007480083,538363.0,3643.0,93108320.0,225399.0,41.87,3.05,-1.0,1450915200.0
2015-12-23,167.0,172.9,167.0,172.1,171.18586623365758,525932.0,5571.0,90032125.0,128256.0,24.39,5.9,5.1,1450828800.0
2015-12-22,168.5,168.65,165.3,166.15,167.22559986398124,282314.0,2548.0,47210128.0,65028.0,23.03,3.35,-2.35,1450742400.0
2015-12-21,166.1,168.4,166.05,167.15,167.35988663977994,155963.0,2279.0,26101950.0,42309.0,27.13,2.35,1.05,1450656000.0
2015-12-18,169.0,169.0,165.5,166.85,167.20986503868838,251109.0,3665.0,41987902.0,63968.0,25.47,3.5,-2.15,1450396800.0
2015-12-17,169.2,170.1,165.55,168.9,167.82928816225632,391578.0,3739.0,65718257.0,97505.0,24.9,4.55,-0.3,1450310400.0
2015-12-16,167.0,170.1,167.0,168.05,168.76854949599942,277083.0,3372.0,46762896.0,55783.0,20.13,3.1,1.05,1450224000.0
2015-12-15,167.0,167.9,164.25,166.1,165.63591586141496,244644.0,2761.0,40521833.0,42311.0,17.29,3.65,-0.9,1450137600.0
2015-12-14,166.0,169.0,164.25,167.05,167.39601770740794,266781.0,2858.0,44658077.0,55267.0,20.72,4.75,1.05,1450051200.0
2015-12-11,168.5,168.5,164.15,165.45,165.5511879536671,345931.0,3339.0,57269288.0,67667.0,19.56,4.35,-3.05,1449792000.0
2015-12-10,169.5,170.65,165.75,167.55,167.57677999629982,351335.0,3672.0,58875588.0,80012.0,22.77,4.9,-1.95,1449705600.0
2015-12-09,166.2,171.0,166.2,168.95,168.97542935162062,740477.0,8103.0,125122419.0,,,4.8,2.75,1449619200.0
2015-12-08,168.5,168.5,164.1,164.65,165.73151444009864,420842.0,6718.0,69746782.0,110492.0,26.25,4.4,-3.85,1449532800.0
2015-12-07,170.0,170.6,168.1,169.1,169.100248117164,227715.0,3563.0,38506663.0,49178.0,21.6,2.5,-0.9,1449446400.0
2015-12-04,166.8,170.6,166.35,168.65,168.78688207499374,434276.0,5774.0,73300092.0,95709.0,22.04,4.25,1.85,1449187200.0
2015-12-03,173.0,173.0,168.35,168.8,170.01094203285456,561870.0,7975.0,95524048.0,175618.0,31.26,4.65,-4.2,1449100800.0
2015-12-02,175.9,176.5,172.8,173.1,173.8247516945387,389339.0,4152.0,67676755.0,111944.0,28.75,3.7,-2.8,1449014400.0
2015-12-01,177.0,177.0,174.6,175.6,175.6953141324789,229712.0,3009.0,40359322.0,52760.0,22.97,2.4,-1.4,1448928000.0
2015-11-30,177.8,178.2,175.0,175.45,176.59310168926208,254845.0,4166.0,45003869.0,58236.0,22.85,3.2,-2.35,1448841600.0
2015-11-27,173.35,177.6,173.35,175.95,175.9597715470697,349131.0,5108.0,61433011.0,88083.0,25.23,4.25,2.6,1448582400.0
2015-11-26,174.95,175.8,173.0,173.35,174.2166595024448,297776.0,5134.0,51877540.0,99390.0,33.38,2.8,-1.6,1448496000.0
2015-11-24,175.25,176.45,173.5,174.0,175.04050275407494,249267.0,3356.0,43631821.0,62448.0,25.05,2.95,-1.25,1448323200.0
2015-11-23,177.0,179.0,174.55,175.25,176.95208186822512,371133.0,4210.0,65672757.0,73505.0,19.81,4.45,-1.75,1448236800.0
2015-11-20,176.7,178.8,174.85,176.25,176.72052172788844,417689.0,4206.0,73814218.0,77283.0,18.5,3.95,-0.45,1447977600.0
2015-11-19,175.3,176.4,174.0,175.8,175.51640991292703,353841.0,3886.0,62104902.0,69354.0,19.6,2.4,0.5,1447891200.0
2015-11-18,179.0,180.3,173.95,174.65,177.2858641614079,569043.0,6628.0,100883280.0,146749.0,25.79,6.35,-4.35,1447804800.0
2015-11-17,180.0,181.5,177.95,178.85,179.6688880771878,402447.0,4988.0,72307205.0,77363.0,19.22,3.55,-1.15,1447718400.0
2015-11-16,178.0,180.9,176.15,178.3,178.82175059523522,414122.0,5673.0,74054021.0,81668.0,19.72,4.75,0.3,1447632000.0
2015-11-13,179.8,181.1,176.85,177.85,178.71266356052783,394273.0,4951.0,70461578.0,86700.0,21.99,4.25,-1.95,1447372800.0
2015-11-11,181.1,181.1,179.15,180.55,180.28796070073287,115422.0,2542.0,20809197.0,43555.0,37.74,1.95,-0.55,1447200000.0
2015-11-10,184.0,184.0,177.3,178.35,179.92925877537556,691167.0,7417.0,124361166.0,180858.0,26.17,6.7,-5.65,1447113600.0
2015-11-09,188.0,190.0,183.05,184.4,185.6970188376667,834339.0,9277.0,154934265.0,245843.0,29.47,6.95,-3.6,1447027200.0
2015-11-06,195.1,196.9,184.35,191.8,190.62220754625943,1658040.0,18445.0,316059245.0,137947.0,8.32,12.55,-3.3,1446768000.0
2015-11-05,201.0,201.3,192.65,194.2,197.7837054062531,427246.0,4326.0,84502297.0,94467.0,22.11,8.65,-6.8,1446681600.0
2015-11-04,201.3,203.3,200.0,200.85,201.5552296419069,275124.0,3308.0,55452681.0,44144.0,16.05,3.3,-0.45,1446595200.0
2015-11-03,200.85,202.45,198.7,200.65,200.7006832095223,352015.0,4204.0,70649651.0,70687.0,20.08,3.75,-0.2,1446508800.0
2015-11-02,198.85,202.7,197.75,200.1,199.84126662829163,316178.0,4024.0,63185412.0,57181.0,18.09,4.95,1.25,1446422400.0
2015-10-30,203.25,204.55,197.8,198.85,200.85307695897387,600008.0,7762.0,120513453.0,129540.0,21.59,6.75,-4.4,1446163200.0
2015-10-29,214.0,214.0,202.25,203.25,204.8236490729676,705423.0,8730.0,144487313.0,221078.0,31.34,11.75,-10.75,1446076800.0
2015-10-28,214.0,216.8,211.5,212.55,213.8068302908551,228980.0,3555.0,48957488.0,49127.0,21.45,5.3,-1.45,1445990400.0
2015-10-27,217.5,219.7,213.5,214.45,215.52487719704789,371123.0,4246.0,79986239.0,42528.0,11.46,6.2,-3.05,1445904000.0
2015-10-26,211.0,219.1,209.7,217.55,216.30834711313665,768637.0,9194.0,166262599.0,148699.0,19.35,9.4,6.55,1445817600.0
2015-10-23,211.0,211.5,208.5,209.75,209.72009717314486,294320.0,3531.0,61724819.0,67301.0,22.87,3.0,-1.25,1445558400.0
2015-10-21,212.0,213.7,207.75,208.25,210.4467974207867,475804.0,6856.0,100131428.0,110243.0,23.17,5.95,-3.75,1445385600.0
2015-10-20,214.8,216.6,211.35,212.0,214.06658691641758,366979.0,4675.0,78557942.0,75839.0,20.67,5.25,-2.8,1445299200.0
2015-10-19,213.5,216.0,211.2,214.1,213.99771830803763,324759.0,5258.0,69497685.0,59389.0,18.29,4.8,0.6,1445212800.0
2015-10-16,213.9,214.0,210.0,213.4,212.4246818958445,515633.0,6082.0,109533176.0,101788.0,19.74,4.0,-0.5,1444953600.0
2015-10-15,205.5,212.5,205.5,211.7,209.88230127817408,672913.0,8953.0,141232529.0,132939.0,19.76,7.0,6.2,1444867200.0
2015-10-14,209.1,209.45,204.3,205.5,206.96948561689155,388407.0,4726.0,80388397.0,63202.0,16.27,5.15,-3.6,1444780800.0
2015-10-13,208.0,209.9,206.3,208.45,208.19271801181256,627466.0,6520.0,130633852.0,158075.0,25.19,3.6,0.45,1444694400.0
2015-10-12,203.0,208.7,201.7,205.6,205.8242411346596,615656.0,7103.0,126716929.0,107485.0,17.46,7.0,2.6,1444608000.0
2015-10-09,205.4,206.35,200.85,202.05,203.63061060748944,525968.0,5432.0,107103185.0,94003.0,17.87,5.5,-3.35,1444348800.0
2015-10-08,204.0,206.3,200.7,203.85,203.843985188776,655989.0,7422.0,133719412.0,88892.0,13.55,5.6,-0.15,1444262400.0
2015-10-07,198.2,203.0,197.5,202.7,200.34644497657231,694904.0,8195.0,139221546.0,108359.0,15.59,5.5,4.5,1444176000.0
2015-10-06,205.85,206.0,197.15,198.05,199.33396281322558,800661.0,9064.0,159598930.0,171919.0,21.47,8.85,-7.8,1444089600.0
2015-10-05,201.0,204.6,200.35,203.8,203.0215026889932,324099.0,3741.0,65799066.0,53306.0,16.45,4.25,2.8,1444003200.0
2015-10-01,208.0,208.0,198.95,199.7,201.66421892090358,389474.0,5499.0,78542970.0,66721.0,17.13,9.05,-8.3,1443657600.0
2015-09-30,198.6,206.4,198.3,205.55,202.4593029000304,516167.0,6925.0,104502811.0,123781.0,23.98,8.1,6.95,1443571200.0
2015-09-29,193.9,200.4,192.1,197.3,197.18317703816132,516544.0,6111.0,101853787.0,74491.0,14.42,8.3,3.4,1443484800.0
2015-09-28,198.1,199.85,194.3,195.05,195.8805289482473,485038.0,6902.0,95009500.0,150349.0,31.0,5.55,-3.05,1443398400.0
2015-09-24,198.55,199.95,193.15,197.65,197.04549898156282,759006.0,8887.0,149558716.0,123513.0,16.27,6.8,-0.9,1443052800.0
2015-09-23,201.3,203.3,197.45,199.15,199.70825967286788,690669.0,9586.0,137932304.0,149991.0,21.72,5.85,-2.15,1442966400.0
2015-09-22,209.0,210.0,200.35,201.65,205.02190059814487,562907.0,8395.0,115408263.0,131185.0,23.3,9.65,-7.35,1442880000.0
2015-09-21,207.4,208.7,205.7,207.4,207.34416260118653,295988.0,5428.0,61371384.0,53065.0,17.93,3.0,0.0,1442793600.0
2015-09-18,212.9,214.05,206.5,208.9,210.60407504595642,356315.0,5165.0,75041391.0,71363.0,20.03,7.55,-4.0,1442534400.0
2015-09-16,212.7,213.7,207.8,210.3,210.22520007035442,272904.0,3692.0,57371298.0,39201.0,14.36,5.9,-2.4,1442361600.0
2015-09-15,213.9,214.35,210.35,211.7,212.71411450660702,451415.0,3888.0,96022342.0,251320.0,55.67,4.0,-2.2,1442275200.0
2015-09-14,213.9,214.4,210.7,213.0,212.73919329247173,248318.0,3122.0,52826971.0,41186.0,16.59,3.7,-0.9,1442188800.0
2015-09-11,217.5,217.85,210.5,211.75,212.82392154234523,447630.0,6899.0,95266372.0,64298.0,14.36,7.35,-5.75,1441929600.0
2015-09-10,209.1,217.6,205.5,216.55,213.6638044103963,3505626.0,8673.0,749025388.0,2930692.0,83.6,12.1,7.45,1441843200.0
2015-09-09,214.0,218.35,211.3,212.85,214.44520511666087,302072.0,5112.0,64777892.0,32285.0,10.69,7.05,-1.15,1441756800.0
2015-09-08,200.9,213.7,198.15,212.2,206.4418552725671,662846.0,8626.0,136839158.0,77179.0,11.64,15.55,11.3,1441670400.0
2015-09-07,206.65,208.4,199.8,200.95,202.16203066391682,1224762.0,7156.0,247600373.0,866024.0,70.71,8.6,-5.7,1441584000.0
2015-09-04,210.8,210.8,204.15,206.65,206.66927696314136,655098.0,7418.0,135388630.0,346703.0,52.92,6.65,-4.15,1441324800.0
2015-09-03,209.0,215.4,207.9,211.55,211.9656220414975,391879.0,6690.0,83064876.0,43120.0,11.0,7.5,2.55,1441238400.0
2015-09-02,218.9,220.4,205.25,206.55,211.2795672510516,598407.0,8764.0,126431172.0,194301.0,32.47,15.15,-12.35,1441152000.0
2015-09-01,225.0,227.9,215.4,217.65,222.05869468661564,394005.0,6025.0,87492236.0,76670.0,19.46,12.5,-7.35,1441065600.0
2015-08-31,231.6,233.25,224.5,226.5,228.71680480347737,271470.0,4035.0,62089751.0,48076.0,17.71,8.75,-5.1,1440979200.0
2015-08-28,235.0,239.4,231.7,234.6,236.05452243005627,330873.0,5473.0,78104068.0,54236.0,16.39,7.7,-0.4,1440720000.0
2015-08-27,241.0,242.25,229.1,231.7,232.09811950238517,785909.0,9110.0,182408001.0,224988.0,28.63,13.15,-9.3,1440633600.0
2015-08-26,230.0,242.7,224.1,240.2,233.3711727362976,459336.0,6073.0,107195781.0,85774.0,18.67,18.6,10.2,1440547200.0
2015-08-25,234.0,236.5,214.7,232.2,225.93045889687923,413971.0,5780.0,93528658.0,53195.0,12.85,21.8,-1.8,1440460800.0
2015-08-24,245.0,245.0,225.1,229.6,232.1588490153908,417069.0,7398.0,96826259.0,88185.0,21.14,19.9,-15.4,1440374400.0
2015-08-21,252.0,252.0,243.8,248.95,247.36492744157226,238842.0,3662.0,59081134.0,31310.0,13.11,8.2,-3.05,1440115200.0
2015-08-20,260.35,261.55,252.1,253.35,255.9605329896003,262219.0,4252.0,67117715.0,51592.0,19.68,9.45,-7.0,1440028800.0
2015-08-19,261.25,263.7,258.0,262.0,260.9464774320861,218917.0,2629.0,57125620.0,24704.0,11.28,5.7,0.75,1439942400.0
2015-08-18,263.0,264.15,258.8,261.25,261.14028527983294,176248.0,2644.0,46025453.0,30958.0,17.57,5.35,-1.75,1439856000.0
2015-08-17,261.05,263.9,256.0,261.35,259.8595672308133,216374.0,3812.0,56226854.0,21245.0,9.82,7.9,0.3,1439769600.0
2015-08-14,258.3,264.15,257.35,261.65,260.8733422332676,216481.0,3069.0,56474122.0,25648.0,11.85,6.8,3.35,1439510400.0
2015-08-13,260.6,264.2,252.6,258.3,257.78690556378825,296920.0,5325.0,76542088.0,52402.0,17.65,11.6,-2.3,1439424000.0
2015-08-12,265.9,266.3,257.3,259.75,261.20856813240454,270444.0,3428.0,70642290.0,50123.0,18.53,9.0,-6.15,1439337600.0
2015-08-11,272.0,273.75,266.05,266.85,267.8928291112052,309599.0,4494.0,82939352.0,43441.0,14.03,7.7,-5.15,1439251200.0
2015-08-10,261.0,273.6,260.0,271.15,269.7836796558668,1385510.0,12859.0,373787986.0,111970.0,8.08,13.6,10.15,1439164800.0
2015-08-07,283.7,284.0,252.85,265.8,264.6295736186076,2542489.0,30959.0,672817780.0,140187.0,5.51,31.15,-17.9,1438905600.0
2015-08-06,281.9,285.5,279.1,282.2,282.5537233476897,300912.0,4727.0,85023806.0,65297.0,21.7,6.4,0.3,1438819200.0
2015-08-05,282.2,287.9,279.3,280.4,283.5491581721596,266741.0,4036.0,75634186.0,45351.0,17.0,8.6,-1.8,1438732800.0
2015-08-04,281.0,285.45,278.45,282.0,281.7858930276097,215794.0,3568.0,60807705.0,36839.0,17.07,7.0,1.0,1438646400.0
2015-08-03,278.0,287.3,275.45,283.1,281.7862880663378,366367.0,5075.0,103237197.0,55593.0,15.17,11.85,5.1,1438560000.0
2015-07-31,287.8,289.6,277.1,278.7,283.25083800363024,301908.0,4510.0,85515694.0,51421.0,17.03,12.5,-9.1,1438300800.0
2015-07-30,286.0,288.25,282.55,286.85,286.1537697835448,274976.0,3859.0,78685419.0,63715.0,23.17,5.7,0.85,1438214400.0
2015-07-29,278.9,285.3,278.9,283.2,283.13758218248415,198187.0,3170.0,56114188.0,34389.0,17.35,6.4,4.3,1438128000.0
2015-07-28,273.0,279.7,273.0,278.25,277.3500722342017,233269.0,3399.0,64697174.0,40940.0,17.55,6.7,5.25,1438041600.0
2015-07-27,280.35,282.15,271.05,272.15,275.93542799891287,246531.0,4130.0,68026637.0,60728.0,24.63,11.1,-8.2,1437955200.0
2015-07-24,285.0,286.9,279.65,280.35,282.69948520878177,207657.0,2738.0,58704527.0,31314.0,15.08,7.25,-4.65,1437696000.0
2015-07-23,286.0,288.9,282.55,284.9,285.29259693929816,214722.0,3014.0,61258597.0,19895.0,9.27,6.35,-1.1,1437609600.0
2015-07-22,282.0,286.8,280.05,285.1,284.36278779120863,204836.0,3524.0,58247736.0,31035.0,15.15,6.75,3.1,1437523200.0
2015-07-21,283.3,289.85,279.55,283.65,285.0080313605507,324229.0,4837.0,92407869.0,62222.0,19.19,10.3,0.35,1437436800.0
2015-07-20,285.8,285.8,279.5,282.45,282.11719153329886,222755.0,2779.0,62843015.0,63196.0,28.37,6.3,-3.35,1437350400.0
2015-07-17,280.9,286.5,280.1,285.4,283.34343274225967,555148.0,5429.0,157297540.0,69023.0,12.43,6.4,4.5,1437091200.0
2015-07-16,273.0,281.5,272.15,279.75,276.8038975696771,335799.0,5293.0,92950472.0,64571.0,19.23,9.35,6.75,1437004800.0
2015-07-15,273.0,276.15,271.65,273.3,274.1499507532514,178692.0,3018.0,48988403.0,26011.0,14.56,4.5,0.3,1436918400.0
2015-07-14,269.0,274.2,267.7,273.05,272.4398239957824,246585.0,4076.0,67179574.0,44372.0,17.99,6.5,4.05,1436832000.0
2015-07-13,268.0,270.7,265.4,269.4,268.14473477509557,267358.0,3293.0,71690640.0,53375.0,19.96,5.3,1.4,1436745600.0
2015-07-10,267.6,270.6,265.4,268.85,268.7660288724152,640750.0,6997.0,172211833.0,110855.0,17.3,5.2,1.25,1436486400.0
2015-07-09,255.0,265.6,254.8,264.35,262.79100610102824,571543.0,6967.0,150196360.0,82249.0,14.39,10.8,9.35,1436400000.0
2015-07-08,258.0,258.0,249.0,255.2,253.661177185878,266449.0,3733.0,67587767.0,29248.0,10.98,9.0,-2.8,1436313600.0
2015-07-07,259.1,262.35,256.85,258.95,259.42209452127724,246061.0,3678.0,63833660.0,58316.0,23.7,5.5,-0.15,1436227200.0
2015-07-06,255.0,260.15,252.7,259.4,256.9932946513344,236975.0,3416.0,60900986.0,41580.0,17.55,7.45,4.4,1436140800.0
2015-07-03,257.0,262.0,256.1,258.3,259.6880700705076,347764.0,5360.0,90310162.0,66942.0,19.25,5.9,1.3,1435881600.0
2015-07-02,258.0,259.8,254.2,255.55,256.42419933139684,214477.0,2966.0,54997093.0,34013.0,15.86,5.6,-2.45,1435795200.0
2015-07-01,248.5,258.6,247.5,256.95,254.34164933252583,379790.0,5507.0,96596415.0,69543.0,18.31,11.1,8.45,1435708800.0
2015-06-30,247.25,250.85,246.0,247.85,248.47054847933444,192350.0,2728.0,47793310.0,34032.0,17.69,4.85,0.6,1435622400.0
2015-06-29,248.0,248.8,243.1,247.3,245.7763799778508,218518.0,3999.0,53706563.0,44762.0,20.48,5.7,-0.7,1435536000.0
2015-06-26,255.9,255.9,248.2,250.75,251.18583198942656,329884.0,4383.0,82862187.0,63658.0,19.3,7.7,-5.15,1435276800.0
2015-06-25,253.95,259.85,252.7,256.25,257.00712709191725,401426.0,6189.0,103169343.0,128567.0,32.03,7.15,2.3,1435190400.0
2015-06-24,243.4,257.6,243.0,253.95,252.7954156553398,659200.0,9872.0,166642738.0,141667.0,21.49,14.6,10.55,1435104000.0
2015-06-23,246.6,250.8,243.0,244.05,246.59178368060623,280807.0,3653.0,69244699.0,56191.0,20.01,7.8,-2.55,1435017600.0
2015-06-22,244.7,248.8,242.5,246.5,246.13577961716285,248513.0,3259.0,61167941.0,63549.0,25.57,6.3,1.8,1434931200.0
2015-06-19,243.35,244.45,238.35,241.5,241.20230648865865,248603.0,3350.0,59963617.0,34917.0,14.05,6.1,-1.85,1434672000.0
2015-06-18,242.0,245.8,241.55,243.1,243.7085687365104,273821.0,3480.0,66732524.0,81332.0,29.7,4.25,1.1,1434585600.0
2015-06-17,246.35,246.9,240.5,241.2,242.36133726230577,11182907.0,6829.0,2710304295.0,10874482.0,97.24,6.4,-5.15,1434499200.0
2015-06-16,247.5,247.5,242.5,245.9,244.3036906781577,1017374.0,2310.0,248548223.0,898465.0,88.31,5.0,-1.6,1434412800.0
2015-06-15,249.0,251.3,246.45,247.35,248.74603250681665,187776.0,2456.0,46708535.0,38046.0,20.26,4.85,-1.65,1434326400.0
2015-06-12,242.9,249.5,242.2,247.95,246.70192436528285,216435.0,3579.0,53394931.0,46912.0,21.67,7.3,5.05,1434067200.0
2015-06-11,252.0,253.5,242.3,243.25,246.1973409415812,330869.0,4792.0,81459068.0,46156.0,13.95,11.2,-8.75,1433980800.0
2015-06-10,242.3,252.35,242.2,251.4,249.746864117968,350061.0,6672.0,87426637.0,82101.0,23.45,10.15,9.1,1433894400.0
2015-06-09,242.9,245.8,240.3,241.25,241.36542526961742,1752112.0,2379.0,422899258.0,1622420.0,92.6,5.5,-1.65,1433808000.0
2015-06-08,247.1,247.1,241.5,242.8,243.505349447188,139921.0,3062.0,34071512.0,30947.0,22.12,5.6,-4.3,1433721600.0
2015-06-05,248.2,251.9,245.15,246.45,248.3441384913795,212923.0,3089.0,52878179.0,30594.0,14.37,6.75,-1.75,1433462400.0
2015-06-04,246.05,249.95,242.15,248.2,246.15299879504025,257270.0,3306.0,63327782.0,27500.0,10.69,7.8,2.15,1433376000.0
2015-06-03,253.0,254.9,240.95,245.95,247.7447460405405,391657.0,6246.0,97030964.0,61616.0,15.73,13.95,-7.05,1433289600.0
2015-06-02,255.05,257.25,249.05,250.75,252.4780520321212,415551.0,5897.0,104917507.0,51278.0,12.34,8.2,-4.3,1433203200.0
2015-06-01,250.0,256.45,250.0,253.95,254.1541451280656,257290.0,3981.0,65391320.0,48819.0,18.97,6.45,3.95,1433116800.0
2015-05-29,250.0,255.2,246.8,251.6,250.32552974708847,387685.0,6006.0,97047453.0,69216.0,17.85,8.4,1.6,1432857600.0
2015-05-28,250.0,254.1,246.05,251.95,250.40133516117507,621498.0,8724.0,155623929.0,95635.0,15.39,8.05,1.95,1432771200.0
2015-05-27,241.0,251.5,239.05,249.05,246.47580134264487,798722.0,11161.0,196865645.0,138483.0,17.34,12.45,8.05,1432684800.0
2015-05-26,231.85,246.55,230.1,241.0,237.6066387850892,848589.0,10888.0,201630380.0,131194.0,15.46,16.45,9.15,1432598400.0
2015-05-25,232.25,237.65,229.5,234.25,233.69570029313712,367746.0,4277.0,85940659.0,27872.0,7.58,8.15,2.0,1432512000.0
2015-05-22,233.3,235.5,230.75,233.95,233.73325950480012,133643.0,1933.0,31236814.0,31028.0,23.22,4.75,0.65,1432252800.0
2015-05-21,231.3,233.4,227.7,232.3,230.93653816581696,169078.0,2622.0,39046288.0,35161.0,20.8,5.7,1.0,1432166400.0
2015-05-20,235.15,237.7,229.7,231.3,232.90529106990206,171969.0,2663.0,40052490.0,43197.0,25.12,8.0,-3.85,1432080000.0
2015-05-19,233.15,239.95,232.45,234.85,236.6258277666927,276648.0,4059.0,65462062.0,43157.0,15.6,7.5,1.7,1431993600.0
2015-05-18,231.3,234.7,229.3,234.2,232.6949792624591,150934.0,2310.0,35121584.0,40536.0,26.86,5.4,2.9,1431907200.0
2015-05-15,230.5,233.5,227.3,230.65,230.9431968410421,230709.0,2930.0,53280674.0,56130.0,24.33,6.2,0.15,1431648000.0
2015-05-14,228.0,231.0,224.0,230.1,228.02624905052647,240923.0,3633.0,54936768.0,38949.0,16.17,7.0,2.1,1431561600.0
2015-05-13,224.5,228.3,222.2,227.7,226.01002243874345,333352.0,4092.0,75340893.0,44238.0,13.27,6.1,3.2,1431475200.0
2015-05-12,233.1,234.95,221.6,222.65,226.2704758426016,372329.0,4920.0,84247060.0,119480.0,32.09,13.35,-10.45,1431388800.0
2015-05-11,232.15,238.1,227.9,234.55,233.64054554573863,259190.0,3551.0,60557293.0,36236.0,13.98,10.2,2.4,1431302400.0
2015-05-08,231.0,233.85,230.05,231.3,232.064697328099,160223.0,3911.0,37182102.0,26309.0,16.42,3.8,0.3,1431043200.0
2015-05-07,229.55,233.25,224.3,228.4,228.53229272390016,285730.0,8713.0,65298532.0,53091.0,18.58,8.95,-1.15,1430956800.0
2015-05-06,243.2,243.8,228.9,229.55,234.5363387768156,403357.0,12583.0,94601874.0,115377.0,28.6,14.9,-13.65,1430870400.0
2015-05-05,244.0,248.4,242.65,244.75,245.11630589697504,268731.0,7583.0,65870350.0,53209.0,19.8,5.75,0.75,1430784000.0
2015-05-04,240.0,247.0,238.3,245.0,242.32265289132968,321928.0,8216.0,78010447.0,89387.0,27.77,8.7,5.0,1430697600.0
2015-04-30,231.5,241.0,226.4,237.2,232.92510449144032,576363.0,13113.0,134249412.0,84631.0,14.68,14.6,5.7,1430352000.0
2015-04-29,232.0,234.7,229.1,232.25,231.8759686873057,203368.0,4553.0,47156152.0,31132.0,15.31,5.6,0.25,1430265600.0
2015-04-28,226.25,238.3,225.0,233.05,232.3224779991468,316465.0,8708.0,73521933.0,35380.0,11.18,13.3,6.8,1430179200.0
2015-04-27,233.35,236.0,225.3,226.8,229.6864966908593,228307.0,5475.0,52439035.0,35984.0,15.76,10.7,-6.55,1430092800.0
2015-04-24,234.0,235.4,231.6,233.5,233.6103036420972,223882.0,5675.0,52301142.0,43573.0,19.46,3.8,-0.5,1429833600.0
2015-04-23,233.0,234.9,230.55,233.1,232.63017949163867,218506.0,5503.0,50831090.0,53890.0,24.66,4.35,0.1,1429747200.0
2015-04-22,228.0,232.4,223.05,231.0,228.03365112576984,397639.0,10181.0,90675073.0,41422.0,10.42,9.35,3.0,1429660800.0
2015-04-21,231.05,233.35,227.0,227.85,229.7397569459065,237478.0,7284.0,54558138.0,43586.0,18.35,6.35,-3.2,1429574400.0
2015-04-20,234.85,235.9,225.3,229.65,231.09168867534282,188562.0,5334.0,43575111.0,37886.0,20.09,10.6,-5.2,1429488000.0
2015-04-17,232.95,237.0,231.3,234.85,235.10285919275557,309423.0,6658.0,72746232.0,67941.0,21.96,5.7,1.9,1429228800.0
2015-04-16,232.55,235.15,229.5,232.1,232.16450379307082,305689.0,7621.0,70970135.0,62125.0,20.32,5.65,-0.45,1429142400.0
2015-04-15,242.7,243.9,230.9,233.55,237.44595472178497,465036.0,19127.0,110420917.0,157226.0,33.81,13.0,-9.15,1429056000.0
2015-04-13,235.55,243.0,235.0,241.85,240.24229304639888,400742.0,24079.0,96275177.0,88988.0,22.21,8.0,6.3,1428883200.0
2015-04-10,233.3,237.25,232.7,234.85,235.1313177343983,241384.0,6404.0,56756938.0,42096.0,17.44,4.55,1.55,1428624000.0
2015-04-09,236.6,237.7,230.65,233.0,233.93627996430766,281293.0,6641.0,65804638.0,59260.0,21.07,7.05,-3.6,1428537600.0
2015-04-08,234.5,239.3,234.0,235.8,236.21300481922032,381597.0,8476.0,90138174.0,64261.0,16.84,5.3,1.3,1428451200.0
2015-04-07,231.9,234.9,230.05,233.25,232.91454478926482,2175432.0,7977.0,506689754.0,1884608.0,86.63,4.85,1.35,1428364800.0
2015-04-06,230.9,237.75,227.8,235.0,232.47708411628525,614661.0,13754.0,142894597.0,59034.0,9.6,9.95,4.1,1428278400.0
2015-04-01,236.5,236.5,230.2,231.8,232.2526616533247,482313.0,10804.0,112018478.0,106277.0,22.03,6.3,-4.7,1427846400.0
2015-03-31,240.0,242.2,232.45,234.95,238.13717283744546,485271.0,11853.0,115561064.0,109993.0,22.67,9.75,-5.05,1427760000.0
2015-03-30,234.0,239.7,232.5,238.6,236.28211934680598,243358.0,8463.0,57501144.0,39221.0,16.12,7.2,4.6,1427673600.0
2015-03-27,237.0,238.4,227.95,232.55,232.8937735806934,447930.0,10797.0,104320108.0,89231.0,19.92,10.45,-4.45,1427414400.0
2015-03-26,235.0,244.3,235.0,236.5,239.2090153364976,364490.0,10486.0,87189294.0,66985.0,18.38,9.3,1.5,1427328000.0
2015-03-25,240.55,241.0,235.5,236.6,236.78672520532643,442101.0,5580.0,104683648.0,42386.0,9.59,5.5,-3.95,1427241600.0
2015-03-24,235.0,242.1,234.0,239.5,238.93222235184675,334299.0,8282.0,79874803.0,44124.0,13.2,8.1,4.5,1427155200.0
2015-03-23,246.8,246.8,236.0,236.85,239.76779401917804,395765.0,9585.0,94891701.0,90544.0,22.88,10.8,-9.95,1427068800.0
2015-03-20,253.0,255.5,245.0,245.75,249.37970829824482,453614.0,10225.0,113122127.0,209128.0,46.1,10.5,-7.25,1426809600.0
2015-03-19,259.5,262.0,251.3,255.15,258.1702687165244,175687.0,4772.0,45357160.0,42340.0,24.1,10.7,-4.35,1426723200.0
2015-03-18,265.0,266.9,257.0,258.3,260.20906051950556,238419.0,6153.0,62038784.0,52222.0,21.9,9.9,-6.7,1426636800.0
2015-03-17,260.0,264.9,258.7,264.1,262.0785780095269,306078.0,7455.0,80216487.0,54421.0,17.78,6.2,4.1,1426550400.0
2015-03-16,256.0,259.85,252.0,258.3,255.8451863991267,372829.0,8875.0,95386505.0,54016.0,14.49,7.85,2.3,1426464000.0
2015-03-13,265.0,266.3,253.6,254.6,258.26557454316156,314006.0,8778.0,81096940.0,71361.0,22.73,12.7,-10.4,1426204800.0
2015-03-12,258.9,264.4,258.9,263.6,262.4084667808104,208509.0,6048.0,54714527.0,45808.0,21.97,5.5,4.7,1426118400.0
2015-03-11,259.0,262.6,255.8,257.65,258.8161535115906,308094.0,8649.0,79739704.0,47616.0,15.46,6.8,-1.35,1426032000.0
2015-03-10,259.05,262.9,255.2,259.3,259.42303186768856,309875.0,8944.0,80388712.0,52030.0,16.79,7.7,0.25,1425945600.0
2015-03-09,269.0,269.0,257.0,257.25,260.1657227454044,607925.0,8856.0,158161247.0,92930.0,15.29,12.0,-11.75,1425859200.0
2015-03-05,270.4,273.3,266.15,269.5,269.1147167764756,335583.0,7010.0,90310324.0,44679.0,13.31,7.15,-0.9,1425513600.0
2015-03-04,274.1,278.2,268.0,270.15,272.97181018719016,332496.0,7555.0,90762035.0,37023.0,11.13,10.2,-3.95,1425427200.0
2015-03-03,275.0,275.3,268.1,273.95,272.47595309134005,458167.0,9321.0,124839490.0,59288.0,12.94,7.2,-1.05,1425340800.0
2015-03-02,264.0,275.3,263.8,273.8,270.6377861092772,825515.0,15152.0,223415552.0,117409.0,14.22,11.5,9.8,1425254400.0
2015-02-28,275.0,279.5,254.4,262.15,266.18948640594107,1200598.0,23709.0,319586565.0,201505.0,16.78,25.1,-12.85,1425081600.0
2015-02-27,265.7,271.9,265.7,270.85,269.4906116996896,381805.0,8057.0,102892863.0,40001.0,10.48,6.2,5.15,1424995200.0
2015-02-26,272.6,276.75,262.4,264.55,267.7454824469076,655554.0,14263.0,175521622.0,95311.0,14.54,14.35,-8.05,1424908800.0
2015-02-25,278.5,281.65,271.6,274.05,278.353001714458,424624.0,8204.0,118195365.0,59487.0,14.01,10.05,-4.45,1424822400.0
2015-02-24,272.75,279.0,271.2,277.7,276.30698043788584,497390.0,9162.0,137432329.0,54761.0,11.01,7.8,4.95,1424736000.0
2015-02-23,277.0,277.25,271.0,272.85,274.258221973099,458497.0,9801.0,125746572.0,59469.0,12.97,6.25,-4.15,1424649600.0
2015-02-20,263.0,276.4,262.5,275.2,270.9379583182774,752752.0,15799.0,203949090.0,111452.0,14.81,13.9,12.2,1424390400.0
2015-02-19,260.0,264.5,256.75,261.65,260.69490528935995,552789.0,10290.0,144109276.0,48280.0,8.73,7.75,1.65,1424304000.0
2015-02-18,259.0,263.3,257.25,259.75,260.1260899214324,343144.0,7333.0,89260707.0,48464.0,14.12,6.05,0.75,1424217600.0
2015-02-16,259.55,261.5,255.0,259.25,258.9060685759761,515195.0,10231.0,133387112.0,38692.0,7.51,6.5,-0.3,1424044800.0
2015-02-13,251.0,263.6,251.0,259.55,258.0019009766412,1124159.0,25058.0,290035159.0,117822.0,10.48,12.6,8.55,1423785600.0
2015-02-12,253.25,269.5,251.0,267.9,258.44472524924646,991990.0,21563.0,256374583.0,121444.0,12.24,18.5,14.65,1423699200.0
2015-02-11,262.6,265.25,253.6,255.2,258.1465482938981,693628.0,15349.0,179057674.0,91272.0,13.16,11.65,-7.4,1423612800.0
2015-02-10,258.3,266.8,256.0,261.5,262.1749371462281,427182.0,8738.0,111996414.0,42136.0,9.86,10.8,3.2,1423526400.0
2015-02-09,261.0,266.1,257.15,258.75,261.9150588202361,285786.0,6679.0,74851657.0,38608.0,13.51,8.95,-2.25,1423440000.0
2015-02-06,277.5,279.6,263.4,264.2,269.43348747051544,342552.0,9826.0,92294980.0,114552.0,33.44,16.2,-13.3,1423180800.0
2015-02-05,285.0,289.65,275.05,277.5,282.0297035051352,296194.0,8303.0,83535506.0,52167.0,17.61,14.6,-7.5,1423094400.0
2015-02-04,298.5,299.5,283.75,285.1,289.979885995641,453316.0,10589.0,131452522.0,93505.0,20.63,15.75,-13.4,1423008000.0
2015-02-03,295.0,298.25,291.1,297.0,295.3693345310425,405218.0,8161.0,119688971.0,79190.0,19.54,7.15,2.0,1422921600.0
2015-02-02,291.8,296.9,290.3,293.65,293.8286458960879,315382.0,7865.0,92668266.0,45826.0,14.53,6.6,1.85,1422835200.0
2015-01-30,288.1,297.35,285.6,291.8,293.1321115464605,870310.0,17515.0,255115808.0,146058.0,16.78,11.75,3.7,1422576000.0
2015-01-29,279.0,289.15,276.1,287.15,281.71891127018483,396462.0,8546.0,111690843.0,112935.0,28.49,13.05,8.15,1422489600.0
2015-01-28,282.3,282.55,273.2,278.9,278.24441304319447,306428.0,7477.0,85261879.0,53998.0,17.62,9.35,-3.4,1422403200.0
2015-01-27,284.2,286.4,279.6,282.05,282.7603345699638,279523.0,6712.0,79038017.0,44566.0,15.94,6.8,-2.15,1422316800.0
2015-01-23,285.0,288.3,277.3,278.95,282.3388155956275,543024.0,13777.0,153316753.0,130418.0,24.02,11.0,-6.05,1421971200.0
2015-01-22,282.0,286.95,280.85,283.7,283.81938049325987,312087.0,7683.0,88576339.0,62952.0,20.17,6.1,1.7,1421884800.0
2015-01-21,281.0,283.75,277.3,281.8,280.43253880324556,284319.0,6740.0,79732299.0,47898.0,16.85,6.45,0.8,1421798400.0
2015-01-20,283.15,284.0,278.2,281.4,281.1878286616177,408665.0,8694.0,114911624.0,75914.0,18.58,5.8,-1.75,1421712000.0
2015-01-19,274.8,282.5,273.95,281.1,278.8363469016,416118.0,9431.0,116028823.0,104951.0,25.22,8.55,6.3,1421625600.0
2015-01-16,267.2,274.9,264.35,274.05,271.5102487281456,446592.0,11400.0,121254305.0,119053.0,26.66,10.55,6.85,1421366400.0
2015-01-15,271.0,275.7,265.0,268.55,271.06637007320546,583290.0,12965.0,158110303.0,93758.0,16.07,10.7,-2.45,1421280000.0
2015-01-14,258.5,270.0,258.0,267.85,264.5756343257112,549757.0,11665.0,145452307.0,97314.0,17.7,12.0,9.35,1421193600.0
2015-01-13,259.1,266.0,255.7,257.7,261.52287732426254,503009.0,12898.0,131548361.0,93791.0,18.65,10.3,-1.4,1421107200.0
2015-01-12,255.0,259.0,253.45,257.8,256.5823899694064,272606.0,5709.0,69945899.0,41369.0,15.18,5.55,2.8,1421020800.0
2015-01-09,259.0,261.2,251.5,254.6,255.55083608085357,287532.0,7942.0,73479043.0,39723.0,13.82,9.7,-4.4,1420761600.0
2015-01-08,255.15,261.25,255.15,257.6,258.37389852169656,186227.0,4665.0,48116196.0,30328.0,16.29,6.1,2.45,1420675200.0
2015-01-07,260.0,260.45,250.25,254.55,254.69274969139786,434216.0,9589.0,110591667.0,87637.0,20.18,10.2,-5.45,1420588800.0
2015-01-06,270.0,270.95,259.7,261.0,265.2796360297685,267934.0,7601.0,71077434.0,59977.0,22.38,11.25,-9.0,1420502400.0
2015-01-05,276.3,278.4,269.7,273.15,273.8507665690255,291885.0,6591.0,79932931.0,43044.0,14.75,8.7,-3.15,1420416000.0
2015-01-02,270.0,276.65,269.0,275.4,274.2763049306332,409562.0,9474.0,112333152.0,100395.0,24.51,7.65,5.4,1420156800.0
2015-01-01,266.0,269.8,263.55,268.3,267.5682622230361,273050.0,6723.0,73059514.0,28837.0,10.56,6.25,2.3,1420070400.0
2014-12-31,257.0,267.6,255.55,265.2,263.3218560450373,481734.0,10770.0,126851091.0,97270.0,20.19,12.05,8.2,1419984000.0
2014-12-30,254.0,259.1,254.0,258.35,257.5339190004939,218668.0,4926.0,56314427.0,40546.0,18.54,5.1,4.35,1419897600.0
2014-12-29,253.0,256.65,253.0,254.5,254.75922704144668,198303.0,4495.0,50519519.0,43838.0,22.11,3.65,1.5,1419811200.0
2014-12-26,255.0,257.7,250.5,251.75,253.2698582935901,262938.0,5516.0,66594270.0,54093.0,20.57,7.2,-3.25,1419552000.0
2014-12-24,262.2,264.4,252.0,254.95,256.2291614184949,698656.0,9348.0,179016041.0,277570.0,39.73,12.4,-7.25,1419379200.0
2014-12-23,266.0,269.6,260.75,261.8,264.616656482841,328953.0,8404.0,87046443.0,38942.0,11.84,8.85,-4.2,1419292800.0
2014-12-22,260.0,266.75,259.6,265.75,264.9547925985648,348527.0,8544.0,92343899.0,78980.0,22.66,7.15,5.75,1419206400.0
2014-12-19,259.9,265.35,257.8,258.85,261.78128405430334,501038.0,9468.0,131162371.0,183286.0,36.58,7.55,-1.05,1418947200.0
2014-12-18,248.55,258.7,248.55,257.3,255.49847741594647,530020.0,11834.0,135419303.0,151786.0,28.64,10.15,8.75,1418860800.0
2014-12-17,247.5,249.8,240.55,245.25,245.47034788397903,503185.0,10004.0,123516997.0,139810.0,27.79,9.25,-2.25,1418774400.0
2014-12-16,246.35,253.75,246.0,247.3,249.90982674345452,495912.0,11223.0,123933282.0,61513.0,12.4,7.75,0.95,1418688000.0
2014-12-15,245.05,252.6,244.1,248.75,248.6142855370004,483482.0,8458.0,120200532.0,164637.0,34.05,8.5,3.7,1418601600.0
2014-12-12,255.0,257.25,244.0,247.0,249.74391361207645,669075.0,11257.0,167097409.0,250878.0,37.5,13.25,-8.0,1418342400.0
2014-12-11,252.0,261.4,249.0,254.3,256.4876052122761,658906.0,12243.0,169001222.0,98832.0,15.0,12.4,2.3,1418256000.0
2014-12-10,256.5,263.55,252.15,253.1,254.7987924587337,1303972.0,12292.0,332250491.0,740203.0,56.77,11.4,-3.4,1418169600.0
2014-12-09,266.0,267.5,258.2,259.05,260.647127752574,591401.0,6219.0,154146972.0,282100.0,47.7,9.3,-6.95,1418083200.0
2014-12-08,273.0,275.3,262.05,266.85,268.7690157610355,320918.0,6144.0,86252815.0,70306.0,21.91,13.25,-6.15,1417996800.0
2014-12-05,274.15,278.0,270.3,271.95,273.61394705229384,263052.0,5227.0,71974696.0,61134.0,23.24,7.7,-2.2,1417737600.0
2014-12-04,279.05,282.95,272.25,273.95,275.2913554417984,449300.0,7642.0,123688406.0,113603.0,25.28,10.7,-5.1,1417651200.0
2014-12-03,272.3,282.9,272.3,278.3,279.56437740919637,651929.0,12701.0,182256125.0,170496.0,26.15,10.6,6.0,1417564800.0
2014-12-02,274.95,278.2,270.0,271.5,273.62700508657446,291945.0,6651.0,79884036.0,53075.0,18.18,8.2,-3.45,1417478400.0
2014-12-01,282.9,282.9,272.85,274.0,276.994386488351,285561.0,6762.0,79098794.0,97866.0,34.27,10.05,-8.9,1417392000.0
2014-11-28,285.6,286.65,280.35,283.2,283.4948815369626,716426.0,17066.0,203103104.0,131589.0,18.37,6.3,-2.4,1417132800.0
2014-11-27,269.8,287.0,268.5,283.0,277.81252093860803,1146208.0,21260.0,318430934.0,263884.0,23.02,18.5,13.2,1417046400.0
2014-11-26,265.1,273.0,263.65,271.2,269.7567438833941,768400.0,15588.0,207281082.0,155687.0,20.26,9.35,6.1,1416960000.0
2014-11-25,258.4,266.0,258.0,265.2,263.2391394687452,1323508.0,27214.0,348399107.0,311277.0,23.52,8.0,6.8,1416873600.0
2014-11-24,253.0,259.0,252.75,257.6,257.03199581892443,434338.0,9326.0,111638763.0,167828.0,38.64,6.25,4.6,1416787200.0
2014-11-21,246.1,253.65,245.15,252.75,250.33457215856964,749904.0,7814.0,187726897.0,406333.0,54.18,8.5,6.65,1416528000.0
2014-11-20,248.1,248.6,240.75,245.4,244.0338548561188,392824.0,7539.0,95862355.0,80718.0,20.55,7.85,-2.7,1416441600.0
2014-11-19,255.0,256.8,247.55,249.1,252.08361962929973,282924.0,7729.0,71320506.0,61519.0,21.74,9.25,-5.9,1416355200.0
2014-11-18,249.5,255.2,249.45,254.15,253.05272915939238,406682.0,8296.0,102911990.0,95804.0,23.56,5.75,4.65,1416268800.0
2014-11-17,244.0,250.45,240.5,249.15,246.41098804371742,463522.0,8762.0,114216914.0,101500.0,21.9,9.95,5.15,1416182400.0
2014-11-14,245.0,248.7,236.25,246.2,243.05706536696232,1126410.0,24644.0,273781909.0,140177.0,12.44,12.45,1.2,1415923200.0
2014-11-13,248.5,252.6,245.25,246.9,249.65274815297363,458981.0,9563.0,114585868.0,78705.0,17.15,7.35,-1.6,1415836800.0
2014-11-12,246.8,250.9,245.3,247.2,248.1431420421246,360027.0,7691.0,89338231.0,58093.0,16.14,5.6,0.4,1415750400.0
2014-11-11,248.65,250.0,242.5,245.05,244.9830526308405,427677.0,8711.0,104773617.0,79434.0,18.57,7.5,-3.6,1415664000.0
2014-11-10,249.7,256.0,249.25,251.1,252.66676496517127,322148.0,6989.0,81396093.0,61359.0,19.05,6.75,1.4,1415577600.0
2014-11-07,256.75,261.5,248.1,249.1,254.41284095199143,508576.0,10548.0,129388265.0,103752.0,20.4,13.4,-7.65,1415318400.0
2014-11-05,253.3,259.1,252.05,257.35,256.0202759485453,449794.0,9403.0,115156384.0,116815.0,25.97,7.05,4.05,1415145600.0
2014-11-03,257.7,258.0,251.4,253.0,253.40331113493698,397326.0,8819.0,100683724.0,66555.0,16.75,6.6,-4.7,1414972800.0
2014-10-31,256.0,257.45,253.5,255.75,255.62326076238412,578055.0,10055.0,147764304.0,118772.0,20.55,3.95,-0.25,1414713600.0
2014-10-30,254.4,256.0,251.2,255.0,254.1408028706149,559044.0,11195.0,142075891.0,107434.0,19.22,4.8,0.6,1414627200.0
2014-10-29,257.65,258.4,251.0,254.35,253.88948435320285,588523.0,12695.0,149419801.0,142247.0,24.17,7.4,-3.3,1414540800.0
2014-10-28,253.0,257.3,246.6,255.05,252.12474108071405,698094.0,13798.0,176006769.0,161433.0,23.12,10.7,2.05,1414454400.0
2014-10-27,242.5,252.65,242.5,252.0,249.28794698931068,1170330.0,23622.0,291749163.0,359701.0,30.74,10.15,9.5,1414368000.0
2014-10-23,243.8,244.0,239.2,240.05,241.31406783820003,105958.0,2918.0,25569156.0,42266.0,39.89,4.8,-3.75,1414022400.0
2014-10-22,240.0,243.9,238.0,242.0,241.3118569173417,599262.0,12681.0,144609026.0,188356.0,31.43,5.9,2.0,1413936000.0
2014-10-21,229.0,238.5,228.0,237.5,235.64415002838192,953073.0,19149.0,224586077.0,259578.0,27.24,10.5,8.5,1413849600.0
2014-10-20,230.65,232.0,224.65,227.75,227.65850110216496,429609.0,9461.0,97804141.0,66547.0,15.49,7.35,-2.9,1413763200.0
2014-10-17,221.0,227.9,220.6,226.55,225.2735910552528,503178.0,11834.0,113352715.0,129032.0,25.64,7.3,5.55,1413504000.0
2014-10-16,225.1,229.5,217.8,219.1,221.8743459142363,1422023.0,27668.0,315510423.0,548998.0,38.61,11.7,-6.0,1413417600.0
2014-10-14,219.1,227.9,216.35,225.75,224.348795929838,686754.0,15685.0,154072433.0,154663.0,22.52,11.55,6.65,1413244800.0
2014-10-13,217.95,221.05,216.0,218.0,218.48792528255606,414254.0,8178.0,90509497.0,61820.0,14.92,5.05,0.05,1413158400.0
2014-10-10,216.0,224.8,213.65,220.85,220.36078134380048,1082750.0,21926.0,238595636.0,129220.0,11.93,11.15,4.85,1412899200.0
2014-10-09,208.0,219.5,208.0,218.85,214.37982965271215,1263419.0,24179.0,270851550.0,280185.0,22.18,11.5,10.85,1412812800.0
2014-10-08,197.5,205.5,197.05,201.95,201.94136319963832,636972.0,12475.0,128630994.0,125940.0,19.77,8.45,4.45,1412726400.0
2014-10-07,200.4,203.0,195.1,197.8,198.21770093083768,599460.0,11978.0,118823583.0,143361.0,23.92,7.9,-2.6,1412640000.0
2014-10-01,200.95,202.4,198.8,199.65,200.38047068369758,367253.0,7341.0,73590329.0,74542.0,20.3,3.6,-1.3,1412121600.0
2014-09-30,206.25,209.85,199.0,200.95,205.55819374468362,489056.0,10410.0,100529468.0,137931.0,28.2,10.85,-5.3,1412035200.0
2014-09-29,206.4,211.0,205.5,206.85,208.49075108603145,495842.0,8377.0,103378471.0,112985.0,22.79,5.5,0.45,1411948800.0
2014-09-26,202.0,206.25,200.35,205.25,203.5322160074176,597498.0,10474.0,121610092.0,130145.0,21.78,5.9,3.25,1411689600.0
2014-09-25,213.0,214.4,201.2,203.3,205.31565067864688,735655.0,14852.0,151041485.0,213706.0,29.05,13.2,-9.7,1411603200.0
2014-09-24,216.45,218.5,209.0,212.0,212.65200706584642,673097.0,13243.0,143135428.0,115354.0,17.14,9.5,-4.45,1411516800.0
2014-09-23,222.0,224.6,215.7,216.45,219.89517900062683,443518.0,8502.0,97527470.0,99711.0,22.48,8.9,-5.55,1411430400.0
2014-09-22,225.45,225.5,220.75,222.1,222.81137316297162,415821.0,7297.0,92649648.0,136786.0,32.9,4.75,-3.35,1411344000.0
2014-09-19,232.0,232.3,224.5,226.85,227.75526496565257,611400.0,12444.0,139249569.0,97513.0,15.95,7.8,-5.15,1411084800.0
2014-09-18,220.7,229.1,218.65,228.45,225.78420745567752,627334.0,12642.0,141642110.0,212127.0,33.81,10.45,7.75,1410998400.0
2014-09-17,217.0,221.75,215.1,220.7,218.75136998839128,431573.0,8879.0,94407185.0,108695.0,25.19,6.65,3.7,1410912000.0
2014-09-16,221.0,222.55,215.0,216.0,218.56199708170743,420794.0,9404.0,91969577.0,121313.0,28.83,7.55,-5.0,1410825600.0
2014-09-15,219.0,222.4,216.75,219.85,219.89955886709168,374717.0,8515.0,82400103.0,73260.0,19.55,5.65,0.85,1410739200.0
2014-09-12,223.0,225.65,219.55,220.55,222.48676062663205,516603.0,9363.0,114937328.0,156564.0,30.31,6.1,-2.45,1410480000.0
2014-09-11,220.5,223.05,216.25,222.5,220.0954281444992,681277.0,17074.0,149945953.0,174250.0,25.58,6.8,2.0,1410393600.0
2014-09-10,220.0,223.15,218.25,219.15,220.64543681079527,414699.0,7891.0,91501442.0,136327.0,32.87,4.9,-0.85,1410307200.0
2014-09-09,224.0,224.65,220.6,221.45,222.17922680103686,350673.0,7936.0,77912256.0,96356.0,27.48,4.05,-2.55,1410220800.0
2014-09-08,224.75,226.0,222.25,223.9,223.99971827783736,404654.0,7787.0,90642382.0,103671.0,25.62,3.75,-0.85,1410134400.0
2014-09-05,228.0,228.0,221.55,223.6,223.80232204794768,556147.0,11962.0,124466990.0,122383.0,22.01,6.45,-4.4,1409875200.0
2014-09-04,234.0,235.25,226.2,227.0,228.50610051732383,624947.0,13100.0,142804202.0,186607.0,29.86,9.05,-7.0,1409788800.0
2014-09-03,240.0,242.05,235.5,237.55,238.26087702804443,512686.0,9207.0,122153016.0,149055.0,29.07,6.55,-2.45,1409702400.0
2014-09-02,239.0,242.75,237.1,239.85,240.25281226277747,465017.0,10123.0,111721642.0,59899.0,12.88,5.65,0.85,1409616000.0
2014-09-01,240.2,243.45,237.1,238.6,240.16031253649533,625079.0,11937.0,150119168.0,104187.0,16.67,6.35,-1.6,1409529600.0
2014-08-28,230.15,243.8,229.25,240.75,237.17378931316776,960715.0,18271.0,227856417.0,250320.0,26.06,14.55,10.6,1409184000.0
2014-08-27,234.35,236.2,227.15,229.2,230.972159365912,483466.0,8793.0,111667186.0,71949.0,14.88,9.05,-5.15,1409097600.0
2014-08-26,230.0,235.2,224.5,232.2,228.99498279286647,514031.0,9788.0,117710520.0,81006.0,15.76,10.7,2.2,1409011200.0
2014-08-25,229.0,235.0,228.25,231.35,232.85121496665005,754424.0,13638.0,175668545.0,129661.0,17.19,6.75,2.35,1408924800.0
2014-08-22,229.4,231.6,226.4,227.55,228.35618177359927,322181.0,6720.0,73572023.0,56673.0,17.59,5.2,-1.85,1408665600.0
2014-08-21,231.0,231.9,228.0,229.4,229.79725570203826,366141.0,7801.0,84138197.0,49544.0,13.53,3.9,-1.6,1408579200.0
2014-08-20,227.55,231.65,226.0,230.6,229.0301476338917,539578.0,10866.0,123579629.0,96060.0,17.8,5.65,3.05,1408492800.0
2014-08-19,223.05,228.0,221.85,227.25,225.48425867155132,634921.0,12681.0,143164691.0,138869.0,21.87,6.15,4.2,1408406400.0
2014-08-18,211.0,221.9,211.0,221.05,218.51829939395282,631469.0,13345.0,137987532.0,134918.0,21.37,10.9,10.05,1408320000.0
2014-08-14,209.0,214.0,205.5,212.55,209.60106462309804,630270.0,14640.0,132105263.0,100947.0,16.02,8.5,3.55,1407974400.0
2014-08-13,214.0,215.7,205.0,209.0,209.66360816270446,1513812.0,32279.0,317391286.0,316433.0,20.9,10.7,-5.0,1407888000.0
2014-08-12,221.0,224.9,218.5,223.7,221.70584552681927,626154.0,12884.0,138822002.0,81541.0,13.02,6.4,2.7,1407801600.0
2014-08-11,223.0,225.0,220.1,221.95,222.31535288252326,358037.0,8913.0,79597122.0,78386.0,21.89,4.9,-1.05,1407715200.0
2014-08-08,228.3,228.3,220.55,221.6,223.2376937938081,501048.0,13079.0,111852800.0,132010.0,26.35,7.75,-6.7,1407456000.0
2014-08-07,231.0,233.35,227.45,230.2,231.09393822409848,481806.0,9319.0,111342446.0,91025.0,18.89,5.9,-0.8,1407369600.0
2014-08-06,226.3,234.4,226.3,229.55,231.5117635725475,596885.0,13306.0,138185899.0,163818.0,27.45,8.1,3.25,1407283200.0
2014-08-05,230.0,230.7,225.25,228.05,227.70309804470105,471846.0,7974.0,107440796.0,83085.0,17.61,5.45,-1.95,1407196800.0
2014-08-04,225.55,229.95,224.55,228.9,227.68146878625802,565392.0,8745.0,128729281.0,265715.0,47.0,5.4,3.35,1407110400.0
2014-08-01,227.0,230.7,223.1,224.25,226.72597290125512,468804.0,10510.0,106290043.0,102590.0,21.88,7.6,-2.75,1406851200.0
2014-07-31,231.0,234.45,227.45,228.4,230.6706331136305,384307.0,8825.0,88648339.0,86956.0,22.63,7.0,-2.6,1406764800.0
2014-07-30,229.05,231.8,225.25,230.95,228.76984977947757,361868.0,7458.0,82784488.0,64323.0,17.78,6.55,1.9,1406678400.0
2014-07-28,227.0,230.65,225.95,229.5,228.85508354075515,346717.0,8156.0,79347948.0,74541.0,21.5,4.7,2.5,1406505600.0
2014-07-25,237.7,237.7,222.75,226.85,227.58614332543297,757772.0,15758.0,172458407.0,246383.0,32.51,14.95,-10.85,1406246400.0
2014-07-24,234.4,238.65,232.95,236.35,236.19009094011605,298878.0,7342.0,70592022.0,77106.0,25.8,5.7,1.95,1406160000.0
2014-07-23,234.5,237.5,232.1,234.35,234.5019227588488,338576.0,7606.0,79396723.0,75298.0,22.24,5.4,-0.15,1406073600.0
2014-07-22,236.25,238.4,231.35,234.3,235.2646544884739,404603.0,10167.0,95188785.0,88431.0,21.86,7.05,-1.95,1405987200.0
2014-07-21,239.6,241.45,233.8,235.05,237.52374928800216,405549.0,8210.0,96327519.0,132598.0,32.7,7.65,-4.55,1405900800.0
2014-07-18,242.45,242.5,235.35,237.95,237.81883762251803,553796.0,11077.0,131703121.0,115441.0,20.85,7.15,-4.5,1405641600.0
2014-07-17,242.0,244.55,239.9,243.05,242.58904072903675,522772.0,9799.0,126818758.0,111520.0,21.33,4.65,1.05,1405555200.0
2014-07-16,235.1,244.0,232.4,240.4,236.8764233450598,590686.0,11691.0,139919587.0,151456.0,25.64,11.6,5.3,1405468800.0
2014-07-15,229.0,236.8,226.2,234.45,231.37572245288231,702814.0,14729.0,162614097.0,155969.0,22.19,10.6,5.45,1405382400.0
2014-07-14,223.9,228.25,220.1,226.35,224.9728250119965,581417.0,13659.0,130803025.0,98458.0,16.93,8.15,2.45,1405296000.0
2014-07-11,243.65,245.95,221.5,223.4,231.011729628616,1596811.0,36680.0,368882071.0,552907.0,34.63,24.45,-20.25,1405036800.0
2014-07-10,245.0,253.2,235.85,243.1,244.5411000951895,1272199.0,27179.0,311104943.0,175033.0,13.76,17.35,-1.9,1404950400.0
2014-07-09,244.1,249.5,239.2,243.35,245.0429209292476,849935.0,18657.0,208270555.0,157192.0,18.49,10.3,-0.75,1404864000.0
2014-07-08,265.5,266.4,239.2,243.15,253.6733017174884,1278262.0,25446.0,324260942.0,374537.0,29.3,27.2,-22.35,1404777600.0
2014-07-07,263.5,266.1,261.7,264.75,264.2710222611289,454649.0,10388.0,120150556.0,147637.0,32.47,4.4,1.25,1404691200.0
2014-07-04,262.1,263.5,257.45,262.85,261.0157248545961,720579.0,13400.0,188082450.0,245299.0,34.04,6.05,0.75,1404432000.0
2014-07-03,261.85,262.5,259.05,261.0,260.91361757469826,241438.0,5370.0,62994462.0,74867.0,31.01,3.45,-0.85,1404345600.0
2014-07-02,254.95,261.1,253.8,259.5,257.51934217580026,867405.0,15897.0,223373565.0,265741.0,30.64,7.3,4.55,1404259200.0
2014-07-01,251.2,254.85,251.0,252.55,253.31631698348053,475621.0,9808.0,120482560.0,96020.0,20.19,3.85,1.35,1404172800.0
2014-06-30,246.0,251.5,245.85,250.1,249.44396966083968,614783.0,11446.0,153353912.0,154059.0,25.06,5.65,4.1,1404086400.0
2014-06-27,251.75,252.8,242.95,244.9,246.3059742928457,770836.0,14554.0,189861512.0,175284.0,22.74,9.85,-6.85,1403827200.0
2014-06-26,251.0,255.4,249.2,251.35,252.726782170887,675300.0,14904.0,170666396.0,161752.0,23.95,6.2,0.35,1403740800.0
2014-06-25,252.0,254.25,248.65,249.9,251.66408190402043,580582.0,11352.0,146111636.0,146700.0,25.27,5.6,-2.1,1403654400.0
2014-06-24,245.0,251.9,245.0,250.4,249.1479392873053,803654.0,15293.0,200228738.0,201314.0,25.05,6.9,5.4,1403568000.0
2014-06-23,239.25,245.5,238.5,244.35,242.512460887374,543942.0,10893.0,131912713.0,106541.0,19.59,7.0,5.1,1403481600.0
2014-06-20,241.9,244.3,237.85,238.95,241.0209909150592,461533.0,10131.0,111239141.0,73921.0,16.02,6.45,-2.95,1403222400.0
2014-06-19,241.55,246.35,239.5,240.8,243.26595767691697,554780.0,14056.0,134959088.0,98511.0,17.76,6.85,-0.75,1403136000.0
2014-06-18,248.5,250.0,238.3,241.35,244.66261119159145,815934.0,18611.0,199628543.0,212907.0,26.09,11.7,-7.15,1403049600.0
2014-06-17,242.0,249.0,238.2,247.95,244.16036537458092,833665.0,16916.0,203547951.0,143744.0,17.24,10.8,5.95,1402963200.0
2014-06-16,238.0,242.2,232.35,241.1,237.5061482146137,854801.0,18162.0,203020493.0,138657.0,16.22,9.85,3.1,1402876800.0
2014-06-13,245.0,252.75,233.45,237.7,243.83218959969318,1199580.0,27456.0,292496218.0,260302.0,21.7,19.3,-7.3,1402617600.0
2014-06-12,248.0,249.0,240.9,244.2,244.5607382573508,579256.0,13996.0,141663275.0,119290.0,20.59,8.1,-3.8,1402531200.0
2014-06-11,257.0,259.75,245.4,247.1,250.81875886223057,975347.0,19022.0,244635324.0,258428.0,26.5,14.35,-9.9,1402444800.0
2014-06-10,265.0,265.65,251.85,255.6,255.9260146925497,1018067.0,17574.0,260549830.0,238780.0,23.45,13.8,-9.4,1402358400.0
2014-06-09,265.0,266.55,261.3,263.15,263.71679678951284,731104.0,13963.0,192804405.0,174069.0,23.81,5.25,-1.85,1402272000.0
2014-06-06,261.85,263.95,257.75,262.65,261.47228287928544,994205.0,16985.0,259957051.0,213850.0,21.51,6.2,0.8,1402012800.0
2014-06-05,258.9,264.0,255.3,260.35,260.24975076434316,811481.0,15172.0,211187728.0,166317.0,20.5,8.7,1.45,1401926400.0
2014-06-04,259.4,262.95,256.2,257.9,259.8199770220286,912178.0,17167.0,237002067.0,225882.0,24.76,6.75,-1.5,1401840000.0
2014-06-03,249.05,258.25,245.2,257.3,254.00426226899086,1344589.0,27947.0,341531337.0,241975.0,18.0,13.05,8.25,1401753600.0
2014-06-02,242.0,250.95,242.0,248.65,247.77762578385185,782195.0,16554.0,193810420.0,150589.0,19.25,8.95,6.65,1401667200.0
2014-05-30,243.5,252.45,241.0,242.15,246.26663610806241,868277.0,19539.0,213827656.0,171044.0,19.7,11.45,-1.35,1401408000.0
2014-05-29,247.9,251.8,241.15,243.45,245.90319825271808,1530148.0,30688.0,376268287.0,225990.0,14.77,10.65,-4.45,1401321600.0
2014-05-28,247.0,256.75,245.5,249.0,251.6865046102264,944856.0,21155.0,237807504.0,164885.0,17.45,11.25,2.0,1401235200.0
2014-05-27,258.75,259.7,240.7,245.65,247.42908638743648,1376809.0,34303.0,340662593.0,395158.0,28.7,19.0,-13.1,1401148800.0
2014-05-26,273.0,291.5,251.0,259.4,275.43269016423716,2669127.0,57480.0,735164830.0,545750.0,20.45,40.5,-13.6,1401062400.0
2014-05-23,265.95,279.5,265.5,272.45,272.9999036511579,1079411.0,23181.0,294679099.0,178263.0,16.51,14.0,6.5,1400803200.0
2014-05-22,272.6,274.6,261.75,263.8,267.38846132405547,914871.0,23889.0,244625949.0,225138.0,24.61,12.85,-8.8,1400716800.0
2014-05-21,278.0,280.6,267.0,271.25,272.793577844196,1168019.0,25193.0,318628082.0,156081.0,13.36,13.6,-6.75,1400630400.0
2014-05-20,270.8,287.8,259.1,277.9,275.6276371617251,3070062.0,63545.0,846193935.0,334646.0,10.9,28.7,7.1,1400544000.0
2014-05-19,231.0,272.95,231.0,268.25,253.9592348637041,3053835.0,56403.0,775549600.0,490703.0,16.07,41.95,37.25,1400457600.0
2014-05-16,224.0,234.0,221.15,229.4,228.6315923097161,2603545.0,43364.0,595252639.0,573481.0,22.03,12.85,5.4,1400198400.0
2014-05-15,216.5,224.9,214.5,217.95,219.00524582354976,831328.0,17996.0,182065193.0,172549.0,20.76,10.4,1.45,1400112000.0
2014-05-14,220.9,221.4,211.5,216.5,215.5484113042817,1012749.0,21648.0,218296438.0,137528.0,13.58,9.9,-4.4,1400025600.0
2014-05-13,200.8,229.85,200.05,218.8,219.91886233928128,3372429.0,63780.0,741660749.0,660091.0,19.57,29.8,18.0,1399939200.0
2014-05-12,194.5,201.65,194.5,198.45,199.0818756402068,762449.0,15257.0,151789777.0,247064.0,32.4,7.15,3.95,1399852800.0
2014-05-09,186.9,194.65,185.15,193.85,190.00758468794902,689679.0,13715.0,131044241.0,216814.0,31.44,9.5,6.95,1399593600.0
2014-05-08,179.0,185.35,179.0,184.25,182.03051035598872,385574.0,7149.0,70186232.0,85003.0,22.05,6.35,5.25,1399507200.0
2014-05-07,179.95,181.2,177.9,178.5,179.77305730629416,212926.0,4310.0,38278358.0,51509.0,24.19,3.3,-1.45,1399420800.0
2014-05-06,178.7,181.55,178.2,178.8,179.69551070675126,274453.0,5420.0,49317972.0,52663.0,19.19,3.35,0.1,1399334400.0
2014-05-05,180.95,183.4,176.9,178.6,179.9085687017057,391868.0,7292.0,70500411.0,74369.0,18.98,6.5,-2.35,1399248000.0
2014-05-02,182.0,184.35,177.6,180.35,180.8449503083124,464464.0,9505.0,83995969.0,60034.0,12.93,6.75,-1.65,1398988800.0
2014-04-30,188.2,189.5,178.9,180.75,184.62870046250117,551350.0,11856.0,101795034.0,99698.0,18.08,10.6,-7.45,1398816000.0
2014-04-29,187.0,188.5,185.1,186.7,186.8013463591776,350278.0,9574.0,65432402.0,40921.0,11.68,3.4,-0.3,1398729600.0
2014-04-28,190.35,191.65,185.8,186.75,187.67059059667244,368678.0,8339.0,69190018.0,59310.0,16.09,5.85,-3.6,1398643200.0
2014-04-25,189.6,195.25,189.15,190.75,192.52301367874725,427159.0,9945.0,82237938.0,108093.0,25.31,6.1,1.15,1398384000.0
2014-04-23,187.0,191.2,187.0,189.3,189.79766359749732,476459.0,10943.0,90430805.0,113498.0,23.82,4.2,2.3,1398211200.0
2014-04-22,186.0,189.25,184.75,186.65,187.18785330972926,432694.0,13170.0,80995061.0,75327.0,17.41,4.5,0.65,1398124800.0
2014-04-21,182.0,189.4,182.0,186.6,186.15335469834176,680240.0,13685.0,126628958.0,242894.0,35.71,7.4,4.6,1398038400.0
2014-04-17,175.5,181.65,173.0,181.05,177.486682852115,613720.0,14828.0,108927127.0,113671.0,18.52,8.65,5.55,1397692800.0
2014-04-16,181.9,182.9,175.05,175.6,178.42937997262882,431110.0,10982.0,76922690.0,127979.0,29.69,7.85,-6.3,1397606400.0
2014-04-15,185.0,185.6,180.0,181.35,183.0155754457679,241213.0,5651.0,44145736.0,67972.0,28.18,5.6,-3.65,1397520000.0
2014-04-11,185.45,187.05,182.7,185.05,185.27126672772343,298083.0,6921.0,55226215.0,64977.0,21.8,4.35,-0.4,1397174400.0
2014-04-10,181.3,187.9,181.3,186.55,185.91057975761544,546487.0,11417.0,101597715.0,132401.0,24.23,6.6,5.25,1397088000.0
2014-04-09,177.0,182.4,175.0,181.65,179.75613343555725,479992.0,10326.0,86281506.0,123982.0,12.92,7.4,4.65,1397001600.0
2014-04-07,181.0,185.0,176.45,177.85,178.18278524545948,355904.0,8902.0,63415966.0,119623.0,16.81,8.55,-3.15,1396828800.0
2014-04-04,186.1,187.25,182.55,183.95,183.92994259184607,431646.0,5790.0,79392624.0,98067.0,22.72,4.7,-2.15,1396569600.0
2014-04-03,194.0,197.0,185.6,187.6,189.77743334722496,640671.0,8035.0,121584898.0,201893.0,31.51,11.4,-6.4,1396483200.0
2014-04-02,195.0,195.85,190.95,193.8,192.97081186816968,371144.0,4962.0,71619959.0,50740.0,13.67,4.9,-1.2,1396396800.0
2014-04-01,196.15,198.15,191.25,194.2,193.94281128351884,350139.0,4848.0,67906942.0,53895.0,15.39,6.9,-1.95,1396310400.0
2014-03-31,200.1,201.7,195.55,196.8,198.30987895796127,352770.0,4811.0,69957776.0,77023.0,21.83,6.15,-3.3,1396224000.0
2014-03-28,196.25,200.0,196.25,199.3,198.49497980312137,335943.0,5339.0,66682999.0,75710.0,22.54,3.75,3.05,1395964800.0
2014-03-27,196.0,201.95,193.05,197.55,198.6305114921423,841401.0,11496.0,167127911.0,206012.0,24.48,8.9,1.55,1395878400.0
2014-03-26,198.5,199.9,194.05,195.15,197.6672510383464,621180.0,8281.0,122786943.0,212422.0,34.2,5.85,-3.35,1395792000.0
2014-03-25,188.5,197.45,188.0,196.5,193.855064739916,769309.0,12175.0,149134446.0,193925.0,25.21,9.45,8.0,1395705600.0
2014-03-24,188.0,190.85,186.7,188.2,188.9005017718113,310699.0,6586.0,58691197.0,60767.0,19.56,4.15,0.2,1395619200.0
2014-03-22,189.0,189.0,186.4,186.95,187.23961949416167,22181.0,431.0,4153162.0,4471.0,20.16,2.6,-2.05,1395446400.0
2014-03-21,185.35,188.1,185.35,187.6,187.04160918324672,208031.0,2898.0,38910453.0,37767.0,18.15,2.75,2.25,1395360000.0
2014-03-20,189.4,189.4,183.65,184.55,185.23439497940768,254950.0,4048.0,47225509.0,63151.0,24.77,5.75,-4.85,1395273600.0
2014-03-19,189.2,191.5,187.5,189.75,189.73112602605443,340747.0,4951.0,64650312.0,59028.0,17.32,4.0,0.55,1395187200.0
2014-03-18,186.35,193.4,186.35,188.45,190.26283488457284,521411.0,7648.0,99205135.0,94812.0,18.18,7.05,2.1,1395100800.0
2014-03-14,181.0,189.0,178.65,187.55,183.8719577155268,388606.0,6179.0,71453746.0,57014.0,14.67,10.35,6.55,1394755200.0
2014-03-13,184.0,188.1,181.1,182.9,185.26142968963487,431814.0,6706.0,79998479.0,47024.0,10.89,7.0,-1.1,1394668800.0
2014-03-12,187.9,189.55,182.6,183.75,185.18216946437468,327113.0,4638.0,60575495.0,61233.0,18.72,6.95,-4.15,1394582400.0
2014-03-11,189.0,192.9,187.25,188.85,189.90864179723417,665556.0,9041.0,126394836.0,111687.0,16.78,5.65,-0.15,1394496000.0
2014-03-10,182.6,191.25,182.5,187.9,188.92245076924482,880344.0,11362.0,166316746.0,234657.0,26.66,8.75,5.3,1394409600.0
2014-03-07,174.0,186.0,173.75,183.7,180.3341844289521,1124433.0,16672.0,202773708.0,325171.0,28.92,12.25,9.7,1394150400.0
2014-03-06,167.95,173.9,166.6,172.8,171.45764493238718,597520.0,8904.0,102449372.0,164766.0,27.57,7.3,4.85,1394064000.0
2014-03-05,168.1,168.1,164.5,166.5,166.21672757624097,256391.0,4182.0,42616473.0,57497.0,22.43,3.6,-1.6,1393977600.0
2014-03-04,163.0,167.45,161.6,166.7,165.31801926772462,392885.0,6665.0,64950970.0,89914.0,22.89,5.85,3.7,1393891200.0
2014-03-03,168.0,169.5,161.4,162.5,165.55073335317115,114844666.0,9620.0,19012618678.0,114239561.0,99.47,8.1,-5.5,1393804800.0
2014-02-28,161.7,168.3,161.4,167.2,165.57631779310344,453125.0,6537.0,75026769.0,101864.0,22.48,6.9,5.5,1393545600.0
2014-02-26,160.0,162.5,160.0,162.05,161.5859100602869,411698.0,5992.0,66524596.0,69069.0,16.78,2.5,2.05,1393372800.0
2014-02-25,157.0,160.2,157.0,159.45,159.1740740978376,467571.0,6657.0,74425181.0,93877.0,20.08,3.2,2.45,1393286400.0
2014-02-24,151.9,156.75,150.2,156.45,154.72434117960225,552237.0,6601.0,85444506.0,132723.0,24.03,6.55,4.55,1393200000.0
2014-02-21,151.0,152.1,148.75,150.5,150.27801431407374,306272.0,6035.0,46025948.0,77638.0,25.35,3.35,-0.5,1392940800.0
2014-02-20,150.45,152.5,148.8,151.0,150.71030928207145,277061.0,4428.0,41755949.0,46374.0,16.74,3.7,0.55,1392854400.0
2014-02-19,150.0,152.25,149.75,150.6,151.04013062154473,256313.0,4123.0,38713549.0,57260.0,22.34,2.5,0.6,1392768000.0
2014-02-18,148.0,151.2,146.65,149.7,149.54715918076863,303504.0,5785.0,45388161.0,54603.0,17.99,4.55,1.7,1392681600.0
2014-02-17,148.35,150.5,146.2,147.6,147.92453772549368,354389.0,5405.0,52422829.0,68848.0,19.43,4.3,-0.75,1392595200.0
2014-02-14,152.25,157.3,145.75,148.4,151.54180083765112,801527.0,7763.0,121464845.0,114731.0,14.31,11.55,-3.85,1392336000.0
2014-02-13,158.0,158.5,150.25,151.75,154.14086797765447,311114.0,6257.0,47955382.0,85450.0,27.47,8.25,-6.25,1392249600.0
2014-02-12,155.9,158.35,155.6,157.25,157.28647434155374,261259.0,3748.0,41092507.0,74442.0,28.49,2.75,1.35,1392163200.0
2014-02-11,156.0,157.7,154.4,154.95,155.82305392896598,276994.0,4333.0,43162051.0,63276.0,22.84,3.3,-1.05,1392076800.0
2014-02-10,156.0,158.7,155.2,155.85,156.76257686383047,399245.0,5317.0,62586675.0,80504.0,20.16,3.5,-0.15,1391990400.0
2014-02-07,157.3,157.9,155.0,155.55,156.1969457490153,353671.0,5179.0,55242330.0,81956.0,23.17,2.9,-1.75,1391731200.0
2014-02-06,158.0,158.0,153.4,156.7,156.27678055832624,742899.0,10334.0,116097864.0,105039.0,14.14,4.6,-1.3,1391644800.0
2014-02-05,163.7,164.75,158.55,160.6,161.53864877942968,1498275.0,22671.0,242029319.0,175447.0,11.71,6.2,-3.1,1391558400.0
2014-02-04,165.95,167.2,155.0,163.4,164.1565113533326,365047.0,6129.0,59924842.0,74714.0,20.47,12.2,-2.55,1391472000.0
2014-02-03,170.0,173.35,166.2,167.5,170.51405909598859,265771.0,3927.0,45317692.0,53428.0,20.1,7.15,-2.5,1391385600.0
2014-01-31,171.9,173.6,168.55,172.85,171.2967628093609,442606.0,6158.0,75816975.0,106556.0,24.07,5.05,0.95,1391126400.0
2014-01-30,168.5,175.0,164.45,172.9,169.45291400866319,613399.0,14707.0,103942248.0,189440.0,30.88,10.55,4.4,1391040000.0
2014-01-29,165.5,171.8,165.5,170.7,170.01924244076025,614579.0,10701.0,104490256.0,156448.0,25.46,6.3,5.2,1390953600.0
2014-01-28,162.1,165.65,160.15,164.35,163.62216601086755,256176.0,4229.0,41916072.0,58796.0,22.95,5.5,2.25,1390867200.0
2014-01-27,161.5,164.25,161.3,162.55,162.83684305882682,215259.0,3533.0,35052096.0,45109.0,20.96,2.95,1.05,1390780800.0
2014-01-24,170.5,170.5,164.1,165.1,166.66472070703585,289660.0,5029.0,48276103.0,79936.0,27.6,6.4,-5.4,1390521600.0
2014-01-23,170.5,173.35,170.05,170.9,171.5736435794956,321766.0,5638.0,55206565.0,68714.0,21.36,3.3,0.4,1390435200.0
2014-01-22,169.9,172.3,168.7,169.35,170.75093440069617,7965801.0,10783.0,1360167964.0,6930616.0,87.0,3.6,-0.55,1390348800.0
2014-01-21,173.05,174.0,169.5,170.15,171.49156170311412,258820.0,3560.0,44385446.0,47268.0,18.26,4.5,-2.9,1390262400.0
2014-01-20,171.55,173.95,171.1,173.45,173.1096188920432,315265.0,4468.0,54575404.0,64697.0,20.52,2.85,1.9,1390176000.0
2014-01-17,167.5,172.35,167.35,171.3,170.38978819488614,440216.0,6568.0,75008311.0,72022.0,16.36,5.0,3.8,1389916800.0
2014-01-16,166.5,170.7,166.35,169.1,167.36955174379833,1571512.0,6229.0,263023259.0,1213196.0,77.2,4.35,2.6,1389830400.0
2014-01-15,162.6,167.1,162.6,166.2,164.18407111558662,1469720.0,4636.0,241304613.0,1198731.0,81.56,4.5,3.6,1389744000.0
2014-01-14,163.85,164.9,162.3,162.7,163.36824889996495,154086.0,2175.0,25172760.0,38847.0,25.21,2.6,-1.15,1389657600.0
2014-01-13,163.55,165.6,161.55,164.15,163.61125748126244,254302.0,3325.0,41606670.0,66536.0,26.16,4.05,0.6,1389571200.0
2014-01-10,164.0,165.65,161.6,162.55,162.7926836234894,1417915.0,4141.0,230826188.0,1178864.0,83.14,4.05,-1.45,1389312000.0
2014-01-09,162.9,165.85,161.1,162.55,163.35163067388953,370491.0,4028.0,60520309.0,64217.0,17.33,4.75,-0.35,1389225600.0
2014-01-08,165.75,165.75,162.0,163.05,163.7309664047531,408659.0,5256.0,66910133.0,95106.0,23.27,3.75,-2.7,1389139200.0
2014-01-07,164.55,170.0,163.5,165.25,166.9448060656719,641248.0,7757.0,107053023.0,79595.0,12.41,6.5,0.7,1389052800.0
2014-01-06,165.0,168.0,163.55,164.4,165.77360193273887,353488.0,4158.0,58598979.0,76316.0,21.59,4.45,-0.6,1388966400.0
2014-01-03,168.5,168.5,164.3,166.1,166.01228546316776,414148.0,5524.0,68753656.0,95421.0,23.04,4.2,-2.4,1388707200.0
2014-01-02,175.4,177.85,167.95,169.35,173.16738434592395,522982.0,6838.0,90563425.0,133315.0,25.49,9.9,-6.05,1388620800.0
2014-01-01,177.15,177.9,174.25,175.35,176.04485983324523,278133.0,3742.0,48963885.0,54401.0,19.56,3.65,-1.8,1388534400.0
2013-12-31,180.4,181.0,175.25,176.45,177.60941852074157,593108.0,7768.0,105341567.0,108637.0,18.32,5.75,-3.95,1388448000.0
2013-12-30,173.0,181.2,171.7,179.35,176.76634527973422,815113.0,11664.0,144084546.0,160400.0,19.68,9.5,6.35,1388361600.0
2013-12-27,173.6,174.45,171.6,173.25,172.96074249528218,411208.0,4856.0,71122841.0,70730.0,17.2,2.85,-0.35,1388102400.0
2013-12-26,173.9,175.95,172.5,174.7,174.17229176286045,632404.0,9225.0,110147254.0,103567.0,16.38,3.45,0.8,1388016000.0
2013-12-24,168.4,172.9,168.4,172.4,171.74628089091684,467249.0,9462.0,80248278.0,102097.0,21.85,4.5,4.0,1387843200.0
2013-12-23,166.9,171.3,165.65,169.15,169.44090895350703,628547.0,8125.0,106501575.0,160176.0,25.48,5.65,2.25,1387756800.0
2013-12-20,162.0,166.3,161.25,165.55,164.54469376988808,595206.0,6866.0,97937989.0,162381.0,27.28,5.05,3.55,1387497600.0
2013-12-19,165.0,165.85,159.35,162.15,162.55960173874197,814842.0,9836.0,132460391.0,95584.0,11.73,6.5,-2.85,1387411200.0
2013-12-18,153.0,164.4,153.0,163.25,160.33551182258776,966878.0,10880.0,155024879.0,194794.0,20.15,11.4,10.25,1387324800.0
2013-12-17,156.0,157.95,153.4,154.45,155.37957477195243,434120.0,5623.0,67453381.0,71404.0,16.45,4.55,-1.55,1387238400.0
2013-12-16,154.5,156.7,153.0,154.95,155.02355497797427,509404.0,6646.0,78969619.0,89702.0,17.61,3.7,0.45,1387152000.0
2013-12-13,160.85,160.9,154.2,154.85,156.1515331829001,776424.0,8869.0,121239798.0,164582.0,21.2,6.7,-6.0,1386892800.0
2013-12-12,162.0,164.05,160.05,161.4,162.50541363948247,609202.0,6578.0,98998623.0,95062.0,15.6,4.0,-0.6,1386806400.0
2013-12-11,164.5,164.8,160.45,162.05,162.2104522698641,516749.0,6390.0,83822089.0,75267.0,14.57,4.35,-2.45,1386720000.0
2013-12-10,171.0,172.0,162.0,165.65,164.73694715822091,1116730.0,14572.0,183966691.0,135860.0,12.17,10.0,-5.35,1386633600.0
2013-12-09,175.5,177.3,170.5,171.7,172.47345909263794,599452.0,8177.0,103389560.0,139213.0,23.22,6.8,-3.8,1386547200.0
2013-12-06,170.9,175.45,170.45,171.35,172.65148900150604,909670.0,14125.0,157055880.0,169817.0,18.67,5.0,0.45,1386288000.0
2013-12-05,166.5,171.2,166.5,170.55,169.67342102144804,970485.0,12603.0,164665510.0,233151.0,24.02,4.7,4.05,1386201600.0
2013-12-04,163.95,165.4,162.4,164.1,164.03481339708412,849558.0,9974.0,139357088.0,131351.0,15.46,3.0,0.15,1386115200.0
2013-12-03,158.95,164.15,158.3,163.35,162.21044738497852,1023548.0,13090.0,166030179.0,167951.0,16.41,5.85,4.4,1386028800.0
2013-12-02,157.6,160.85,156.7,159.25,158.81770885229898,893203.0,11380.0,141856454.0,142022.0,15.9,4.15,1.65,1385942400.0
2013-11-29,152.0,158.35,151.5,156.05,155.5949535171902,1285529.0,16556.0,200021825.0,242607.0,18.87,6.85,4.05,1385683200.0
2013-11-28,147.25,152.45,146.9,150.85,150.3675568228079,1215929.0,13524.0,182836273.0,249978.0,20.56,5.55,3.6,1385596800.0
2013-11-27,148.1,149.0,144.25,146.4,146.29187676822903,607246.0,11353.0,88835157.0,159521.0,26.27,4.75,-1.7,1385510400.0
2013-11-26,145.0,151.8,144.8,147.85,149.4471470909734,2255978.0,34543.0,337149476.0,406403.0,18.01,7.0,2.85,1385424000.0
2013-11-25,138.1,144.9,138.1,144.15,142.2327343556327,705925.0,8232.0,100405643.0,223417.0,31.65,6.8,6.05,1385337600.0
2013-11-22,138.9,139.0,135.9,137.0,137.42445160599362,308127.0,3914.0,42344184.0,81093.0,26.32,3.1,-1.9,1385078400.0
2013-11-21,139.95,140.8,136.8,137.15,138.89387149011944,334698.0,4755.0,46487501.0,72985.0,21.81,4.0,-2.8,1384992000.0
2013-11-20,141.4,144.5,139.9,140.95,143.00481003895953,676086.0,8677.0,96683550.0,172235.0,25.48,4.6,-0.45,1384905600.0
2013-11-19,140.0,142.15,138.1,141.5,140.78747065137657,706166.0,8495.0,99419325.0,106835.0,15.13,4.05,1.5,1384819200.0
2013-11-18,136.3,140.35,136.3,139.85,138.55106359799905,559939.0,7321.0,77580144.0,181746.0,32.46,4.05,3.55,1384732800.0
2013-11-14,134.95,136.7,134.15,135.7,135.952578824805,324644.0,5673.0,44136189.0,125603.0,38.69,2.55,0.75,1384387200.0
2013-11-13,131.25,134.7,131.05,133.5,133.44596068993178,373950.0,5041.0,49902117.0,88156.0,23.57,3.65,2.25,1384300800.0
2013-11-12,134.0,135.05,131.25,131.7,133.0360729184636,411583.0,5349.0,54755386.0,117997.0,28.67,3.8,-2.3,1384214400.0
2013-11-11,135.2,136.0,133.25,134.0,134.69032897073387,453323.0,5847.0,61058224.0,87868.0,19.38,2.75,-1.2,1384128000.0
2013-11-08,133.5,136.5,131.5,135.45,134.73021166568313,772728.0,9830.0,104109807.0,120042.0,15.53,5.0,1.95,1383868800.0
2013-11-07,138.25,138.25,133.2,134.45,134.8087488259858,1730175.0,20306.0,233242727.0,309143.0,17.87,5.05,-3.8,1383782400.0
2013-11-06,141.0,144.9,138.7,140.45,141.77182817331698,2684100.0,35269.0,380529764.0,293318.0,10.93,6.2,-0.55,1383696000.0
2013-11-05,144.0,145.0,140.6,142.3,142.8241002026063,794151.0,9846.0,113423902.0,178932.0,22.53,4.4,-1.7,1383609600.0
2013-11-03,145.0,145.8,144.2,144.65,145.02256971752362,260659.0,3657.0,37801438.0,144258.0,55.34,1.6,-0.35,1383436800.0
2013-11-01,141.45,145.35,141.1,143.45,143.61421184846398,887710.0,11715.0,127487772.0,192887.0,21.73,4.25,2.0,1383264000.0
2013-10-31,139.75,141.6,137.85,140.95,140.08020155759584,690423.0,9135.0,96714593.0,147127.0,21.31,3.75,1.2,1383177600.0
2013-10-30,136.0,140.8,136.0,139.15,139.3859505924065,862499.0,10968.0,120220243.0,140474.0,16.29,4.8,3.15,1383091200.0
2013-10-29,135.65,137.9,131.3,136.3,134.66615108831067,1090038.0,12753.0,146791222.0,250004.0,22.94,6.6,0.65,1383004800.0
2013-10-28,138.2,138.7,135.6,136.4,136.8855078708371,478094.0,6309.0,65444140.0,84657.0,17.71,3.1,-1.8,1382918400.0
2013-10-25,139.75,139.75,136.2,137.15,137.5852541883773,616826.0,8750.0,84866162.0,161399.0,26.17,3.55,-2.6,1382659200.0
2013-10-24,143.0,145.0,139.1,140.15,142.5426875980398,740133.0,9103.0,105500547.0,216094.0,29.2,5.9,-2.85,1382572800.0
2013-10-23,146.0,146.6,140.85,142.55,143.63007638992806,547978.0,8114.0,78706122.0,145338.0,26.52,5.75,-3.45,1382486400.0
2013-10-22,145.05,147.75,144.85,145.35,146.08761368611115,568781.0,6988.0,83091859.0,118729.0,20.87,2.9,0.3,1382400000.0
2013-10-21,147.55,149.3,144.85,145.7,146.59835579126067,845878.0,10177.0,124004324.0,273391.0,32.32,4.45,-1.85,1382313600.0
2013-10-18,147.6,151.9,145.4,147.95,148.72306540905015,1123713.0,15290.0,167122042.0,145571.0,12.95,6.5,0.35,1382054400.0
2013-10-17,145.4,147.45,143.2,146.35,145.81015855073855,562659.0,7491.0,82041398.0,81501.0,14.48,4.25,0.95,1381968000.0
2013-10-15,145.1,147.45,141.5,145.85,144.9587019877252,764492.0,10371.0,110819768.0,173599.0,22.71,5.95,0.75,1381795200.0
2013-10-14,146.65,146.65,143.5,144.75,144.6592573221757,405344.0,6321.0,58636762.0,76791.0,18.94,3.15,-1.9,1381708800.0
2013-10-11,148.5,149.45,145.6,147.05,146.95411639931058,452580.0,5608.0,66508494.0,78603.0,17.37,3.85,-1.45,1381449600.0
2013-10-10,147.1,149.4,146.35,147.25,147.75692046458232,438157.0,6730.0,64740729.0,62068.0,14.17,3.05,0.15,1381363200.0
2013-10-09,143.6,148.75,142.65,147.95,146.08396498982955,636158.0,9650.0,92932483.0,144672.0,22.74,6.1,4.35,1381276800.0
2013-10-08,147.65,148.25,143.55,144.7,146.08675971974276,528229.0,6960.0,77167263.0,88612.0,16.78,4.7,-2.95,1381190400.0
2013-10-07,143.9,147.75,142.15,146.15,145.69889229464084,843997.0,10544.0,122969428.0,191816.0,22.73,5.6,2.25,1381104000.0
2013-10-04,142.0,145.9,141.4,143.95,143.76815017153828,843835.0,11966.0,121316597.0,95219.0,11.28,4.5,1.95,1380844800.0
2013-10-03,144.0,146.7,141.65,143.75,143.4991065315052,1197580.0,11784.0,171851660.0,397357.0,33.18,5.05,-0.25,1380758400.0
2013-10-01,139.0,143.95,139.0,141.4,141.85764838166685,894686.0,13245.0,126918052.0,92645.0,10.36,4.95,2.4,1380585600.0
2013-09-30,141.7,141.7,135.5,137.35,137.51900033535307,831959.0,12860.0,114410170.0,191334.0,23.0,6.2,-4.35,1380499200.0
2013-09-27,148.25,149.5,142.15,143.95,145.96631972947114,1192627.0,15966.0,174083374.0,148839.0,12.48,7.35,-4.3,1380240000.0
2013-09-26,142.5,152.55,142.2,150.4,147.532188639653,3300621.0,41019.0,486947840.0,402124.0,12.18,10.35,7.9,1380153600.0
2013-09-25,131.9,142.5,131.55,141.45,138.70774460738323,3083707.0,36662.0,427734043.0,533772.0,17.31,10.95,9.55,1380067200.0
2013-09-24,129.0,134.25,127.35,131.35,132.00709252513528,1151071.0,15647.0,151949536.0,168421.0,14.63,6.9,2.35,1379980800.0
2013-09-23,134.55,135.5,129.1,129.9,132.00360259462582,844669.0,11701.0,111499351.0,216376.0,25.62,6.4,-4.65,1379894400.0
2013-09-20,134.45,138.6,130.4,135.25,134.49939275764459,2145766.0,24461.0,288604224.0,278673.0,12.99,8.2,0.8,1379635200.0
2013-09-19,135.5,136.0,131.25,133.75,133.78504462943994,1647007.0,18365.0,220344905.0,306857.0,18.63,4.75,-1.75,1379548800.0
2013-09-18,137.75,137.75,126.4,130.05,130.69844398837137,1628394.0,23517.0,212828562.0,332356.0,20.41,11.35,-7.7,1379462400.0
2013-09-17,134.95,137.85,132.3,136.55,135.138655488551,796795.0,11264.0,107677805.0,82019.0,10.29,5.55,1.6,1379376000.0
2013-09-16,144.5,145.9,135.0,135.8,139.6102490100136,1037388.0,11810.0,144829997.0,258312.0,24.9,10.9,-8.7,1379289600.0
2013-09-13,134.85,142.9,134.0,142.35,140.30791406471107,1367401.0,18992.0,191857182.0,251669.0,18.4,8.9,7.5,1379030400.0
2013-09-12,141.0,143.45,133.6,134.8,138.92126305920172,1194560.0,13788.0,165949784.0,281161.0,23.54,9.85,-6.2,1378944000.0
2013-09-11,140.35,142.75,137.9,140.4,140.5749200603144,1039221.0,12197.0,146088409.0,160979.0,15.49,4.85,0.05,1378857600.0
2013-09-10,144.3,146.4,137.0,142.6,141.7777273409632,1678668.0,19901.0,237997734.0,332998.0,19.84,9.4,-1.7,1378771200.0
2013-09-06,137.0,142.8,135.0,141.55,139.48203077055962,1435593.0,19458.0,200239427.0,239613.0,16.69,7.8,4.55,1378425600.0
2013-09-05,129.05,138.0,128.05,137.2,133.6471548788982,1979863.0,26529.0,264603057.0,394406.0,19.92,9.95,8.15,1378339200.0
2013-09-04,119.0,127.95,119.0,126.8,125.35113341675032,1818175.0,22128.0,227910297.0,341923.0,18.81,8.95,7.8,1378252800.0
2013-09-03,121.8,125.7,118.5,119.4,122.16087306135,1687579.0,18901.0,206156124.0,419756.0,24.87,7.2,-2.4,1378166400.0
2013-09-02,119.7,121.9,118.65,120.8,120.58292869675749,730079.0,9705.0,88035064.0,161621.0,22.14,3.25,1.1,1378080000.0
2013-08-30,118.45,120.65,115.9,118.75,117.95877431619414,1327716.0,15829.0,156615752.0,205211.0,15.46,4.75,0.3,1377820800.0
2013-08-29,115.7,118.95,112.15,117.5,115.47272801826244,1487644.0,17267.0,171782311.0,349340.0,23.48,6.8,1.8,1377734400.0
2013-08-28,110.0,115.95,105.05,114.2,109.95720504274405,2729387.0,30955.0,300115766.0,474681.0,17.39,10.9,4.2,1377648000.0
2013-08-27,122.9,126.9,111.05,112.05,118.20040326809836,2335915.0,29901.0,276106095.0,491776.0,21.05,15.85,-10.85,1377561600.0
2013-08-26,118.0,124.65,117.1,123.8,121.32284445152392,2209832.0,28276.0,268103104.0,449943.0,20.36,7.55,5.8,1377475200.0
2013-08-23,108.4,117.35,107.8,116.1,113.92700367511159,3192284.0,46138.0,363687351.0,588305.0,18.43,9.55,7.7,1377216000.0
2013-08-22,104.4,108.7,102.75,107.4,106.22646245113293,1207613.0,14489.0,128280457.0,203484.0,16.85,5.95,3.0,1377129600.0
2013-08-21,103.2,109.0,103.2,104.7,106.3123750771013,2130314.0,24436.0,226478741.0,385981.0,18.12,5.8,1.5,1377043200.0
2013-08-20,102.25,104.75,100.35,101.5,102.39727921099107,1808446.0,21971.0,185179950.0,528980.0,29.25,4.4,-0.75,1376956800.0
2013-08-19,106.0,106.0,101.1,103.35,103.40756148543902,1659092.0,20434.0,171562658.0,414105.0,24.96,4.9,-2.65,1376870400.0
2013-08-16,117.5,118.0,104.75,105.95,109.70850682767606,2204923.0,29401.0,241898810.0,859312.0,38.97,13.25,-11.55,1376611200.0
2013-08-14,122.8,122.8,116.3,118.65,118.68666354848465,1028377.0,18402.0,122054635.0,223640.0,21.75,6.5,-4.15,1376438400.0
2013-08-13,119.7,123.75,117.5,120.9,121.56970696377822,881734.0,12391.0,107192144.0,148605.0,16.85,6.25,1.2,1376352000.0
2013-08-12,120.0,122.8,114.4,119.8,119.17667581196264,1167449.0,16154.0,139132691.0,142260.0,12.19,8.4,-0.2,1376265600.0
2013-08-08,116.0,119.3,113.75,117.55,117.14695700954302,928741.0,13761.0,108799182.0,141015.0,15.18,5.55,1.55,1375920000.0
2013-08-07,113.3,117.0,113.25,115.9,115.2551070890291,1216838.0,16357.0,140246794.0,182545.0,15.0,3.75,2.6,1375833600.0
2013-08-06,119.7,120.0,112.1,112.95,115.81830918285368,2809399.0,35081.0,325379842.0,403054.0,14.35,7.9,-6.75,1375747200.0
2013-08-05,139.0,142.0,120.05,120.9,125.30938266453477,3335982.0,45018.0,418029845.0,827702.0,24.81,21.95,-18.1,1375660800.0
2013-08-02,150.7,153.6,147.95,149.4,150.98741223843612,464896.0,6665.0,70193444.0,83135.0,17.88,5.65,-1.3,1375401600.0
2013-08-01,158.0,160.65,149.75,150.65,154.06676611064097,488047.0,6983.0,75191823.0,108283.0,22.19,10.9,-7.35,1375315200.0
2013-07-31,152.0,159.15,148.35,158.25,153.91981156765243,515835.0,8145.0,79397226.0,134682.0,26.11,10.8,6.25,1375228800.0
2013-07-30,156.65,158.6,152.2,152.65,154.7000316637783,293711.0,5154.0,45437101.0,77145.0,26.27,6.4,-4.0,1375142400.0
2013-07-29,160.0,160.75,156.35,156.95,158.2058291170379,329278.0,5494.0,52093699.0,64208.0,19.5,4.4,-3.05,1375056000.0
2013-07-26,159.8,161.1,156.1,158.8,158.62328559406964,497913.0,7311.0,78980596.0,109383.0,21.97,5.0,-1.0,1374796800.0
2013-07-25,164.0,164.0,157.15,158.6,159.06896342979803,611208.0,8609.0,97224223.0,170927.0,27.97,6.85,-5.4,1374710400.0
2013-07-24,165.0,166.1,161.15,163.0,163.2942946782907,437942.0,6437.0,71513430.0,117245.0,26.77,4.95,-2.0,1374624000.0
2013-07-23,162.45,166.2,161.5,165.1,164.52827810379267,806030.0,14533.0,132614728.0,135805.0,16.85,4.7,2.65,1374537600.0
2013-07-22,173.0,173.5,160.5,161.5,165.31399215932032,1685058.0,40492.0,278563665.0,672488.0,39.91,13.0,-11.5,1374451200.0
2013-07-19,189.0,189.55,172.3,173.75,177.82684575100362,1574007.0,41635.0,279900700.0,615765.0,39.12,17.25,-15.25,1374192000.0
2013-07-18,184.3,189.9,183.25,188.9,187.9212931535416,368278.0,6927.0,69207278.0,106615.0,28.95,6.65,4.6,1374105600.0
2013-07-17,184.15,186.95,181.3,183.15,184.38587187448928,244760.0,4215.0,45130286.0,54097.0,22.1,5.65,-1.0,1374019200.0
2013-07-16,183.5,185.4,181.0,182.75,183.04024636818463,203273.0,4027.0,37207140.0,39146.0,19.26,4.4,-0.75,1373932800.0
2013-07-15,188.0,188.85,185.0,186.15,186.60947533368983,267389.0,4518.0,49897321.0,56559.0,21.15,3.85,-1.85,1373846400.0
2013-07-12,185.65,189.4,185.25,187.85,187.54617554611167,328962.0,6044.0,61695565.0,66973.0,20.36,4.15,2.2,1373587200.0
2013-07-11,185.9,188.5,184.8,186.15,186.08155827810347,251072.0,4165.0,46719869.0,60105.0,23.94,3.7,0.25,1373500800.0
2013-07-10,187.1,188.0,183.0,184.05,185.1725684439212,307478.0,4681.0,56936491.0,68773.0,22.37,5.0,-3.05,1373414400.0
2013-07-09,184.35,188.4,183.4,186.7,186.2159765633059,484710.0,9222.0,90260746.0,123970.0,25.58,5.0,2.35,1373328000.0
2013-07-08,178.0,183.7,174.15,182.65,179.25304738758098,479345.0,7936.0,85924052.0,82774.0,17.27,9.55,4.65,1373241600.0
2013-07-05,176.75,179.45,175.0,178.5,177.42510875381282,330793.0,5589.0,58690984.0,69600.0,21.04,4.45,1.75,1372982400.0
2013-07-04,180.3,181.0,173.15,175.3,175.93793450481346,377585.0,6777.0,66431525.0,62797.0,16.63,7.85,-5.0,1372896000.0
2013-07-03,181.9,181.9,176.2,178.2,178.81019458307637,267495.0,4913.0,47830833.0,47160.0,17.63,5.7,-3.7,1372809600.0
2013-07-02,179.6,185.5,175.25,183.7,182.09723158285087,620210.0,12304.0,112938524.0,117842.0,19.0,10.25,4.1,1372723200.0
2013-07-01,175.7,180.0,175.0,178.8,178.1683586739941,232367.0,4858.0,41400447.0,45790.0,19.71,5.0,3.1,1372636800.0
2013-06-28,165.0,175.0,165.0,174.3,171.68178573623328,634629.0,10497.0,108954240.0,189157.0,29.81,10.0,9.3,1372377600.0
2013-06-27,165.1,166.0,162.1,163.05,164.20091914221882,314206.0,4300.0,51592914.0,86117.0,27.41,3.9,-2.05,1372291200.0
2013-06-26,163.9,166.4,163.05,163.65,164.46978057003625,282368.0,4667.0,46441003.0,57156.0,20.24,3.35,-0.25,1372204800.0
2013-06-25,165.9,167.85,162.4,163.6,164.95454558601918,345731.0,6235.0,57029900.0,71395.0,20.65,5.45,-2.3,1372118400.0
2013-06-24,170.35,170.35,164.5,165.5,166.34205918070825,368904.0,7397.0,61364251.0,125994.0,34.15,5.85,-4.85,1372032000.0
2013-06-21,171.0,174.55,168.0,170.65,171.51909325431225,380658.0,7130.0,65290115.0,102649.0,26.97,6.55,-0.35,1371772800.0
2013-06-20,178.9,178.9,170.65,171.3,174.37839426111907,435625.0,8999.0,75963588.0,185565.0,42.6,8.25,-7.6,1371686400.0
2013-06-19,181.25,182.5,179.0,180.3,180.8168058792444,263027.0,4948.0,47559702.0,61350.0,23.32,3.5,-0.95,1371600000.0
2013-06-18,182.6,184.2,180.05,180.65,182.4490182293796,305825.0,5594.0,55797471.0,52148.0,17.05,4.15,-1.95,1371513600.0
2013-06-17,177.8,183.0,175.65,182.35,179.9566210045662,363102.0,6263.0,65342609.0,79966.0,22.02,7.35,4.55,1371427200.0
2013-06-14,177.1,179.2,175.3,176.4,177.7202981839677,304510.0,3363.0,54117608.0,73505.0,24.14,3.9,-0.7,1371168000.0
2013-06-13,178.45,178.5,174.2,175.0,176.0902187484993,333168.0,4194.0,58667626.0,109939.0,33.0,4.3,-3.45,1371081600.0
2013-06-12,180.9,183.6,178.3,179.25,180.9078522865429,441693.0,4291.0,79905732.0,142560.0,32.28,5.3,-1.65,1370995200.0
2013-06-11,182.55,184.8,181.0,181.5,182.6376087891836,295181.0,3389.0,53911152.0,59711.0,20.23,3.8,-1.05,1370908800.0
2013-06-10,191.3,192.1,183.1,184.1,186.7697370272201,355398.0,4053.0,66377591.0,112049.0,31.53,9.0,-7.2,1370822400.0
2013-06-07,191.9,194.5,189.2,189.8,191.7716726750491,341190.0,4008.0,65430577.0,69019.0,20.23,5.3,-2.1,1370563200.0
2013-06-06,192.75,195.1,191.5,192.2,193.22423087305413,611245.0,4034.0,118107345.0,243339.0,39.81,3.6,-0.55,1370476800.0
2013-06-05,194.95,195.6,193.2,194.45,194.396585114307,174530.0,2113.0,33928036.0,39038.0,22.37,2.4,-0.5,1370390400.0
2013-06-04,197.1,199.75,194.3,195.5,196.81817281910247,232347.0,3133.0,45730112.0,49233.0,21.19,5.45,-1.6,1370304000.0
2013-06-03,200.0,201.7,196.3,197.1,198.9728699764592,189458.0,3098.0,37697002.0,33041.0,17.44,5.4,-2.9,1370217600.0
2013-05-31,204.4,205.4,199.15,199.95,201.82620109218675,351222.0,4332.0,70885802.0,99631.0,28.37,6.25,-4.45,1369958400.0
2013-05-30,202.9,206.0,200.5,205.35,204.306331957962,476235.0,5296.0,97297826.0,121303.0,25.47,5.5,2.45,1369872000.0
2013-05-29,203.5,205.1,198.5,203.15,202.01131553459481,482169.0,5734.0,97403594.0,87500.0,18.15,6.6,-0.35,1369785600.0
2013-05-28,198.0,204.9,194.3,203.25,201.3491573593544,888101.0,10043.0,178818388.0,217729.0,24.52,10.6,5.25,1369699200.0
2013-05-27,192.7,197.45,187.6,196.75,194.54989318469228,325796.0,3844.0,63383577.0,64743.0,19.87,9.85,4.05,1369612800.0
2013-05-24,196.5,198.35,190.45,192.85,192.7603757708489,433775.0,5738.0,83614632.0,80438.0,18.54,7.9,-3.65,1369353600.0
2013-05-23,201.5,201.5,191.0,195.8,196.0873345286741,745673.0,10651.0,146217031.0,120872.0,16.21,10.5,-5.7,1369267200.0
2013-05-22,206.35,207.9,202.1,203.4,205.2499098603909,396607.0,5619.0,81403551.0,82175.0,20.72,5.8,-2.95,1369180800.0
2013-05-21,202.25,207.4,201.3,205.6,205.48997286137657,720744.0,9592.0,148105665.0,165581.0,22.97,6.1,3.35,1369094400.0
2013-05-20,203.2,205.0,200.3,201.9,203.04075461142799,643510.0,7911.0,130658756.0,136466.0,21.21,4.7,-1.3,1369008000.0
2013-05-17,193.55,203.9,191.5,201.35,198.92561847609247,723876.0,8091.0,143997481.0,191858.0,26.5,12.4,7.8,1368748800.0
2013-05-16,191.5,194.5,190.6,193.6,193.31019015784904,232754.0,2869.0,44993720.0,68190.0,29.3,3.9,2.1,1368662400.0
2013-05-15,190.75,191.9,189.55,191.4,190.91159564284385,220419.0,2782.0,42080543.0,55119.0,25.01,2.35,0.65,1368576000.0
2013-05-14,190.3,191.15,187.9,188.95,189.15572149093282,193114.0,2811.0,36528618.0,36333.0,18.81,3.25,-1.35,1368489600.0
2013-05-13,196.0,197.0,189.2,190.2,191.99615814525023,270182.0,3440.0,51873906.0,100197.0,37.09,7.8,-5.8,1368403200.0
2013-05-11,196.5,197.1,195.5,195.8,195.98837111553226,35687.0,457.0,6994237.0,21095.0,59.11,1.6,-0.7,1368230400.0
2013-05-10,195.0,198.35,195.0,196.5,197.1421512140937,288981.0,4208.0,56970336.0,56009.0,19.38,3.35,1.5,1368144000.0
2013-05-09,195.35,197.3,192.75,195.7,194.63581087553158,240117.0,3021.0,46735367.0,50382.0,20.98,4.55,0.35,1368057600.0
2013-05-08,197.0,197.45,193.7,195.15,195.12741162986302,229461.0,2996.0,44774131.0,55837.0,24.33,3.75,-1.85,1367971200.0
2013-05-07,194.25,197.2,194.0,196.5,195.95181107467488,401005.0,4784.0,78577656.0,114691.0,28.6,3.2,2.25,1367884800.0
2013-05-06,191.4,194.9,191.4,193.1,193.1202227167581,455646.0,4551.0,87994457.0,182226.0,39.99,3.5,1.7,1367798400.0
2013-05-03,191.9,194.35,188.8,191.5,191.72333424309056,388382.0,4834.0,74461892.0,56117.0,14.45,5.55,-0.4,1367539200.0
2013-05-02,193.8,193.8,190.45,191.7,191.722920750885,283612.0,4076.0,54374921.0,54233.0,19.12,3.35,-2.1,1367452800.0
2013-04-30,192.6,194.0,187.75,192.5,190.3027313618827,384387.0,4457.0,73149896.0,90461.0,23.53,6.25,-0.1,1367280000.0
2013-04-29,189.55,192.2,189.55,191.3,191.07821275149868,206015.0,3409.0,39364978.0,53221.0,25.83,2.65,1.75,1367193600.0
2013-04-26,193.0,193.0,188.0,188.9,189.90687889338184,256204.0,3525.0,48654902.0,65460.0,25.55,5.0,-4.1,1366934400.0
2013-04-25,190.0,194.5,187.05,192.45,190.62129845495326,402771.0,5033.0,76776731.0,102303.0,25.4,7.45,2.45,1366848000.0
2013-04-23,192.6,193.0,187.0,189.0,189.62102526626012,417355.0,5318.0,79139283.0,103880.0,24.89,6.0,-3.6,1366675200.0
2013-04-22,186.6,192.0,186.45,191.35,189.3923753070005,541530.0,6626.0,102561653.0,128871.0,23.8,5.55,4.75,1366588800.0
2013-04-18,183.0,186.25,182.2,185.7,184.4982285965941,356497.0,4988.0,65773065.0,94653.0,26.55,4.05,2.7,1366243200.0
2013-04-17,184.0,184.9,181.65,182.8,183.3763890843604,348161.0,4755.0,63844507.0,81139.0,23.31,3.25,-1.2,1366156800.0
2013-04-16,178.0,183.0,177.6,182.35,180.8497685471353,436806.0,4626.0,78996264.0,122169.0,27.97,5.4,4.35,1366070400.0
2013-04-15,178.75,181.4,177.65,178.55,179.40632973282828,355876.0,4382.0,63846407.0,64988.0,18.26,3.75,-0.2,1365984000.0
2013-04-12,176.5,181.9,176.1,179.45,179.82373302768468,567100.0,5592.0,101978039.0,198952.0,35.08,5.8,2.95,1365724800.0
2013-04-11,179.9,180.0,176.8,178.45,178.1617420051091,292812.0,3911.0,52167896.0,66159.0,22.59,3.2,-1.45,1365638400.0
2013-04-10,179.7,180.35,176.0,177.8,177.54306412838673,461730.0,4824.0,81976959.0,139668.0,30.25,4.35,-1.9,1365552000.0
2013-04-09,183.1,185.35,178.05,178.65,181.5942079376326,532073.0,8070.0,96621375.0,124829.0,23.46,7.3,-4.45,1365465600.0
2013-04-08,179.0,184.35,176.15,182.35,181.56526845185283,853207.0,11899.0,154912758.0,114889.0,13.47,8.2,3.35,1365379200.0
2013-04-05,178.3,180.9,176.5,177.7,178.205584420315,301983.0,4483.0,53815057.0,77462.0,25.65,4.4,-0.6,1365120000.0
2013-04-04,181.0,181.9,178.0,178.55,179.6819089314098,363638.0,5219.0,65339170.0,92478.0,25.43,3.9,-2.45,1365033600.0
2013-04-03,185.75,189.25,181.75,182.85,186.43805964990918,477419.0,6543.0,89009072.0,109742.0,22.99,7.5,-2.9,1364947200.0
2013-04-02,181.95,186.45,181.0,185.0,183.8820841483477,308788.0,3841.0,56780581.0,93508.0,30.28,5.45,3.05,1364860800.0
2013-04-01,178.25,184.15,178.25,181.95,182.0032490343779,572170.0,6276.0,104136799.0,145196.0,25.38,5.9,3.7,1364774400.0
2013-03-28,178.0,178.95,174.5,176.95,176.37291135029145,565078.0,6381.0,99664452.0,193969.0,34.33,4.45,-1.05,1364428800.0
2013-03-26,179.0,180.0,175.5,176.3,177.9240136760017,312372.0,4102.0,55578480.0,96119.0,30.77,4.5,-2.7,1364256000.0
2013-03-25,183.0,184.0,178.5,179.45,181.06016000156959,407746.0,4768.0,73826556.0,134379.0,32.96,5.5,-3.55,1364169600.0
2013-03-22,178.95,181.35,178.0,180.0,179.7639374084896,476039.0,6179.0,85574645.0,142762.0,29.99,3.35,1.05,1363910400.0
2013-03-21,182.1,184.5,179.25,179.8,181.80866887889846,655748.0,7941.0,119220671.0,123284.0,18.8,5.25,-2.3,1363824000.0
2013-03-20,186.0,188.8,181.15,182.15,184.48775468462816,713824.0,9746.0,131691787.0,222687.0,31.2,7.65,-3.85,1363737600.0
2013-03-19,196.5,196.5,185.6,186.3,189.54037199113742,996099.0,15330.0,188800975.0,412068.0,41.37,10.9,-10.2,1363651200.0
2013-03-18,197.25,197.7,195.55,196.2,196.4827063022664,252433.0,3813.0,49598719.0,88358.0,35.0,2.15,-1.05,1363564800.0
2013-03-15,199.4,201.5,197.2,198.05,198.9516594450501,327489.0,4418.0,65154480.0,96538.0,29.48,4.3,-1.35,1363305600.0
2013-03-14,197.0,200.3,196.2,198.8,198.42124993689998,376387.0,5549.0,74683179.0,98278.0,26.11,4.1,1.8,1363219200.0
2013-03-13,200.75,201.55,196.5,197.05,198.73730723048808,478875.0,7492.0,95170328.0,184824.0,38.6,5.05,-3.7,1363132800.0
2013-03-12,205.7,206.15,200.65,201.05,203.1530271549808,290223.0,5180.0,58959681.0,107571.0,37.06,5.5,-4.65,1363046400.0
2013-03-11,208.7,208.7,205.0,205.4,206.1079464913221,251847.0,3530.0,51907668.0,73307.0,29.11,3.7,-3.3,1362960000.0
2013-03-08,206.7,208.5,205.7,207.3,207.08379565060176,290385.0,4446.0,60134028.0,89587.0,30.85,2.8,0.6,1362700800.0
2013-03-07,202.0,207.2,202.0,205.7,205.64388942199616,413717.0,6326.0,85078373.0,121535.0,29.38,5.2,3.7,1362614400.0
2013-03-06,201.0,204.75,199.5,203.1,202.1118258916908,708065.0,10607.0,143108310.0,211683.0,29.9,5.25,2.1,1362528000.0
2013-03-05,200.5,201.95,198.4,198.75,199.365012784058,474419.0,5061.0,94582550.0,236468.0,49.84,3.55,-1.75,1362441600.0
2013-03-04,200.75,202.35,198.65,200.0,200.1876330540419,256005.0,3691.0,51249035.0,64613.0,25.24,3.7,-0.75,1362355200.0
2013-03-01,200.5,202.8,198.5,200.9,200.4176473390824,482747.0,7262.0,96751018.0,132981.0,27.55,4.3,0.4,1362096000.0
2013-02-28,209.0,210.0,200.0,201.2,205.37923552431323,649831.0,8042.0,133461794.0,181239.0,27.89,10.0,-7.8,1362009600.0
2013-02-27,205.0,207.6,203.1,206.45,205.783210407254,319162.0,4539.0,65678181.0,88673.0,27.78,4.5,1.45,1361923200.0
2013-02-26,207.0,209.9,201.1,202.1,205.52664762422586,537046.0,7884.0,110377264.0,160250.0,29.84,8.8,-4.9,1361836800.0
2013-02-25,205.7,208.3,204.55,207.55,206.48220159232727,260248.0,3564.0,53736580.0,66126.0,25.41,3.75,1.85,1361750400.0
2013-02-22,206.0,206.75,203.85,204.9,205.48754564165864,328921.0,4086.0,67589169.0,118455.0,36.01,2.9,-1.1,1361491200.0
2013-02-21,208.55,209.65,205.75,206.6,207.50585026894265,848508.0,3996.0,176070374.0,70195.0,8.27,3.9,-1.95,1361404800.0
2013-02-20,212.8,213.45,210.0,210.8,210.9814775462411,230585.0,3352.0,48649164.0,56272.0,24.4,3.45,-2.0,1361318400.0
2013-02-19,207.9,212.3,207.8,211.8,210.2016251538724,305448.0,4627.0,64205666.0,88989.0,29.13,4.5,3.9,1361232000.0
2013-02-18,204.6,209.0,204.0,207.65,206.80351888571118,266789.0,4712.0,55172904.0,51896.0,19.45,5.0,3.05,1361145600.0
2013-02-15,202.65,205.95,202.65,205.15,204.7139134676783,252137.0,3974.0,51615952.0,74700.0,29.63,3.3,2.5,1360886400.0
2013-02-14,205.75,207.1,203.55,204.25,205.25165915403926,240484.0,3700.0,49359740.0,74356.0,30.92,3.55,-1.5,1360800000.0
2013-02-13,209.0,209.9,205.25,205.9,207.85126570436168,293947.0,3896.0,61097256.0,89250.0,30.36,4.65,-3.1,1360713600.0
2013-02-12,207.5,209.85,206.7,209.1,208.4462505451457,261398.0,3418.0,54487433.0,60852.0,23.28,3.15,1.6,1360627200.0
2013-02-11,210.0,210.7,206.75,207.5,208.56305963006167,276857.0,3966.0,57742143.0,81494.0,29.44,3.95,-2.5,1360540800.0
2013-02-08,206.0,211.35,205.1,208.5,208.75441927884103,522936.0,8123.0,109165201.0,93453.0,17.87,6.25,2.5,1360281600.0
2013-02-07,208.0,210.35,204.5,206.0,207.1279873892353,606466.0,8711.0,125616082.0,189205.0,31.2,5.85,-2.0,1360195200.0
2013-02-06,214.0,214.45,207.8,208.55,211.31488137704886,662983.0,8887.0,140098174.0,253447.0,38.23,6.65,-5.45,1360108800.0
2013-02-05,216.8,216.8,211.5,212.2,213.01029793255245,826865.0,11997.0,176130760.0,271354.0,32.82,5.3,-4.6,1360022400.0
2013-02-04,226.8,227.1,218.5,219.2,221.29226314806323,588870.0,8396.0,130312375.0,145346.0,24.68,8.6,-7.6,1359936000.0
2013-02-01,227.8,229.95,217.35,225.35,222.23569225150683,2004351.0,26872.0,445438332.0,318622.0,15.9,12.6,-2.45,1359676800.0
2013-01-31,221.9,230.0,221.05,227.7,227.07702010898362,569994.0,6957.0,129432539.0,153904.0,27.0,8.95,5.8,1359590400.0
2013-01-30,224.7,224.75,221.05,222.45,222.3879354525937,360975.0,5464.0,80276485.0,99290.0,27.51,3.7,-2.25,1359504000.0
2013-01-29,228.7,229.1,223.2,223.7,225.8471316316573,350478.0,5378.0,79154451.0,123701.0,35.29,5.9,-5.0,1359417600.0
2013-01-28,230.45,231.2,228.0,228.55,229.28605592132192,171026.0,2528.0,39213877.0,56967.0,33.31,3.2,-1.9,1359331200.0
2013-01-25,228.5,230.75,227.35,229.5,229.3794362984874,172751.0,2518.0,39625527.0,43990.0,25.46,3.4,1.0,1359072000.0
2013-01-24,230.0,232.4,226.25,228.65,229.66914802443642,364048.0,4311.0,83610594.0,83306.0,22.88,6.15,-1.35,1358985600.0
2013-01-23,230.5,232.25,228.5,230.95,230.25963065724255,345641.0,4155.0,79587169.0,96620.0,27.95,3.75,0.45,1358899200.0
2013-01-22,232.4,233.1,229.55,230.55,230.92991038558742,301514.0,3707.0,69628601.0,87610.0,29.06,3.55,-1.85,1358812800.0
2013-01-21,226.55,233.3,226.55,231.65,231.43556255085872,466980.0,5922.0,108075779.0,143409.0,30.71,6.75,5.1,1358726400.0
2013-01-18,227.0,229.0,224.7,226.55,226.5193609541652,535924.0,7124.0,121397162.0,138733.0,25.89,4.3,-0.45,1358467200.0
2013-01-17,226.5,227.8,222.25,225.75,225.23615740211758,516359.0,7065.0,116302717.0,158792.0,30.75,5.55,-0.75,1358380800.0
2013-01-16,228.9,229.9,225.1,225.6,226.81363368390026,379956.0,4175.0,86179201.0,129603.0,34.11,4.8,-3.3,1358294400.0
2013-01-15,230.0,231.95,228.05,229.3,230.1015211311201,361836.0,4195.0,83259014.0,85087.0,23.52,3.9,-0.7,1358208000.0
2013-01-14,228.0,229.9,225.7,229.3,228.31453833555125,390760.0,4203.0,89216189.0,121795.0,31.17,4.2,1.3,1358121600.0
2013-01-11,231.4,232.8,226.25,227.15,228.7493976453061,526268.0,6745.0,120383488.0,190384.0,36.18,6.55,-4.25,1357862400.0
2013-01-10,237.5,238.0,231.1,231.8,233.4121354960484,594438.0,7843.0,138749043.0,187064.0,31.47,6.9,-5.7,1357776000.0
2013-01-09,243.9,245.0,236.0,237.0,240.06764010157173,425709.0,5944.0,102198955.0,135324.0,31.79,9.0,-6.9,1357689600.0
2013-01-08,240.0,245.4,237.5,243.55,241.67711133466358,363822.0,4464.0,87927450.0,100694.0,27.68,7.9,3.55,1357603200.0
2013-01-07,243.5,244.45,239.0,240.15,241.66578160395198,256479.0,3778.0,61982198.0,68632.0,26.76,5.45,-3.35,1357516800.0
2013-01-04,238.0,243.45,236.4,242.4,241.30181742508324,605472.0,7269.0,146101494.0,189952.0,31.37,7.05,4.4,1357257600.0
2013-01-03,240.0,240.8,236.15,238.2,238.4550246193301,360286.0,4801.0,85912007.0,88850.0,24.66,4.65,-1.8,1357171200.0
2013-01-02,235.5,239.9,235.5,238.3,238.4198783125272,619127.0,8691.0,147612184.0,225566.0,36.43,4.4,2.8,1357084800.0
2013-01-01,229.5,233.8,229.5,232.75,232.25855248243028,352880.0,5086.0,81959398.0,100402.0,28.45,4.3,3.25,1356998400.0
2012-12-31,228.0,229.7,226.0,228.4,228.34191816998097,163583.0,2532.0,37352856.0,47535.0,29.06,3.7,0.4,1356912000.0
2012-12-28,226.55,228.95,225.3,227.45,227.2313981291161,238390.0,3383.0,54169693.0,62920.0,26.39,3.65,0.9,1356652800.0
2012-12-27,231.7,231.75,225.8,226.15,227.7695293436689,264333.0,3322.0,60207003.0,99168.0,37.52,5.95,-5.55,1356566400.0
2012-12-26,228.0,231.5,227.75,230.15,230.26960528260966,202930.0,3210.0,46728611.0,63386.0,31.24,3.75,2.15,1356480000.0
2012-12-24,227.2,229.95,225.85,227.55,227.53304930120566,212652.0,3511.0,48385358.0,50757.0,23.87,4.1,0.35,1356307200.0
2012-12-21,230.7,230.7,226.8,227.65,228.3370597404213,257263.0,3720.0,58742677.0,72146.0,28.04,3.9,-3.05,1356048000.0
2012-12-20,231.35,232.7,228.5,232.0,231.12500581373226,236509.0,3684.0,54663144.0,55204.0,23.34,4.2,0.65,1355961600.0
2012-12-19,232.3,234.75,231.3,233.45,233.10825571029326,382511.0,5484.0,89166472.0,114990.0,30.06,3.45,1.15,1355875200.0
2012-12-18,222.0,230.65,222.0,230.1,227.2087381941101,735438.0,9429.0,167097940.0,193512.0,26.31,8.65,8.1,1355788800.0
2012-12-17,225.2,226.1,220.4,220.95,222.59331893368042,751407.0,8333.0,167258178.0,279722.0,37.23,5.7,-4.25,1355702400.0
2012-12-14,229.3,229.9,223.05,224.9,225.60233652121548,617756.0,7796.0,139367197.0,287012.0,46.46,6.85,-4.4,1355443200.0
2012-12-13,232.75,233.9,226.7,228.05,231.0516503376772,431033.0,6401.0,99590886.0,149179.0,34.61,7.2,-4.7,1355356800.0
2012-12-12,238.25,240.65,231.15,232.35,235.33002551425412,623573.0,9390.0,146745450.0,214628.0,34.42,9.5,-5.9,1355270400.0
2012-12-11,244.5,245.0,233.85,237.05,238.32555180306355,499816.0,6346.0,119118924.0,136981.0,27.41,11.15,-7.45,1355184000.0
2012-12-10,244.0,246.0,242.2,243.35,244.3921503377352,312523.0,3951.0,76378168.0,90123.0,28.84,3.8,-0.65,1355097600.0
2012-12-07,244.0,247.5,241.1,242.9,244.86190176334927,503417.0,8456.0,123267644.0,144020.0,28.61,6.4,-1.1,1354838400.0
2012-12-06,239.0,243.25,234.45,241.05,238.64137720744407,386986.0,4968.0,92350872.0,112008.0,28.94,8.8,2.05,1354752000.0
2012-12-05,239.35,241.35,236.75,237.65,238.44164176668065,281794.0,4587.0,67191424.0,56456.0,20.03,4.6,-1.7,1354665600.0
2012-12-04,238.0,242.3,237.0,237.85,240.01415452535343,537284.0,7761.0,128955765.0,107938.0,20.09,5.3,-0.15,1354579200.0
2012-12-03,233.9,238.7,232.0,237.05,236.2736944496264,525334.0,7553.0,124122605.0,107742.0,20.51,6.7,3.15,1354492800.0
2012-11-30,224.0,234.7,224.0,233.35,230.53221099757926,1037301.0,12984.0,239131293.0,238588.0,23.0,10.7,9.35,1354233600.0
2012-11-29,224.05,224.8,220.5,222.4,222.4308289790396,518071.0,6983.0,115234962.0,164922.0,31.83,4.3,-1.65,1354147200.0
2012-11-27,222.6,224.5,222.4,224.0,223.67230352217985,253451.0,3569.0,56689969.0,64920.0,25.61,2.1,1.4,1353974400.0
2012-11-26,225.0,226.05,221.0,221.5,222.50900679296916,306935.0,3918.0,68295802.0,94313.0,30.73,5.05,-3.5,1353888000.0
2012-11-23,222.5,225.5,222.15,224.65,224.316363796937,384984.0,5267.0,86358211.0,95745.0,24.87,3.35,2.15,1353628800.0
2012-11-22,223.0,224.9,219.3,221.3,221.6199124639536,478203.0,6903.0,105979307.0,157316.0,32.9,5.6,-1.7,1353542400.0
2012-11-21,229.3,229.3,220.6,222.0,224.07151402082118,421302.0,6970.0,94401777.0,140481.0,33.34,8.7,-7.3,1353456000.0
2012-11-20,231.0,231.65,226.85,228.15,228.790691875916,164437.0,2708.0,37621655.0,52524.0,31.94,4.8,-2.85,1353369600.0
2012-11-19,230.7,232.75,228.3,229.3,230.338256214104,169413.0,2965.0,39022295.0,40843.0,24.11,4.45,-1.4,1353283200.0
2012-11-16,234.7,236.85,228.9,229.95,232.9985911213017,180995.0,3045.0,42171580.0,50954.0,28.15,7.95,-4.75,1353024000.0
2012-11-15,230.3,235.0,229.55,234.5,233.11018692091545,241653.0,3950.0,56331776.0,58159.0,24.07,5.45,4.2,1352937600.0
2012-11-13,232.8,232.95,231.5,232.15,232.27959412251,74998.0,1407.0,17420505.0,36259.0,48.35,1.45,-0.65,1352764800.0
2012-11-12,233.0,234.5,230.85,231.95,232.7131675258308,179244.0,3040.0,41712439.0,37740.0,21.06,3.65,-1.05,1352678400.0
2012-11-09,237.0,239.5,231.4,232.3,235.2685895730924,304539.0,4486.0,71648461.0,61493.0,20.19,8.1,-4.7,1352419200.0
2012-11-08,234.5,238.4,233.2,237.35,236.31771282936646,316251.0,4625.0,74735713.0,59870.0,18.93,5.2,2.85,1352332800.0
2012-11-07,232.45,237.3,232.0,236.4,235.6616914322982,361859.0,5711.0,85276304.0,92866.0,25.66,5.3,3.95,1352246400.0
2012-11-06,229.9,233.0,229.15,232.45,231.9757476651109,209753.0,3363.0,48657609.0,52974.0,25.26,3.85,2.55,1352160000.0
2012-11-05,228.8,232.8,228.8,230.9,231.07855752235432,345683.0,5044.0,79879929.0,62010.0,17.94,4.0,2.1,1352073600.0
2012-11-02,228.9,231.75,228.0,229.15,229.8563984047265,444814.0,6057.0,102243344.0,112717.0,25.34,3.75,0.25,1351814400.0
2012-11-01,224.5,227.4,223.5,226.6,226.14781980110024,319558.0,4979.0,72267345.0,58998.0,18.46,3.9,2.1,1351728000.0
2012-10-31,228.5,228.8,224.1,225.1,225.4736795804625,352388.0,5468.0,79454219.0,70452.0,19.99,4.7,-3.4,1351641600.0
2012-10-30,227.2,230.95,222.35,228.1,226.68377979404903,1226797.0,17282.0,278094981.0,116812.0,9.52,8.6,0.9,1351555200.0
2012-10-29,243.25,245.0,226.15,227.25,233.36626818768002,1810635.0,23010.0,422541133.0,321088.0,17.73,18.85,-16.0,1351468800.0
2012-10-26,238.7,244.65,238.1,242.25,241.9953329719926,383756.0,5412.0,92867161.0,84014.0,21.89,6.55,3.55,1351209600.0
2012-10-25,239.0,242.0,238.75,240.5,240.6551241874976,288153.0,4411.0,69345496.0,78917.0,27.39,3.25,1.5,1351123200.0
2012-10-23,240.55,244.5,239.25,239.7,241.6533390352266,306331.0,5658.0,74025909.0,82928.0,27.07,5.25,-0.85,1350950400.0
2012-10-22,240.5,244.5,238.25,242.2,241.8724560069889,440695.0,6517.0,106591982.0,70228.0,15.94,6.25,1.7,1350864000.0
2012-10-19,248.3,248.3,240.7,242.1,244.6060189942453,538163.0,6912.0,131637909.0,197451.0,36.69,7.6,-6.2,1350604800.0
2012-10-18,248.5,249.0,245.05,247.1,247.1269919482586,273978.0,4144.0,67707359.0,47744.0,17.43,3.95,-1.4,1350518400.0
2012-10-17,246.5,248.15,244.2,246.85,246.1696732228989,386655.0,5305.0,95182735.0,75488.0,19.52,3.95,0.35,1350432000.0
2012-10-16,250.1,252.7,243.5,244.35,247.79278030566311,494924.0,6864.0,122638594.0,120273.0,24.3,9.2,-5.75,1350345600.0
2012-10-15,244.55,250.9,241.35,249.15,245.67723829704983,553557.0,8531.0,135996355.0,93263.0,16.85,9.55,4.6,1350259200.0
2012-10-12,252.0,254.45,244.6,245.35,249.11241614091657,750515.0,9061.0,186962605.0,211539.0,28.19,9.85,-6.65,1350000000.0
2012-10-11,244.3,252.8,241.4,251.55,248.2067666034235,958206.0,12350.0,237833213.0,121524.0,12.68,11.4,7.25,1349913600.0
2012-10-10,247.95,248.0,243.75,245.15,245.36244195123382,477831.0,6928.0,117241781.0,111512.0,23.34,4.25,-2.8,1349827200.0
2012-10-09,255.0,257.5,248.1,250.25,251.6841617205463,710658.0,10525.0,178861363.0,166243.0,23.39,9.4,-4.75,1349740800.0
2012-10-08,263.0,263.0,252.9,254.1,256.6615830718539,445223.0,6868.0,114271640.0,116925.0,26.26,10.1,-8.9,1349654400.0
2012-10-05,269.5,272.45,257.55,263.15,264.2523090450986,1478425.0,17738.0,390677220.0,326402.0,22.08,14.9,-6.35,1349395200.0
2012-10-04,250.55,267.2,250.55,266.05,262.53824711046383,2054482.0,23879.0,539380103.0,501989.0,24.43,16.65,15.5,1349308800.0
2012-10-03,251.0,252.9,247.5,249.65,249.71650239388023,299096.0,4198.0,74689207.0,61665.0,20.62,5.4,-1.35,1349222400.0
2012-10-01,247.0,252.45,247.0,251.45,250.23622833337916,544905.0,7248.0,136354972.0,117419.0,21.55,5.45,4.45,1349049600.0
2012-09-28,250.0,252.0,244.85,246.85,248.62950053552441,539658.0,7273.0,134174899.0,117165.0,21.71,7.15,-3.15,1348790400.0
2012-09-27,253.0,254.45,247.25,248.25,249.444013903072,533695.0,7652.0,133127023.0,159560.0,29.9,7.2,-4.75,1348704000.0
2012-09-26,250.1,253.8,247.05,253.1,251.33599941813245,1237395.0,17455.0,311001909.0,212535.0,17.18,6.75,3.0,1348617600.0
2012-09-25,249.9,255.8,242.8,253.8,251.27787704572742,2053365.0,25897.0,515965198.0,390435.0,19.01,13.0,3.9,1348531200.0
2012-09-24,234.9,250.2,234.0,247.2,245.6389462470972,2346850.0,28446.0,576477761.0,566539.0,24.14,16.2,12.3,1348444800.0
2012-09-21,219.05,233.4,218.4,232.3,228.47628211296063,1631701.0,20996.0,372804978.0,529282.0,32.44,15.0,13.25,1348185600.0
2012-09-20,221.5,221.5,215.4,216.85,217.80953598703425,602203.0,8139.0,131165556.0,154164.0,25.6,6.1,-4.65,1348099200.0
2012-09-18,215.0,226.5,214.0,225.0,221.67887093414933,1358787.0,17078.0,301214368.0,416513.0,30.65,12.5,10.0,1347926400.0
2012-09-17,208.2,215.8,207.6,213.4,212.06137814327155,1085533.0,15416.0,230199624.0,355318.0,32.73,8.2,5.2,1347840000.0
2012-09-14,205.0,206.5,203.0,204.6,204.71127724302303,825716.0,10710.0,169033377.0,307204.0,37.2,3.5,-0.4,1347580800.0
2012-09-13,197.0,201.8,197.0,200.75,200.4168682540544,829665.0,11718.0,166278861.0,235290.0,28.36,4.8,3.75,1347494400.0
2012-09-12,201.7,202.4,195.05,197.65,197.6192270165447,1232963.0,15387.0,243657195.0,300497.0,24.37,7.35,-4.05,1347408000.0
2012-09-11,197.95,201.4,196.15,200.95,200.00379157824142,817074.0,11284.0,163417898.0,155427.0,19.02,5.25,3.0,1347321600.0
2012-09-10,203.0,203.9,197.35,198.15,198.96662595149303,1264066.0,15130.0,251506947.0,445731.0,35.26,6.55,-4.85,1347235200.0
2012-09-08,205.4,205.4,201.0,202.5,202.2803568246494,185189.0,2538.0,37460097.0,56051.0,30.27,4.4,-2.9,1347062400.0
2012-09-07,205.0,206.45,203.2,204.85,204.46213469025287,650886.0,8480.0,133081541.0,169854.0,26.1,3.25,-0.15,1346976000.0
2012-09-06,205.0,205.85,201.0,201.35,202.44927071427867,1322047.0,15575.0,267647451.0,467877.0,35.39,4.85,-3.65,1346889600.0
2012-09-05,217.0,217.0,207.35,208.0,210.61009536623416,768511.0,11513.0,161856175.0,339746.0,44.21,9.65,-9.0,1346803200.0
2012-09-04,216.0,219.4,214.15,218.9,217.0413401865601,262650.0,3855.0,57005908.0,50052.0,19.06,5.25,2.9,1346716800.0
2012-09-03,216.0,217.4,215.0,216.45,216.0852729557091,265043.0,3995.0,57271889.0,57603.0,21.73,2.4,0.45,1346630400.0
2012-08-31,219.4,219.5,211.5,214.35,214.36835027314282,430544.0,7689.0,92295007.0,157379.0,36.55,8.0,-5.05,1346371200.0
2012-08-30,215.9,222.0,213.7,218.95,216.39661065802449,270613.0,4789.0,58559736.0,48485.0,17.92,8.3,3.05,1346284800.0
2012-08-29,222.6,223.9,214.5,216.4,217.53399865418967,413134.0,6168.0,89870691.0,149845.0,36.27,9.4,-6.2,1346198400.0
2012-08-28,223.0,224.65,221.4,222.85,223.07910111207912,234156.0,3235.0,52235310.0,54364.0,23.22,3.25,-0.15,1346112000.0
2012-08-27,233.0,233.0,224.0,224.9,227.75228938315917,234015.0,3980.0,53297452.0,77997.0,33.33,9.0,-8.1,1346025600.0
2012-08-24,232.0,234.25,228.6,231.15,231.51629980819203,258592.0,4620.0,59868263.0,60597.0,23.43,5.65,-0.85,1345766400.0
2012-08-23,232.9,234.75,232.15,233.35,233.3661300040166,358512.0,4826.0,83664558.0,177053.0,49.39,2.6,0.45,1345680000.0
2012-08-22,230.5,235.35,230.5,232.2,233.14162047991007,370236.0,5821.0,86317421.0,90207.0,24.36,4.85,1.7,1345593600.0
2012-08-21,230.5,232.45,229.7,231.65,231.31204593632302,242945.0,3064.0,56196105.0,84204.0,34.66,2.75,1.15,1345507200.0
2012-08-17,231.1,232.45,226.9,229.05,229.70945049732063,320417.0,4361.0,73602813.0,58223.0,18.17,5.55,-2.05,1345161600.0
2012-08-16,232.3,234.5,229.55,230.3,231.98471421512104,212485.0,3629.0,49293272.0,58945.0,27.74,4.95,-2.0,1345075200.0
2012-08-14,232.5,234.7,229.5,231.75,232.0503667247248,312905.0,4127.0,72609720.0,86498.0,27.64,5.2,-0.75,1344902400.0
2012-08-13,228.95,233.0,227.15,232.6,231.49795298820962,280653.0,4055.0,64970595.0,100212.0,35.71,5.85,3.65,1344816000.0
2012-08-10,230.95,231.0,226.7,228.8,228.6414558313172,182686.0,3066.0,41769593.0,37198.0,20.36,4.3,-2.15,1344556800.0
2012-08-09,232.0,235.5,227.65,230.85,230.756926891825,375854.0,6188.0,86730914.0,77617.0,20.65,7.85,-1.15,1344470400.0
2012-08-08,232.6,234.9,230.25,231.45,232.5905902494107,384346.0,5453.0,89395263.0,109613.0,28.52,4.65,-1.15,1344384000.0
2012-08-07,229.4,232.5,228.05,232.0,231.5323004560744,329113.0,5014.0,76200290.0,100974.0,30.68,4.45,2.6,1344297600.0
2012-08-06,226.75,230.25,226.4,228.75,228.432547816964,371730.0,5884.0,84915231.0,110307.0,29.67,3.85,2.0,1344211200.0
2012-08-03,220.9,225.25,217.8,224.65,221.9680678016822,467835.0,7298.0,103844431.0,138129.0,29.53,7.45,3.75,1343952000.0
2012-08-02,220.5,223.45,218.9,223.05,221.34007512447948,515145.0,4725.0,114022233.0,329395.0,63.94,4.55,2.55,1343865600.0
2012-08-01,215.1,220.85,214.6,220.3,219.38742488347683,479089.0,6528.0,105106102.0,141754.0,29.59,6.25,5.2,1343779200.0
2012-07-31,217.0,218.0,210.75,215.7,214.1755038456552,470531.0,6456.0,100776214.0,126480.0,26.88,7.25,-1.3,1343692800.0
2012-07-30,209.0,216.85,209.0,216.2,214.07967869739483,561091.0,6934.0,120118181.0,192906.0,34.38,7.85,7.2,1343606400.0
2012-07-27,216.0,216.0,207.1,208.25,211.6718226175856,753175.0,10681.0,159425925.0,220950.0,29.34,8.9,-7.75,1343347200.0
2012-07-26,217.7,219.45,211.3,212.35,216.4652405551764,1050549.0,13989.0,227407342.0,218446.0,20.79,8.15,-5.35,1343260800.0
2012-07-25,217.7,219.55,215.2,216.25,217.18544704628655,362222.0,5343.0,78669347.0,81936.0,22.62,4.35,-1.45,1343174400.0
2012-07-24,219.5,220.6,215.6,217.7,217.37453801622527,503535.0,6596.0,109455688.0,123008.0,24.43,5.0,-1.8,1343088000.0
2012-07-23,226.3,226.3,219.1,219.8,221.60411939781173,565471.0,7811.0,125310703.0,187991.0,33.25,7.2,-6.5,1343001600.0
2012-07-20,239.0,240.0,228.05,228.85,232.03855170041496,1130871.0,14837.0,262405669.0,247062.0,21.85,11.95,-10.15,1342742400.0
2012-07-19,233.25,236.8,233.0,234.65,234.9585175224477,507178.0,7617.0,119165791.0,133800.0,26.38,3.8,1.4,1342656000.0
2012-07-18,225.8,231.8,222.1,229.65,226.34045162460967,319646.0,5232.0,72348820.0,71234.0,22.29,9.7,3.85,1342569600.0
2012-07-17,232.0,232.05,225.65,226.25,228.17911374122681,256178.0,3834.0,58454469.0,58153.0,22.7,6.4,-5.75,1342483200.0
2012-07-16,233.95,234.0,229.0,230.0,231.26675761943986,194240.0,3377.0,44921255.0,47631.0,24.52,5.0,-3.95,1342396800.0
2012-07-13,231.0,233.2,230.0,231.3,231.45467254408047,238200.0,3127.0,55132503.0,52343.0,21.97,3.2,0.3,1342137600.0
2012-07-12,231.95,234.85,229.45,231.15,232.21126652780399,418159.0,5980.0,97101231.0,94302.0,22.55,5.4,-0.8,1342051200.0
2012-07-11,235.0,235.2,231.6,232.65,233.2122976175149,287389.0,3842.0,67022649.0,65728.0,22.87,3.6,-2.35,1341964800.0
2012-07-10,231.5,236.4,231.5,235.85,234.87944600818835,312640.0,4569.0,73432710.0,82482.0,26.38,4.9,4.35,1341878400.0
2012-07-09,235.9,235.9,232.3,233.65,233.98609285215508,256343.0,3624.0,59980697.0,64798.0,25.28,3.6,-2.25,1341792000.0
2012-07-06,236.6,237.0,232.5,236.2,235.24753629658485,421114.0,6147.0,99066031.0,129350.0,30.72,4.5,-0.4,1341532800.0
2012-07-05,234.0,237.0,233.0,235.35,235.53132723492496,366981.0,5416.0,86435522.0,87965.0,23.97,4.0,1.35,1341446400.0
2012-07-04,233.6,234.5,231.95,233.0,233.23905473459166,362988.0,4913.0,84662978.0,86427.0,23.81,2.55,-0.6,1341360000.0
2012-07-03,236.1,237.0,230.45,231.4,232.5428228714776,511047.0,8233.0,118840312.0,142026.0,27.79,6.55,-4.7,1341273600.0
2012-07-02,234.0,236.3,231.5,235.15,234.57591394598603,582146.0,8061.0,136557430.0,139597.0,23.98,4.8,1.15,1341187200.0
2012-06-29,223.65,232.9,223.65,232.1,229.2651316431536,1342303.0,16419.0,307743274.0,471362.0,35.12,9.25,8.45,1340928000.0
2012-06-28,221.05,223.6,219.95,221.2,222.02540120966825,438798.0,5902.0,97424302.0,127130.0,28.97,3.65,0.15,1340841600.0
2012-06-27,221.5,222.0,219.6,220.45,220.4453859689806,366545.0,3717.0,80803154.0,132552.0,36.16,2.4,-1.05,1340755200.0
2012-06-26,217.5,220.4,217.45,219.25,219.00297349771168,416681.0,5027.0,91254378.0,70710.0,16.97,2.95,1.75,1340668800.0
2012-06-25,223.35,224.5,216.5,217.5,221.0260139090801,636275.0,7916.0,140633327.0,167227.0,26.28,8.0,-5.85,1340582400.0
2012-06-22,220.0,225.35,218.05,221.1,221.89981316592238,977873.0,12025.0,216989836.0,161306.0,16.5,7.3,1.1,1340323200.0
2012-06-21,216.55,223.9,216.05,222.75,220.5609977092976,1176495.0,14312.0,259488911.0,315242.0,26.8,7.85,6.2,1340236800.0
2012-06-20,213.6,217.65,213.25,215.0,215.6910264803485,664455.0,9150.0,143316981.0,143349.0,21.57,4.4,1.4,1340150400.0
2012-06-19,213.7,214.85,210.45,211.55,211.89619111177888,572398.0,8510.0,121288956.0,238868.0,41.73,4.4,-2.15,1340064000.0
2012-06-18,221.7,222.9,213.05,214.4,217.14960604887497,534711.0,8183.0,116112283.0,169928.0,31.78,9.85,-7.3,1339977600.0
2012-06-15,218.5,219.7,215.1,218.6,217.6236002899713,426249.0,5846.0,92761842.0,77275.0,18.13,4.6,0.1,1339718400.0
2012-06-14,220.5,221.85,216.25,217.25,218.98037509077903,360766.0,5205.0,79000674.0,71161.0,19.72,5.6,-3.25,1339632000.0
2012-06-13,219.5,223.0,217.3,220.65,220.85475949197246,566426.0,7725.0,125097878.0,106748.0,18.85,5.7,1.15,1339545600.0
2012-06-12,215.3,220.0,213.6,219.35,217.0961171074865,579980.0,8340.0,125911406.0,96971.0,16.72,6.4,4.05,1339459200.0
2012-06-11,223.65,225.4,215.05,216.35,221.06349877130347,754865.0,10116.0,166873098.0,206586.0,27.37,10.35,-7.3,1339372800.0
2012-06-08,217.55,222.0,215.3,221.25,219.25642482819092,739047.0,10520.0,162040803.0,171360.0,23.19,6.7,3.7,1339113600.0
2012-06-07,218.6,219.35,215.55,217.8,217.3126263362045,439304.0,6428.0,95466306.0,105144.0,23.93,3.8,-0.8,1339027200.0
2012-06-06,212.0,216.8,212.0,215.2,214.76258184715482,667708.0,8865.0,143398694.0,169264.0,25.35,4.8,3.2,1338940800.0
2012-06-05,208.8,211.7,208.1,210.1,209.99602601238533,438099.0,7043.0,91999049.0,119510.0,27.28,3.6,1.3,1338854400.0
2012-06-04,205.3,207.95,203.15,207.05,206.1723551719629,405291.0,6679.0,83559800.0,90219.0,22.26,4.8,1.75,1338768000.0
2012-06-01,211.5,211.8,206.0,206.7,208.85879181834312,467827.0,7029.0,97709782.0,138263.0,29.55,5.8,-4.8,1338508800.0
2012-05-31,209.7,215.6,208.3,211.95,211.4117241653734,628275.0,8741.0,132824701.0,116577.0,18.56,7.3,2.25,1338422400.0
2012-05-30,217.75,217.75,210.5,211.15,212.9567542016136,469641.0,6899.0,100013223.0,132315.0,28.17,7.25,-6.6,1338336000.0
2012-05-29,220.0,221.2,216.4,217.8,219.37110980860885,738749.0,10370.0,162060188.0,204443.0,27.67,4.8,-2.2,1338249600.0
2012-05-28,209.7,217.9,209.5,217.1,214.52951417129725,805325.0,12051.0,172765981.0,280000.0,34.77,8.4,7.4,1338163200.0
2012-05-25,207.0,210.8,207.0,208.4,209.10004249350712,673044.0,9659.0,140733529.0,152633.0,22.68,3.8,1.4,1337904000.0
2012-05-24,210.05,211.8,205.65,208.25,208.17956543337868,925980.0,12253.0,192770114.0,191846.0,20.72,6.15,-1.8,1337817600.0
2012-05-23,208.3,213.6,207.0,208.8,210.5442098596068,1817253.0,23825.0,382612097.0,242078.0,13.32,6.6,0.5,1337731200.0
2012-05-22,209.15,213.4,207.25,208.6,210.5763140324429,952564.0,12924.0,200587416.0,213429.0,22.41,6.15,-0.55,1337644800.0
2012-05-21,203.5,207.8,201.4,206.45,204.881455334046,722116.0,10438.0,147948177.0,133209.0,18.45,6.4,2.95,1337558400.0
2012-05-18,203.0,205.0,197.8,201.4,201.1540569964303,1350260.0,18537.0,271610277.0,286450.0,21.21,7.2,-1.6,1337299200.0
2012-05-17,210.25,212.85,205.1,205.7,208.86639076990184,747381.0,10158.0,156102772.0,207932.0,27.82,7.75,-4.55,1337212800.0
2012-05-16,213.3,213.5,206.1,208.75,209.10118557800732,1148385.0,19128.0,240128665.0,328298.0,28.59,7.4,-4.55,1337126400.0
2012-05-15,217.0,220.0,215.3,216.85,217.83412633052413,452923.0,6908.0,98662086.0,96431.0,21.29,4.7,-0.15,1337040000.0
2012-05-14,221.6,223.9,213.5,216.75,218.15101910375682,704050.0,11378.0,153589225.0,149084.0,21.18,10.4,-4.85,1336953600.0
2012-05-11,218.4,224.6,217.45,221.15,221.47565971637928,980535.0,14698.0,217164636.0,211498.0,21.57,7.15,2.75,1336694400.0
2012-05-10,217.9,222.7,217.0,219.3,220.2084706327982,834247.0,11246.0,183708256.0,244166.0,29.27,5.7,1.4,1336608000.0
2012-05-09,215.9,222.2,213.3,216.15,218.03894649356602,872325.0,12625.0,190200824.0,153763.0,17.63,8.9,0.25,1336521600.0
2012-05-08,228.0,228.8,215.0,216.15,220.37070426161685,916577.0,13652.0,201986719.0,266051.0,29.03,13.8,-11.85,1336435200.0
2012-05-07,210.1,228.9,208.5,227.2,219.4385728532981,1456921.0,22830.0,319704665.0,366494.0,25.16,20.4,17.1,1336348800.0
2012-05-04,224.0,225.2,211.5,214.1,215.9437030165319,1532853.0,21139.0,331009953.0,584303.0,38.12,13.7,-9.9,1336089600.0
2012-05-03,224.9,228.45,223.0,225.2,225.9855442598262,827353.0,10759.0,186969818.0,164881.0,19.93,5.45,0.3,1336003200.0
2012-05-02,224.5,227.25,223.0,223.85,224.73020538229176,735263.0,9865.0,165235805.0,249364.0,33.91,4.25,-0.65,1335916800.0
2012-04-30,226.4,227.4,222.0,224.9,224.8352647332968,964499.0,13125.0,216853388.0,283801.0,29.42,5.4,-1.5,1335744000.0
2012-04-28,230.0,230.2,228.5,229.35,229.2270626081315,73984.0,1128.0,16959135.0,34252.0,46.3,1.7,-0.65,1335571200.0
2012-04-27,231.0,235.5,227.0,228.0,230.52639549243423,912599.0,12229.0,210378158.0,293171.0,32.12,8.5,-3.0,1335484800.0
2012-04-26,231.8,233.0,227.6,231.4,230.127908951928,883050.0,13412.0,203214450.0,249091.0,28.21,5.4,-0.4,1335398400.0
2012-04-25,237.4,239.4,230.95,231.8,233.94289932711263,707102.0,12503.0,165421492.0,248953.0,35.21,8.45,-5.6,1335312000.0
2012-04-24,237.9,240.75,234.0,237.3,237.45714624500408,716845.0,12317.0,170219968.0,168436.0,23.5,6.75,-0.6,1335225600.0
2012-04-23,246.0,248.2,235.15,235.75,240.2580807934548,1139523.0,15960.0,273779609.0,420115.0,36.87,13.05,-10.25,1335139200.0
2012-04-20,249.7,252.7,243.75,246.05,247.67965457936927,1154766.0,17532.0,286012044.0,399722.0,34.61,8.95,-3.65,1334880000.0
2012-04-19,257.5,257.5,250.6,251.2,252.9238719397001,1249224.0,15356.0,315958571.0,443330.0,35.49,6.9,-6.3,1334793600.0
2012-04-18,264.75,266.8,259.95,260.75,263.8467182556476,496230.0,7741.0,130928657.0,148864.0,30.0,6.85,-4.0,1334707200.0
2012-04-17,259.65,265.85,258.4,262.9,261.7186779098646,509345.0,6527.0,133305100.0,129336.0,25.39,7.45,3.25,1334620800.0
2012-04-16,258.0,262.7,255.0,260.5,260.02461526793496,448299.0,6675.0,116568775.0,86713.0,19.34,7.7,2.5,1334534400.0
2012-04-13,259.4,261.6,253.65,258.25,258.8389163168246,552154.0,7596.0,142918943.0,158611.0,28.73,7.95,-1.15,1334275200.0
2012-04-12,252.9,257.8,252.9,256.8,256.2851928511229,484104.0,7531.0,124068687.0,90445.0,18.68,4.9,3.9,1334188800.0
2012-04-11,252.0,254.6,250.0,250.9,252.28011254848664,806408.0,11094.0,203440701.0,245960.0,30.5,4.6,-1.1,1334102400.0
2012-04-10,264.0,264.5,255.05,255.8,259.01264596258284,827695.0,11644.0,214383472.0,277007.0,33.47,9.45,-8.2,1334016000.0
2012-04-09,271.9,271.9,262.0,263.4,265.0911089106756,643307.0,8897.0,170534966.0,166277.0,25.85,9.9,-8.5,1333929600.0
2012-04-04,263.8,274.45,262.2,273.55,270.3284829748368,1605036.0,20987.0,433886947.0,557723.0,34.75,12.25,9.75,1333497600.0
2012-04-03,263.6,269.3,260.55,264.2,265.0313609407005,1566152.0,23589.0,415079396.0,280832.0,17.93,8.75,0.6,1333411200.0
2012-04-02,258.0,261.75,253.6,260.3,259.67613671568006,613302.0,8333.0,159259894.0,135351.0,22.07,8.15,2.3,1333324800.0
2012-03-30,251.1,258.8,250.0,256.95,254.79155219851853,958782.0,10372.0,244289554.0,424818.0,44.31,8.8,5.85,1333065600.0
2012-03-29,251.0,252.8,246.25,248.95,248.8588734245266,753345.0,11805.0,187476588.0,301520.0,40.02,6.55,-2.05,1332979200.0
2012-03-28,256.0,258.85,251.5,252.35,254.87132178620567,601073.0,9281.0,153196270.0,136953.0,22.78,7.35,-3.65,1332892800.0
2012-03-27,263.0,263.1,251.6,255.35,255.11264316443248,1123184.0,16969.0,286538439.0,308164.0,27.44,11.5,-7.65,1332806400.0
2012-03-26,265.2,266.5,257.0,258.05,260.32641230721384,617394.0,9310.0,160723965.0,187042.0,30.3,9.5,-7.15,1332720000.0
2012-03-23,264.0,269.05,258.1,266.1,264.71566146661905,787621.0,11552.0,208495614.0,133263.0,16.92,10.95,2.1,1332460800.0
2012-03-22,270.0,273.0,260.0,260.95,266.4574441357475,819934.0,11581.0,218477518.0,223828.0,27.3,13.0,-9.05,1332374400.0
2012-03-21,263.0,270.75,260.1,269.7,266.4121872145073,785922.0,12409.0,209379199.0,174693.0,22.23,10.65,6.7,1332288000.0
2012-03-20,261.0,267.05,255.5,262.3,261.8712369880185,1234151.0,17606.0,323188649.0,303399.0,24.58,11.55,1.3,1332201600.0
2012-03-19,273.0,274.8,259.5,260.3,265.3987042146476,1121019.0,19500.0,297516990.0,413553.0,36.89,15.3,-12.7,1332115200.0
2012-03-16,286.95,294.8,270.0,273.55,283.7727465418186,1391772.0,21484.0,394946963.0,309460.0,22.23,24.8,-13.4,1331856000.0
2012-03-15,293.05,293.55,281.7,283.6,285.65785885671846,467199.0,7008.0,133459066.0,124782.0,26.71,11.85,-9.45,1331769600.0
2012-03-14,296.3,297.45,290.8,293.5,294.3912863683356,710955.0,10130.0,209298957.0,181621.0,25.55,6.65,-2.8,1331683200.0
2012-03-13,287.9,296.5,287.1,291.15,292.86839506767484,664352.0,9889.0,194567704.0,154182.0,23.21,9.4,3.25,1331596800.0
2012-03-12,282.95,286.45,279.65,284.95,283.8355963567729,595516.0,9269.0,169028639.0,113683.0,19.09,6.8,2.0,1331510400.0
2012-03-09,274.9,280.0,273.0,278.5,277.71526908243624,797841.0,11821.0,221572628.0,273414.0,34.27,7.0,3.6,1331251200.0
2012-03-07,272.0,277.8,264.0,270.9,270.7061171405913,1103375.0,20459.0,298690362.0,329519.0,29.86,13.8,-1.1,1331078400.0
2012-03-06,283.0,299.6,273.0,276.0,286.3980779769953,1233492.0,20450.0,353269738.0,232764.0,18.87,26.6,-7.0,1330992000.0
2012-03-05,292.75,292.75,283.2,285.2,287.35988993014803,519670.0,8521.0,149332314.0,155651.0,29.95,9.55,-7.55,1330905600.0
2012-03-03,297.0,297.95,294.1,295.8,296.3894736842105,63650.0,1084.0,18865190.0,17642.0,27.72,3.85,-1.2,1330732800.0
2012-03-02,303.0,303.5,292.0,296.6,298.5861837505844,932612.0,13660.0,278465058.0,139049.0,14.91,11.5,-6.4,1330646400.0
2012-03-01,306.0,306.0,295.2,299.05,298.4923458074344,1292037.0,18981.0,385663155.0,212925.0,16.48,10.8,-6.95,1330560000.0
2012-02-29,315.05,323.7,305.5,308.2,314.33928597433237,1442049.0,22106.0,453292653.0,260781.0,18.08,18.2,-6.85,1330473600.0
2012-02-28,293.0,310.1,292.25,308.65,302.8654870139278,1000803.0,16355.0,303108688.0,205409.0,20.52,17.85,15.65,1330387200.0
2012-02-27,304.1,306.7,286.25,289.15,291.77475034371093,872099.0,14557.0,254456468.0,191107.0,21.91,20.45,-14.95,1330300800.0
2012-02-24,314.75,317.95,301.0,304.0,309.5191267305412,912937.0,15079.0,282571463.0,195041.0,21.36,16.95,-10.75,1330041600.0
2012-02-23,307.8,320.9,302.1,311.95,311.97327627745835,1496311.0,21455.0,466809045.0,311785.0,20.84,18.8,4.15,1329955200.0
2012-02-22,321.9,328.35,301.0,306.6,319.35604503011746,1729065.0,25922.0,552187360.0,313144.0,18.11,27.35,-15.3,1329868800.0
2012-02-21,308.6,320.0,308.0,317.95,316.59881888755086,1639302.0,24328.0,519001077.0,449995.0,27.45,12.0,9.35,1329782400.0
2012-02-17,289.1,325.5,287.2,303.45,310.4564637539465,5441420.0,76249.0,1689324011.0,1078674.0,19.82,38.3,14.35,1329436800.0
2012-02-16,279.0,292.65,278.1,284.85,286.0210720325785,1553908.0,22457.0,444450432.0,496405.0,31.95,14.55,5.85,1329350400.0
2012-02-15,268.8,279.8,267.0,276.95,273.19910232113773,1726007.0,26122.0,471543563.0,444254.0,25.74,12.8,8.15,1329264000.0
2012-02-14,263.4,267.8,259.5,264.95,262.950338584972,583310.0,8918.0,153381562.0,198562.0,34.04,8.3,1.55,1329177600.0
2012-02-13,261.55,262.75,258.5,260.6,260.7212226628262,375999.0,6028.0,98030919.0,92000.0,24.47,4.25,-0.95,1329091200.0
2012-02-10,262.9,264.25,258.1,260.1,260.87248263516614,629577.0,10067.0,164239315.0,181874.0,28.89,6.15,-2.8,1328832000.0
2012-02-09,261.0,265.5,260.35,261.8,262.8594715379334,365627.0,6596.0,96108520.0,96448.0,26.38,5.15,0.8,1328745600.0
2012-02-08,262.0,265.5,257.9,261.3,262.04984969582995,491337.0,9513.0,128754787.0,119775.0,24.38,7.6,-0.7,1328659200.0
2012-02-07,273.5,274.35,257.9,259.9,265.6573417636876,672965.0,12537.0,178778093.0,251840.0,37.42,16.45,-13.6,1328572800.0
2012-02-06,267.45,272.5,267.05,271.35,270.34546801509225,928688.0,16351.0,251066592.0,330743.0,35.61,5.45,3.9,1328486400.0
2012-02-03,260.0,264.8,258.75,263.8,262.759585469069,626443.0,11745.0,164603903.0,202210.0,32.28,6.05,3.8,1328227200.0
2012-02-02,257.5,272.4,256.35,258.8,263.8325937762575,2617107.0,36662.0,690478128.0,757886.0,28.96,16.05,1.3,1328140800.0
2012-02-01,250.9,255.8,247.25,254.9,252.378871508638,822709.0,13255.0,207634369.0,238149.0,28.95,8.55,4.0,1328054400.0
2012-01-31,244.4,251.5,241.25,250.55,246.87628678950367,1504811.0,21969.0,371502152.0,281842.0,18.73,10.25,6.15,1327968000.0
2012-01-30,259.8,259.8,243.05,245.15,250.29760779948344,3469358.0,51736.0,868372008.0,1349043.0,38.88,16.75,-14.65,1327881600.0
2012-01-27,283.9,285.0,269.25,273.65,275.3046743312835,1032276.0,16504.0,284190408.0,439225.0,42.55,15.75,-10.25,1327622400.0
2012-01-25,283.95,284.55,278.85,281.65,280.9971809753871,433838.0,5831.0,121907255.0,149575.0,34.48,5.7,-2.3,1327449600.0
2012-01-24,286.0,287.2,279.3,280.6,282.8341036766385,656850.0,10419.0,185779581.0,222572.0,33.88,7.9,-5.4,1327363200.0
2012-01-23,273.0,283.95,273.0,281.05,279.6595774031697,507434.0,9680.0,141908778.0,106862.0,21.06,10.95,8.05,1327276800.0
2012-01-20,268.0,275.6,267.6,273.7,272.21057319744915,429974.0,7571.0,117043469.0,133509.0,31.05,8.0,5.7,1327017600.0
2012-01-19,278.7,278.8,264.15,265.5,267.0216150810061,817346.0,9967.0,218249049.0,417332.0,51.06,14.65,-13.2,1326931200.0
2012-01-18,282.0,284.85,271.7,272.9,277.8576870089082,342604.0,6236.0,95195155.0,79220.0,23.12,13.15,-9.1,1326844800.0
2012-01-17,278.9,284.95,278.5,280.7,282.11220527977434,372175.0,7298.0,104995110.0,95440.0,25.64,6.45,1.8,1326758400.0
2012-01-16,264.0,278.7,263.55,276.6,272.51295831093296,511525.0,9186.0,139397191.0,91766.0,17.94,15.15,12.6,1326672000.0
2012-01-13,265.5,268.35,263.2,266.8,265.7902336901215,326244.0,4873.0,86712469.0,75592.0,23.17,5.15,1.3,1326412800.0
2012-01-12,264.0,271.9,261.5,262.4,265.8305672355029,512274.0,9296.0,136178088.0,202059.0,39.44,10.4,-1.6,1326326400.0
2012-01-11,263.9,266.9,259.3,264.75,263.7415914810303,585329.0,6794.0,154375602.0,253617.0,43.33,7.6,0.85,1326240000.0
2012-01-10,258.3,267.25,258.3,264.9,264.87598436947553,435558.0,6949.0,115368854.0,130012.0,29.85,8.95,6.6,1326153600.0
2012-01-09,251.0,259.95,246.4,258.55,255.40233158296797,456857.0,7769.0,116682343.0,73049.0,15.99,13.55,7.55,1326067200.0
2012-01-07,251.0,252.5,248.1,250.65,250.92681850990456,49876.0,854.0,12515226.0,10004.0,20.06,4.4,-0.35,1325894400.0
2012-01-06,253.0,255.0,245.25,250.0,248.54691724954748,492239.0,7872.0,122344486.0,174877.0,35.53,9.75,-3.0,1325808000.0
2012-01-05,252.5,260.0,251.6,254.8,256.65772862492037,540536.0,9187.0,138732742.0,163392.0,30.23,8.4,2.3,1325721600.0
2012-01-04,250.0,258.6,249.0,254.0,254.28213176719544,652135.0,11987.0,165826278.0,179881.0,27.58,9.6,4.0,1325635200.0
2012-01-03,239.5,251.35,239.5,247.95,244.3474841482892,355009.0,6347.0,86745556.0,100226.0,28.23,11.85,8.45,1325548800.0
2012-01-02,239.0,241.9,233.5,236.45,236.80256076402125,327949.0,6989.0,77659163.0,92291.0,28.14,8.4,-2.55,1325462400.0
2011-12-30,240.0,240.95,236.5,239.0,238.6456743176348,402607.0,7433.0,96080419.0,104633.0,25.99,4.45,-1.0,1325203200.0
2011-12-29,243.45,247.75,233.15,237.4,243.20863164488992,536352.0,8805.0,130445436.0,134943.0,25.16,14.6,-6.05,1325116800.0
2011-12-28,238.6,247.6,237.1,246.25,243.1507212600164,507168.0,8482.0,123318265.0,74721.0,14.73,10.5,7.65,1325030400.0
2011-12-27,245.0,246.85,238.0,240.8,242.70971334192515,399605.0,5819.0,96988015.0,104560.0,26.17,8.85,-4.2,1324944000.0
2011-12-26,243.8,247.35,241.0,243.6,244.72992747384131,265973.0,5380.0,65091553.0,46021.0,17.3,6.35,-0.2,1324857600.0
2011-12-23,238.5,246.6,238.35,241.95,243.4861064179601,748727.0,11578.0,182304622.0,175556.0,23.45,8.25,3.45,1324598400.0
2011-12-22,232.3,239.25,230.8,237.65,234.9063223892376,547388.0,9109.0,128584902.0,116341.0,21.25,8.45,5.35,1324512000.0
2011-12-21,238.0,239.3,231.5,234.05,235.65890443610385,595748.0,10945.0,140393321.0,160462.0,26.93,7.8,-3.95,1324425600.0
2011-12-20,234.7,236.85,225.0,228.75,228.39810575341068,901361.0,15762.0,205869145.0,329864.0,36.6,11.85,-5.95,1324339200.0
2011-12-19,241.45,241.45,228.0,231.55,232.292088567601,791260.0,13404.0,183803438.0,320146.0,40.46,13.45,-9.9,1324252800.0
2011-12-16,253.0,256.0,238.0,240.45,247.98770226370868,778192.0,14395.0,192982046.0,198724.0,25.54,18.0,-12.55,1323993600.0
2011-12-15,252.8,253.3,246.2,250.15,250.08034465001847,769012.0,13608.0,192314786.0,200531.0,26.08,7.1,-2.65,1323907200.0
2011-12-14,258.2,265.25,255.1,256.5,260.4220281057967,546293.0,9034.0,142266731.0,134524.0,24.62,10.15,-1.7,1323820800.0
2011-12-13,255.0,263.9,251.8,261.4,257.8100543612271,790821.0,11932.0,203881605.0,229308.0,29.0,12.1,6.4,1323734400.0
2011-12-12,269.0,269.0,256.75,257.55,261.4873705522395,704821.0,11971.0,184301790.0,220400.0,31.27,12.25,-11.45,1323648000.0
2011-12-09,269.0,269.0,260.35,264.1,265.2249123879381,490800.0,10158.0,130172387.0,134658.0,27.44,8.65,-4.9,1323388800.0
2011-12-08,288.5,288.5,272.0,273.55,279.374502489877,376123.0,8343.0,105079176.0,99628.0,26.49,16.5,-14.95,1323302400.0
2011-12-07,290.2,292.0,286.45,288.8,289.56146812254354,323379.0,6672.0,93638098.0,60244.0,18.63,5.55,-1.4,1323216000.0
2011-12-05,282.5,290.3,282.5,288.0,287.80567032612754,471472.0,9079.0,135692315.0,82754.0,17.55,7.8,5.5,1323043200.0
2011-12-02,275.0,283.55,271.8,282.45,277.8727043025704,629275.0,11191.0,174858346.0,131319.0,20.87,11.75,7.45,1322784000.0
2011-12-01,290.0,295.5,272.65,275.25,282.40942159669663,668167.0,12032.0,188696656.0,161372.0,24.0,22.85,-14.75,1322697600.0
2011-11-30,281.5,283.5,274.05,282.2,278.6424122461158,375368.0,7841.0,104593445.0,38635.0,10.29,9.45,0.7,1322611200.0
2011-11-29,282.0,288.15,279.1,282.45,283.3360935707568,387044.0,8615.0,109663535.0,68504.0,17.7,9.05,0.45,1322524800.0
2011-11-28,277.0,282.0,275.2,280.75,278.6438902648844,423128.0,8298.0,117902032.0,163279.0,38.59,6.8,3.75,1322438400.0
2011-11-25,262.0,275.85,261.0,269.85,270.0551443700736,898351.0,17594.0,242604309.0,168202.0,18.72,14.85,7.85,1322179200.0
2011-11-24,256.5,263.9,246.2,260.85,254.12783729940097,1025491.0,17047.0,260605810.0,255068.0,24.87,17.7,4.35,1322092800.0
2011-11-23,263.35,263.35,252.65,255.7,256.87658193798757,539054.0,15651.0,138470349.0,165846.0,30.77,10.7,-7.65,1322006400.0
2011-11-22,266.7,269.7,263.0,265.2,266.5343687773796,514755.0,9094.0,137199899.0,110776.0,21.52,6.7,-1.5,1321920000.0
2011-11-21,275.95,278.2,260.1,262.05,268.4821609293861,919919.0,17407.0,246981841.0,358807.0,39.0,18.1,-13.9,1321833600.0
2011-11-18,286.0,286.0,267.2,275.95,272.410856345267,1118369.0,20407.0,304655857.0,333730.0,29.84,18.8,-10.05,1321574400.0
2011-11-17,296.7,303.3,281.9,284.65,291.8426108589385,458240.0,10667.0,133733958.0,146310.0,31.93,21.4,-12.05,1321488000.0
2011-11-16,308.5,308.5,286.5,297.65,294.60241727859574,946188.0,19276.0,278749272.0,260725.0,27.56,22.0,-10.85,1321401600.0
2011-11-15,320.7,323.5,308.1,310.55,315.2893151928597,312818.0,7588.0,98628173.0,86303.0,27.59,15.4,-10.15,1321315200.0
2011-11-14,327.5,328.25,315.65,317.4,319.3887112909656,265894.0,4789.0,84923542.0,146037.0,54.92,12.6,-10.1,1321228800.0
2011-11-11,327.9,330.0,318.65,324.1,323.11294894750887,258577.0,3946.0,83549577.0,141630.0,54.77,11.35,-3.8,1320969600.0
2011-11-09,337.0,340.0,327.6,328.9,333.028835889291,153628.0,3849.0,51162554.0,55905.0,36.39,12.4,-8.1,1320796800.0
2011-11-08,336.4,338.0,333.5,334.85,335.6144080718084,150846.0,3501.0,50626091.0,38836.0,25.75,4.5,-1.55,1320710400.0
2011-11-04,333.0,338.9,332.5,333.65,335.4514391273604,477998.0,9979.0,160345117.0,219466.0,45.91,6.4,0.65,1320364800.0
2011-11-03,317.0,331.0,317.0,329.25,325.0927835859618,637893.0,14349.0,207374411.0,212721.0,33.35,14.0,12.25,1320278400.0
2011-11-02,317.0,321.35,315.1,316.05,318.3495777711653,194918.0,4223.0,62052063.0,70330.0,36.08,6.25,-0.95,1320192000.0
2011-11-01,317.0,321.9,316.6,319.55,319.4287356374688,217493.0,4825.0,69473514.0,46884.0,21.56,5.3,2.55,1320105600.0
2011-10-31,329.0,329.7,317.0,317.85,321.3999303960036,324694.0,6508.0,104356629.0,159638.0,49.17,12.7,-11.15,1320019200.0
2011-10-28,321.25,328.8,320.05,327.2,325.5192939071968,546727.0,8573.0,177970187.0,263021.0,48.11,8.75,5.95,1319760000.0
2011-10-26,319.45,320.0,315.9,316.6,317.3914742284925,128223.0,3321.0,40696887.0,85158.0,66.41,4.1,-2.85,1319587200.0
2011-10-25,320.0,320.0,314.0,314.95,315.08996604012003,253240.0,4127.0,79793383.0,131802.0,52.05,6.0,-5.05,1319500800.0
2011-10-24,324.9,326.55,317.0,318.35,321.2740327614348,188087.0,3679.0,60427469.0,94165.0,50.06,9.55,-6.55,1319414400.0
2011-10-21,318.0,326.25,318.0,319.75,322.80044392867666,217152.0,4638.0,70096762.0,52866.0,24.35,8.25,1.75,1319155200.0
2011-10-20,321.9,323.25,316.1,317.9,318.40241069944426,222591.0,5144.0,70873511.0,88761.0,39.88,7.15,-4.0,1319068800.0
2011-10-19,325.9,326.7,321.8,324.3,324.5950024740228,153596.0,2921.0,49856494.0,78511.0,51.12,4.9,-1.6,1318982400.0
2011-10-18,324.5,325.35,319.3,321.75,322.15110167204125,140786.0,3483.0,45354365.0,46248.0,32.85,6.05,-2.75,1318896000.0
2011-10-17,338.8,338.8,325.35,326.3,332.82696798075517,396574.0,4011.0,131990522.0,290372.0,73.22,13.45,-12.5,1318809600.0
2011-10-14,334.0,338.6,330.25,333.35,334.8267592687162,146865.0,4418.0,49174332.0,28737.0,19.57,8.35,-0.65,1318550400.0
2011-10-13,339.0,344.0,331.8,333.85,339.2051340631137,205724.0,5489.0,69782637.0,44243.0,21.51,12.2,-5.15,1318464000.0
2011-10-12,327.1,339.2,327.1,336.75,333.2349421419965,219935.0,4845.0,73290027.0,68111.0,30.97,12.1,9.65,1318377600.0
2011-10-11,336.0,337.85,322.2,326.5,332.875026544914,226032.0,4967.0,75240408.0,64691.0,28.62,15.65,-9.5,1318291200.0
2011-10-10,326.0,332.9,325.0,331.75,331.0048180202192,291406.0,6078.0,96456790.0,88224.0,30.28,7.9,5.75,1318204800.0
2011-10-07,322.7,325.95,318.2,323.9,321.50377459635183,203333.0,4365.0,65372327.0,60042.0,29.53,7.75,1.2,1317945600.0
2011-10-05,324.0,326.5,310.5,315.1,320.2236386208209,231181.0,6845.0,74029621.0,56924.0,24.62,16.0,-8.9,1317772800.0
2011-10-04,320.9,327.9,318.1,322.7,323.58326788931487,129882.0,3854.0,42027642.0,41489.0,31.94,9.8,1.8,1317686400.0
2011-10-03,318.1,326.3,318.1,321.25,322.1264528972323,186868.0,5510.0,60195126.0,47926.0,25.65,8.2,3.15,1317600000.0
2011-09-30,1659.0,1671.5,1629.95,1637.15,1647.5911831636295,60203.0,5053.0,99189932.0,7647.0,12.7,41.55,-21.85,1317340800.0
2011-09-29,1635.0,1681.9,1608.35,1668.2,1651.308530413573,93067.0,6863.0,153682331.0,32650.0,35.08,73.55,33.2,1317254400.0
2011-09-28,1665.0,1666.95,1629.4,1636.1,1642.3152341739576,62176.0,4591.0,102112592.0,10430.0,16.77,37.55,-28.9,1317168000.0
2011-09-27,1613.0,1666.2,1611.1,1647.25,1639.1883136862753,104002.0,7840.0,170478863.0,21328.0,20.51,55.1,34.25,1317081600.0
2011-09-26,1614.0,1614.0,1576.0,1589.7,1588.859860025503,102733.0,6050.0,163228340.0,34653.0,33.73,38.0,-24.3,1316995200.0
2011-09-23,1601.8,1615.7,1575.0,1599.75,1594.0697642753807,117510.0,9395.0,187319138.0,24037.0,20.46,40.7,-2.05,1316736000.0
2011-09-22,1627.0,1627.0,1602.2,1605.0,1610.4634951674172,124778.0,8492.0,200950414.0,55419.0,44.41,24.8,-22.0,1316649600.0
2011-09-21,1650.0,1668.05,1630.1,1638.5,1651.4389663172215,114658.0,7829.0,189350689.0,23238.0,20.27,37.95,-11.5,1316563200.0
2011-09-20,1655.0,1664.0,1630.65,1643.85,1641.8327119580224,130356.0,8354.0,214022745.0,35205.0,27.01,33.35,-11.15,1316476800.0
2011-09-19,1679.8,1679.8,1651.1,1657.35,1665.7843351811825,110579.0,6551.0,184200766.0,46102.0,41.69,28.7,-22.45,1316390400.0
2011-09-16,1717.05,1735.0,1680.0,1686.45,1701.6504037904197,122836.0,6944.0,209023929.0,46456.0,37.82,55.0,-30.6,1316131200.0
2011-09-15,1755.0,1765.0,1704.0,1710.3,1724.4615905684313,138768.0,6113.0,239300086.0,47568.0,34.28,61.0,-44.7,1316044800.0
2011-09-14,1711.1,1760.0,1680.0,1727.65,1703.5625235433276,66367.0,5339.0,113060334.0,8798.0,13.26,80.0,16.55,1315958400.0
2011-09-13,1720.0,1743.5,1696.0,1703.05,1717.3217362696112,48633.0,3727.0,83518508.0,7429.0,15.28,47.5,-16.95,1315872000.0
2011-09-12,1715.25,1739.0,1704.2,1710.05,1715.6263689036034,62824.0,4342.0,107782511.0,13805.0,21.97,34.8,-5.2,1315785600.0
2011-09-09,1770.0,1785.65,1733.9,1739.3,1755.0460321576763,53984.0,4350.0,94744405.0,9265.0,17.16,51.75,-30.7,1315526400.0
2011-09-08,1801.0,1820.0,1764.05,1772.75,1795.2386060885935,84453.0,5789.0,151613286.0,17926.0,21.23,55.95,-28.25,1315440000.0
2011-09-07,1755.0,1797.75,1755.0,1790.05,1774.0451150617605,62662.0,3873.0,111165215.0,14896.0,23.77,42.75,35.05,1315353600.0
2011-09-06,1710.0,1754.95,1696.75,1750.2,1726.5874300449912,72904.0,4600.0,125875130.0,11946.0,16.39,58.2,40.2,1315267200.0
2011-09-05,1735.0,1735.0,1697.0,1714.05,1710.1468565549355,55401.0,4023.0,94743846.0,10251.0,18.5,38.0,-20.95,1315180800.0
2011-09-02,1770.0,1818.0,1716.0,1737.0,1739.5408421001005,81558.0,4429.0,141873472.0,25830.0,31.67,102.0,-33.0,1314921600.0
2011-08-30,1780.0,1785.0,1751.65,1767.7,1769.0282217857682,66190.0,4682.0,117091978.0,7624.0,11.52,33.35,-12.3,1314662400.0
2011-08-29,1751.0,1781.0,1740.0,1767.85,1759.231010587103,51950.0,3651.0,91392051.0,11380.0,21.91,41.0,16.85,1314576000.0
2011-08-26,1755.0,1781.0,1720.0,1736.5,1753.7671193065094,99785.0,4671.0,174999652.0,42889.0,42.98,61.0,-18.5,1314316800.0
2011-08-25,1760.0,1775.0,1732.0,1751.6,1753.4406753983665,72609.0,3615.0,127315574.0,27071.0,37.28,43.0,-8.4,1314230400.0
2011-08-24,1749.0,1759.5,1737.6,1751.05,1750.4347766911005,51431.0,2089.0,90026611.0,19862.0,38.62,21.9,2.05,1314144000.0
2011-08-23,1735.0,1765.0,1716.0,1761.5,1752.107854761398,98679.0,5056.0,172896251.0,43442.0,44.02,49.0,26.5,1314057600.0
2011-08-22,1685.0,1724.5,1672.6,1716.0,1709.6956636378388,49304.0,3351.0,84294835.0,7425.0,15.06,51.9,31.0,1313971200.0
2011-08-19,1749.0,1749.0,1677.35,1683.25,1699.615588520161,78468.0,5770.0,133365436.0,20794.0,26.5,71.65,-65.75,1313712000.0
2011-08-18,1788.0,1788.0,1758.0,1764.95,1770.519333552932,94111.0,3593.0,166625345.0,58548.0,62.21,30.0,-23.05,1313625600.0
2011-08-17,1779.0,1796.8,1757.1,1777.5,1778.0721625601907,60433.0,4960.0,107454235.0,8460.0,14.0,39.7,-1.5,1313539200.0
2011-08-16,1741.0,1775.0,1733.15,1767.7,1760.1994995134155,57544.0,3976.0,101288920.0,21531.0,37.42,41.85,26.7,1313452800.0
2011-08-12,1780.0,1780.0,1722.05,1727.9,1745.3177338671833,100153.0,5556.0,174798807.0,29813.0,29.77,57.95,-52.1,1313107200.0
2011-08-11,1781.2,1790.0,1752.0,1762.05,1773.380876771745,51644.0,3612.0,91584482.0,7785.0,15.07,38.0,-19.15,1313020800.0
2011-08-10,1769.0,1792.7,1762.0,1780.65,1779.0207439469254,105814.0,6476.0,188245301.0,29899.0,28.26,30.7,11.65,1312934400.0
2011-08-09,1682.8,1768.0,1666.0,1731.5,1724.3894128207835,189380.0,9884.0,326564867.0,75645.0,39.94,102.0,48.7,1312848000.0
2011-08-08,1692.0,1726.9,1662.0,1711.85,1697.5564117122233,123290.0,8655.0,209291730.0,36965.0,29.98,64.9,19.85,1312761600.0
2011-08-05,1769.0,1769.0,1704.3,1716.0,1727.7776630623646,198559.0,11945.0,343065805.0,88586.0,44.61,64.7,-53.0,1312502400.0
2011-08-04,1819.0,1825.0,1780.0,1788.05,1798.7664153516268,101201.0,4562.0,182036960.0,59184.0,58.48,45.0,-30.95,1312416000.0
2011-08-03,1802.0,1814.9,1786.0,1811.05,1798.8524742076975,64748.0,4612.0,116472100.0,16063.0,24.81,28.9,9.05,1312329600.0
2011-08-02,1824.9,1828.0,1802.8,1814.45,1811.2942294973545,60480.0,3470.0,109547075.0,22169.0,36.66,25.2,-10.45,1312243200.0
2011-08-01,1855.0,1861.0,1818.0,1824.95,1829.0611784318505,127169.0,3901.0,232599881.0,86572.0,68.08,43.0,-30.05,1312156800.0
2011-07-29,1850.0,1851.85,1821.55,1838.35,1835.1290793254766,89782.0,5588.0,164761559.0,39348.0,43.83,30.3,-11.65,1311897600.0
2011-07-28,1820.0,1853.6,1802.0,1846.8,1838.6833757348402,139146.0,8399.0,255845437.0,34548.0,24.83,51.6,26.8,1311811200.0
2011-07-27,1915.0,1917.0,1805.1,1824.9,1842.3449878234326,424586.0,26551.0,782233889.0,131780.0,31.04,111.9,-90.1,1311724800.0
2011-07-26,2005.2,2025.0,1895.1,1908.8,1942.9995600873544,381894.0,19359.0,742019874.0,116494.0,30.5,129.9,-96.4,1311638400.0
2011-07-25,1974.0,2003.5,1958.1,1997.85,1989.8039375074347,50438.0,3079.0,100361731.0,19962.0,39.58,45.4,23.85,1311552000.0
2011-07-22,1946.0,1980.0,1938.0,1972.85,1963.9757047188918,77052.0,2939.0,151328256.0,43827.0,56.88,42.0,26.85,1311292800.0
2011-07-21,1970.0,1970.0,1922.0,1939.45,1937.9912773186188,41501.0,2365.0,80428576.0,14424.0,34.76,48.0,-30.55,1311206400.0
2011-07-20,1990.0,1991.8,1950.2,1952.75,1964.507827731985,51803.0,2047.0,101767399.0,26658.0,51.46,41.6,-37.25,1311120000.0
2011-07-19,1976.5,1992.55,1957.0,1978.05,1974.223652825156,38989.0,2419.0,76973006.0,8469.0,21.72,35.55,1.55,1311033600.0
2011-07-18,1939.0,1981.4,1927.0,1975.75,1962.503977101537,66380.0,4632.0,130271014.0,13764.0,20.74,54.4,36.75,1310947200.0
2011-07-15,1931.15,1948.3,1918.5,1923.85,1931.3001924600928,44165.0,2289.0,85295873.0,12944.0,29.31,29.8,-7.3,1310688000.0
2011-07-14,1935.0,1950.0,1917.0,1931.15,1932.6855707425195,67675.0,3636.0,130794496.0,17816.0,26.33,33.0,-3.85,1310601600.0
2011-07-13,1943.0,1958.0,1928.25,1938.6,1942.8388245770248,57273.0,3614.0,111272208.0,7303.0,12.75,29.75,-4.4,1310515200.0
2011-07-12,1950.0,1968.0,1922.1,1937.5,1943.4267925367399,49469.0,3356.0,96139380.0,9509.0,19.22,45.9,-12.5,1310428800.0
2011-07-11,1980.0,1982.0,1937.0,1961.7,1957.8252592477945,38766.0,2544.0,75897054.0,8270.0,21.33,45.0,-18.3,1310342400.0
2011-07-08,1988.5,2001.95,1971.1,1983.75,1989.260331770645,55460.0,3481.0,110324378.0,12737.0,22.97,30.85,-4.75,1310083200.0
2011-07-07,1960.0,1987.7,1955.45,1984.8,1971.155649072484,52991.0,3312.0,104453509.0,14795.0,27.92,32.25,24.8,1309996800.0
2011-07-06,1966.8,1978.0,1946.1,1952.4,1957.5273726414707,120467.0,6712.0,235817450.0,23907.0,19.85,31.9,-14.4,1309910400.0
2011-07-05,2041.0,2041.0,1944.05,1953.8,1965.8306230187256,315769.0,12548.0,620748370.0,141190.0,44.71,96.95,-87.2,1309824000.0
2011-07-04,2050.5,2074.4,2032.1,2045.7,2050.48596479304,29426.0,1983.0,60337600.0,5616.0,19.09,42.3,-4.8,1309737600.0
2011-07-01,2055.0,2069.75,2042.0,2049.7,2052.993646556327,37460.0,2619.0,76905142.0,11114.0,29.67,27.75,-5.3,1309478400.0
2011-06-30,2043.9,2061.9,2018.0,2046.55,2040.9885770435426,48849.0,3062.0,99700251.0,9303.0,19.04,43.9,2.65,1309392000.0
2011-06-29,2018.0,2063.05,2013.0,2043.9,2046.128854461493,100695.0,5543.0,206034945.0,38467.0,38.2,50.05,25.9,1309305600.0
2011-06-28,1977.0,2008.15,1970.35,2002.5,1991.6686893754825,66083.0,4572.0,131615442.0,19039.0,28.81,37.8,25.5,1309219200.0
2011-06-27,1940.0,1978.0,1931.25,1966.8,1964.4843363269924,42423.0,2694.0,83339319.0,11432.0,26.95,46.75,26.8,1309132800.0
2011-06-24,1913.9,1972.0,1900.0,1947.2,1933.8403353862127,67385.0,3717.0,130311831.0,22741.0,33.75,72.0,33.3,1308873600.0
2011-06-23,1923.8,1923.8,1900.0,1906.6,1905.9280506191449,40459.0,2122.0,77111943.0,11636.0,28.76,23.8,-17.2,1308787200.0
2011-06-22,1920.0,1927.0,1890.0,1921.65,1911.9573139454485,44839.0,2774.0,85730254.0,7608.0,16.97,37.0,1.65,1308700800.0
2011-06-21,1931.0,1931.0,1872.5,1908.45,1897.381564077989,69907.0,4949.0,132640253.0,21576.0,30.86,58.5,-22.55,1308614400.0
2011-06-20,1944.0,1945.0,1894.0,1918.95,1916.1818989591266,39390.0,2513.0,75478405.0,19532.0,49.59,51.0,-25.05,1308528000.0
2011-06-17,1940.0,1953.85,1929.65,1939.1,1936.6116414579722,16132.0,1149.0,31241419.0,5087.0,31.53,24.2,-0.9,1308268800.0
2011-06-16,1930.0,1948.4,1914.0,1939.2,1937.9328301886792,30475.0,1659.0,59058503.0,12120.0,39.77,34.4,9.2,1308182400.0
2011-06-15,1950.0,1950.1,1923.2,1930.1,1933.8134644051406,24821.0,1526.0,47999184.0,6624.0,26.69,26.9,-19.9,1308096000.0
2011-06-14,1934.0,1951.0,1931.0,1948.15,1943.996184166388,47696.0,3092.0,92720842.0,19894.0,41.71,20.0,14.15,1308009600.0
2011-06-13,1926.5,1933.9,1905.25,1930.55,1920.0893743580966,46736.0,3011.0,89737297.0,14299.0,30.6,28.65,4.05,1307923200.0
2011-06-10,1944.0,1944.0,1918.9,1925.1,1926.7682015638568,57550.0,3133.0,110885510.0,25889.0,44.99,25.1,-18.9,1307664000.0
2011-06-09,1920.0,1941.0,1915.0,1933.2,1931.1551843158911,50701.0,3841.0,97911499.0,15050.0,29.68,26.0,13.2,1307577600.0
2011-06-08,1908.8,1938.35,1903.05,1915.75,1922.6701716002408,61247.0,3981.0,117757780.0,12857.0,20.99,35.3,6.95,1307491200.0
2011-06-07,1914.1,1917.0,1901.3,1909.75,1908.8477664388167,41548.0,2498.0,79308807.0,9908.0,23.85,15.7,-4.35,1307404800.0
2011-06-06,1916.9,1916.9,1890.1,1913.1,1905.747729664104,61775.0,3897.0,117727566.0,18960.0,30.69,26.8,-3.8,1307318400.0
2011-06-03,1937.0,1952.0,1896.15,1911.65,1923.9694139601013,112535.0,5384.0,216513898.0,52735.0,46.86,55.85,-25.35,1307059200.0
2011-06-02,1943.0,1945.0,1928.0,1934.1,1936.441278252406,36988.0,2395.0,71625090.0,14082.0,38.07,17.0,-8.9,1306972800.0
2011-06-01,1945.0,1967.35,1945.0,1951.55,1955.8974210163587,55138.0,3268.0,107844272.0,18166.0,32.95,22.35,6.55,1306886400.0
2011-05-31,1935.0,1947.5,1927.2,1944.1,1938.5424832359936,46230.0,3213.0,89618819.0,11847.0,25.63,20.3,9.1,1306800000.0
2011-05-30,1946.9,1955.0,1925.3,1932.3,1934.6002594401766,49337.0,3755.0,95447373.0,12285.0,24.9,29.7,-14.6,1306713600.0
2011-05-27,1935.0,1940.0,1915.0,1936.0,1930.7048710078202,54732.0,4000.0,105671339.0,12220.0,22.33,25.0,1.0,1306454400.0
2011-05-26,1930.0,1935.5,1892.0,1922.9,1913.0219401819568,106289.0,7763.0,203333189.0,13642.0,12.83,43.5,-7.1,1306368000.0
2011-05-25,1943.9,1964.0,1903.0,1920.9,1928.1292369365121,156658.0,9548.0,302056870.0,26620.0,16.99,61.0,-23.0,1306281600.0
2011-05-24,1935.0,1979.0,1918.55,1949.65,1947.2483218573752,346812.0,23335.0,675329085.0,40709.0,11.74,60.45,14.65,1306195200.0
2011-05-23,2077.0,2103.35,1918.0,1935.6,2000.2948245719488,690397.0,47185.0,1380997546.0,78159.0,11.32,185.35,-141.4,1306108800.0
2011-05-20,2070.0,2108.9,2061.7,2074.4,2087.5562558734887,61718.0,4501.0,128839797.0,8267.0,13.39,47.2,4.4,1305849600.0
2011-05-19,2070.0,2078.9,2049.05,2064.75,2064.7309942653437,154848.0,1906.0,319719465.0,134846.0,87.08,29.85,-5.25,1305763200.0
2011-05-18,2050.0,2087.55,2040.0,2068.65,2071.455758974518,32063.0,2808.0,66417086.0,9376.0,29.24,47.55,18.65,1305676800.0
2011-05-17,2050.0,2073.0,2042.0,2056.6,2058.0517550143263,72592.0,3242.0,149398093.0,42263.0,58.22,31.0,6.6,1305590400.0
2011-05-16,2032.0,2062.9,2026.55,2050.65,2049.264800861141,36231.0,2577.0,74246913.0,8674.0,23.94,36.35,18.65,1305504000.0
2011-05-13,2024.1,2052.7,2001.0,2031.75,2035.2204398058664,46566.0,3134.0,94772075.0,10516.0,22.58,51.7,7.65,1305244800.0
2011-05-12,2054.0,2064.7,2013.75,2020.9,2038.8516589678961,78151.0,3868.0,159338296.0,43251.0,55.34,50.95,-33.1,1305158400.0
2011-05-11,2038.0,2060.0,2038.0,2054.2,2049.066321305945,83005.0,3866.0,170082750.0,51599.0,62.16,22.0,16.2,1305072000.0
2011-05-10,2053.2,2067.0,2027.0,2036.5,2044.2491238413406,30531.0,2021.0,62412970.0,4929.0,16.14,40.0,-16.7,1304985600.0
2011-05-09,2071.0,2077.2,2040.0,2050.15,2052.7655290778266,60596.0,2486.0,124389380.0,18302.0,30.2,37.2,-20.85,1304899200.0
2011-05-06,2005.0,2064.9,2005.0,2057.7,2045.4613514911225,58010.0,4521.0,118657213.0,18787.0,32.39,59.9,52.7,1304640000.0
2011-05-05,2038.0,2044.15,1980.0,1998.25,2011.6675597210685,107123.0,3965.0,215495864.0,61194.0,57.12,64.15,-39.75,1304553600.0
2011-05-04,2016.0,2039.4,2016.0,2026.3,2026.3431187410583,52425.0,3255.0,106231038.0,16007.0,30.53,23.4,10.3,1304467200.0
2011-05-03,2023.0,2034.0,2000.0,2014.6,2020.2764064913708,120406.0,4459.0,243253401.0,65685.0,54.55,34.0,-8.4,1304380800.0
2011-05-02,2008.0,2029.0,1990.0,2010.75,2005.735859179028,68967.0,3353.0,138329585.0,28573.0,41.43,39.0,2.75,1304294400.0
2011-04-29,2004.7,2021.0,1984.25,2000.75,2003.2703337161386,118424.0,6065.0,237235286.0,39263.0,33.15,36.75,-3.95,1304035200.0
2011-04-28,2035.0,2035.0,1976.15,1992.5,1994.0834071815962,197477.0,10308.0,393785609.0,88099.0,44.61,58.85,-42.5,1303948800.0
2011-04-27,2088.0,2090.0,2009.0,2019.95,2038.4117751861088,207674.0,9098.0,423325127.0,91713.0,44.16,81.0,-68.05,1303862400.0
2011-04-26,2082.0,2086.0,2044.0,2067.5,2059.5293676164,71950.0,4538.0,148183138.0,13491.0,18.75,42.0,-14.5,1303776000.0
2011-04-25,2068.0,2093.65,2057.8,2074.85,2077.428006271421,54852.0,4073.0,113951081.0,10318.0,18.81,35.85,6.85,1303689600.0
2011-04-21,2165.0,2168.0,2046.2,2057.5,2088.908938573909,147999.0,8800.0,309156434.0,69512.0,46.97,121.8,-107.5,1303344000.0
2011-04-20,2164.0,2164.0,2137.15,2151.7,2148.374340822076,41529.0,2584.0,89219838.0,10128.0,24.39,26.85,-12.3,1303257600.0
2011-04-19,2183.0,2185.0,2112.1,2135.6,2137.7649350798183,87261.0,5844.0,186543506.0,11378.0,13.04,72.9,-47.4,1303171200.0
2011-04-18,2220.0,2251.0,2174.0,2187.45,2205.44440306228,72495.0,3664.0,159883692.0,19689.0,27.16,77.0,-32.55,1303084800.0
2011-04-15,2228.0,2243.55,2198.5,2229.75,2223.711450605641,47718.0,2596.0,106111063.0,13636.0,28.58,45.05,1.75,1302825600.0
2011-04-13,2200.0,2237.9,2178.0,2231.0,2217.1866664326826,56984.0,3553.0,126344165.0,13322.0,23.38,59.9,31.0,1302652800.0
2011-04-11,2200.0,2238.85,2187.35,2198.2,2215.749636119353,71452.0,5450.0,158319743.0,21648.0,30.3,51.5,-1.8,1302480000.0
2011-04-08,2200.5,2213.9,2172.1,2200.75,2197.185398264881,76306.0,3980.0,167658429.0,23515.0,30.82,41.8,0.25,1302220800.0
2011-04-07,2200.1,2214.0,2180.0,2196.9,2200.170976851749,44971.0,2485.0,98943889.0,9163.0,20.38,34.0,-3.2,1302134400.0
2011-04-06,2220.0,2245.0,2188.1,2196.75,2218.5756174877824,90852.0,5716.0,201562032.0,17470.0,19.23,56.9,-23.25,1302048000.0
2011-04-05,2193.0,2218.7,2182.0,2209.4,2202.5539510660988,128459.0,6763.0,282937878.0,32209.0,25.07,36.7,16.4,1301961600.0
2011-04-04,2115.0,2198.65,2100.0,2173.8,2168.866661656396,199590.0,13929.0,432884097.0,45591.0,22.84,98.65,58.8,1301875200.0
2011-04-01,2074.9,2120.7,2067.5,2113.85,2106.411744537605,96249.0,7111.0,202740024.0,27085.0,28.14,53.2,38.95,1301616000.0
2011-03-31,2067.25,2098.5,2052.2,2060.85,2079.0321070109326,53602.0,2898.0,111440279.0,12408.0,23.15,46.3,-6.4,1301529600.0
2011-03-30,2073.0,2093.0,2051.0,2058.15,2073.6537740333824,75728.0,3678.0,157033653.0,19918.0,26.3,42.0,-14.85,1301443200.0
2011-03-29,2101.0,2107.2,2056.3,2067.9,2093.8008119295264,113064.0,2821.0,236733495.0,78903.0,69.79,50.9,-33.1,1301356800.0
2011-03-28,2091.9,2128.05,2080.0,2097.85,2106.867266385166,70811.0,3959.0,149189378.0,25274.0,35.69,48.05,5.95,1301270400.0
2011-03-25,2060.0,2097.1,2060.0,2089.55,2078.26612651245,92813.0,4202.0,192890114.0,45375.0,48.89,37.1,29.55,1301011200.0
2011-03-24,2001.0,2054.8,2001.0,2050.6,2041.370718629184,102946.0,5793.0,210150950.0,39857.0,38.72,53.8,49.6,1300924800.0
2011-03-23,1941.0,2000.0,1941.0,1994.4,1982.7916837268551,65943.0,4080.0,130751232.0,31024.0,47.05,59.0,53.4,1300838400.0
2011-03-22,1938.0,1956.0,1923.95,1947.1,1946.2559386065927,92909.0,3132.0,180824693.0,53501.0,57.58,32.05,9.1,1300752000.0
2011-03-21,1938.0,1940.0,1915.1,1922.5,1925.67473133728,139208.0,2971.0,268069328.0,102150.0,73.38,24.9,-15.5,1300665600.0
2011-03-18,1968.8,1974.0,1915.55,1925.65,1927.9479106893011,155099.0,6731.0,299022793.0,81182.0,52.34,58.45,-43.15,1300406400.0
2011-03-17,1911.0,1970.0,1905.0,1965.1,1951.9055973540967,91311.0,5976.0,178230452.0,20983.0,22.98,65.0,54.1,1300320000.0
2011-03-16,1944.0,1944.0,1921.45,1926.9,1932.3436471263326,66222.0,4815.0,127963661.0,16916.0,25.54,22.55,-17.1,1300233600.0
2011-03-15,1957.45,1957.45,1905.35,1921.9,1927.128816268048,108876.0,6574.0,209818077.0,45256.0,41.57,52.1,-35.55,1300147200.0
2011-03-14,1982.0,1995.0,1945.1,1974.7,1971.1175531017789,100797.0,6265.0,198682736.0,25571.0,25.37,49.9,-7.3,1300060800.0
2011-03-11,2044.0,2044.0,1966.5,1974.7,1987.040583326688,213191.0,9589.0,423619169.0,120461.0,56.5,77.5,-69.3,1299801600.0
2011-03-10,2043.05,2058.0,2017.25,2049.2,2042.6814823501816,34108.0,2252.0,69671780.0,6047.0,17.73,40.75,6.15,1299715200.0
2011-03-09,2050.9,2055.0,2037.0,2043.05,2043.7095882107806,26397.0,1814.0,53947802.0,5297.0,20.07,18.0,-7.85,1299628800.0
2011-03-08,2028.0,2049.0,2018.15,2031.7,2037.0032076459809,45828.0,2459.0,93351783.0,8496.0,18.54,30.85,3.7,1299542400.0
2011-03-07,2083.0,2083.0,2010.2,2018.05,2032.8622898860879,73829.0,4620.0,150084190.0,24077.0,32.61,72.8,-64.95,1299456000.0
2011-03-04,2141.0,2150.0,2075.0,2085.0,2114.9139321923035,73384.0,4547.0,155200844.0,10871.0,14.81,75.0,-56.0,1299196800.0
2011-03-03,2055.0,2135.0,2045.0,2126.35,2093.91666841205,143235.0,6279.0,299922154.0,72140.0,50.36,90.0,71.35,1299110400.0
2011-03-01,2005.2,2067.0,2005.2,2058.5,2052.039372207701,77669.0,4967.0,159379846.0,30443.0,39.2,61.8,53.3,1298937600.0
2011-02-28,1989.0,2040.5,1976.0,2000.65,2003.739437225712,104589.0,5329.0,209569104.0,29057.0,27.78,64.5,11.65,1298851200.0
2011-02-25,2022.0,2030.95,1960.0,1975.0,1996.2979845475838,108462.0,7856.0,216522472.0,38125.0,35.15,70.95,-47.0,1298592000.0
2011-02-24,2050.1,2064.05,1992.0,1999.6,2011.7096781329485,135615.0,7576.0,272818008.0,74336.0,54.81,72.05,-50.5,1298505600.0
2011-02-23,2077.0,2086.0,2040.0,2046.7,2058.524052880821,50680.0,3169.0,104325999.0,14766.0,29.14,46.0,-30.3,1298419200.0
2011-02-22,2100.0,2109.55,2065.05,2075.4,2076.136198002934,42262.0,2895.0,87741668.0,9258.0,21.91,44.5,-24.6,1298332800.0
2011-02-21,2104.5,2132.0,2086.4,2111.6,2112.12857984048,93405.0,4597.0,197283370.0,23727.0,25.4,45.6,7.1,1298246400.0
2011-02-18,2092.0,2134.35,2080.0,2093.15,2110.7938018426426,102353.0,5337.0,216046078.0,27756.0,27.12,54.35,1.15,1297987200.0
2011-02-17,2063.0,2089.9,2033.25,2081.55,2065.2043557082197,83844.0,5346.0,173154994.0,16622.0,19.82,56.65,18.55,1297900800.0
2011-02-16,2095.0,2095.0,2051.5,2057.6,2067.628961249608,73367.0,4251.0,151695734.0,13971.0,19.04,43.5,-37.4,1297814400.0
2011-02-15,2140.0,2150.4,2063.0,2077.8,2086.3193693139906,97608.0,5150.0,203641461.0,28534.0,29.23,87.4,-62.2,1297728000.0
2011-02-14,2075.0,2145.0,2049.9,2130.0,2098.960498960498,55315.0,3807.0,116104000.0,11557.0,20.89,95.1,55.0,1297641600.0
2011-02-11,2049.9,2056.05,2000.0,2037.15,2024.5892963803608,66968.0,4295.0,135582696.0,14509.0,21.67,56.05,-12.75,1297382400.0
2011-02-10,2098.8,2118.0,2020.0,2042.85,2045.6551694977961,94603.0,4689.0,193525116.0,43312.0,45.78,98.0,-55.95,1297296000.0
2011-02-09,2189.0,2189.0,2055.1,2094.9,2106.2461512741866,137578.0,6007.0,289773133.0,56532.0,41.09,133.9,-94.1,1297209600.0
2011-02-08,2215.8,2215.8,2179.0,2188.05,2189.546972182075,123158.0,3208.0,269660226.0,89277.0,72.49,36.8,-27.75,1297123200.0
2011-02-07,2200.0,2224.9,2163.6,2199.25,2203.974100125709,104209.0,3650.0,229673937.0,70102.0,67.27,61.3,-0.75,1297036800.0
2011-02-04,2212.8,2219.9,2170.0,2188.1,2196.3358142992024,99558.0,3322.0,218662801.0,60212.0,60.48,49.9,-24.7,1296777600.0
2011-02-03,2160.0,2198.5,2132.0,2193.55,2178.2942693322816,65926.0,2881.0,143606228.0,29540.0,44.81,66.5,33.55,1296691200.0
2011-02-02,2239.0,2239.0,2119.05,2138.25,2174.694181642911,145230.0,3799.0,315830836.0,96342.0,66.34,119.95,-100.75,1296604800.0
2011-02-01,2230.0,2294.7,2169.0,2197.25,2193.6484582668795,37620.0,2210.0,82525055.0,11013.0,29.27,125.7,-32.75,1296518400.0
2011-01-31,2152.0,2230.0,2118.0,2217.5,2181.288217733493,51586.0,3975.0,112523934.0,14346.0,27.81,112.0,65.5,1296432000.0
2011-01-28,2241.8,2241.8,2133.15,2153.25,2147.6199050670252,110183.0,4327.0,236631204.0,69152.0,62.76,108.65,-88.55,1296172800.0
2011-01-27,2304.9,2316.0,2233.6,2240.8,2257.0760065562745,47588.0,2198.0,107409733.0,19476.0,40.93,82.4,-64.1,1296086400.0
2011-01-25,2280.0,2304.0,2275.15,2289.55,2289.5509851197,41061.0,1978.0,94011253.0,21351.0,52.0,28.85,9.55,1295913600.0
2011-01-24,2230.0,2284.95,2220.05,2272.7,2262.1111988596963,51916.0,3318.0,117439765.0,21826.0,42.04,64.9,42.7,1295827200.0
2011-01-21,2185.8,2262.0,2180.0,2217.5,2221.815692395005,211440.0,10325.0,469780710.0,51025.0,24.13,82.0,31.7,1295568000.0
2011-01-20,2177.2,2245.0,2155.1,2179.35,2176.910140472531,55954.0,1258.0,121806830.0,40811.0,72.94,89.9,2.15,1295481600.0
2011-01-19,2218.95,2218.95,2155.5,2181.45,2176.965434203228,73917.0,1847.0,160914754.0,54074.0,73.16,63.45,-37.5,1295395200.0
2011-01-18,2191.0,2203.0,2185.0,2192.85,2191.485350428085,23243.0,1097.0,50936694.0,12951.0,55.72,18.0,1.85,1295308800.0
2011-01-17,2198.0,2202.95,2177.2,2188.95,2190.5267525582394,83749.0,1535.0,183454425.0,69240.0,82.68,25.75,-9.05,1295222400.0
2011-01-14,2232.3,2245.35,2181.3,2195.25,2209.0343064711424,74330.0,2711.0,164197520.0,42406.0,57.05,64.05,-37.05,1294963200.0
2011-01-13,2246.95,2253.8,2217.0,2230.15,2229.056185312962,46667.0,1621.0,104023365.0,25562.0,54.78,36.8,-16.8,1294876800.0
2011-01-12,2249.0,2254.0,2218.15,2240.95,2235.736722403158,54961.0,2158.0,122878326.0,21424.0,38.98,35.85,-8.05,1294790400.0
2011-01-11,2199.9,2257.0,2195.0,2232.7,2227.4561303170053,192331.0,3277.0,428408865.0,145137.0,75.46,62.0,32.8,1294704000.0
2011-01-10,2292.0,2292.0,2174.0,2181.5,2208.3550271872878,172691.0,4924.0,381363038.0,125575.0,72.72,118.0,-110.5,1294617600.0
2011-01-07,2300.0,2306.7,2280.0,2290.6,2290.837786973104,80234.0,1535.0,183803079.0,65820.0,82.04,26.7,-9.4,1294358400.0
2011-01-06,2329.0,2330.05,2282.3,2306.95,2300.062771832581,49433.0,2012.0,113699003.0,19915.0,40.29,47.75,-22.05,1294272000.0
2011-01-05,2325.0,2339.5,2292.3,2306.7,2305.1281090095363,70159.0,1850.0,161725483.0,44299.0,63.14,47.2,-18.3,1294185600.0
2011-01-04,2346.0,2352.0,2322.5,2331.05,2332.930338314844,54535.0,1577.0,127226356.0,31533.0,57.82,29.5,-14.95,1294099200.0
2011-01-03,2330.0,2348.0,2306.0,2344.1,2328.830845380264,38184.0,2566.0,88924077.0,9147.0,23.96,42.0,14.1,1294012800.0
2010-12-31,2344.8,2379.0,2316.75,2324.75,2341.1457314517247,28628.0,1946.0,67022320.0,6296.0,21.99,62.25,-20.05,1293753600.0
2010-12-30,2307.0,2343.0,2307.0,2336.6,2327.655116097423,28166.0,1781.0,65560734.0,9543.0,33.88,36.0,29.6,1293667200.0
2010-12-29,2296.0,2314.75,2281.6,2304.4,2296.296787577796,15907.0,1249.0,36527193.0,3174.0,19.95,33.15,8.4,1293580800.0
2010-12-28,2302.0,2303.0,2287.2,2297.0,2295.1075548460194,38836.0,1012.0,89132797.0,28914.0,74.45,15.8,-5.0,1293494400.0
2010-12-27,2285.0,2313.0,2285.0,2296.9,2298.818049330437,36367.0,1320.0,83601116.0,19351.0,53.21,28.0,11.9,1293408000.0
2010-12-24,2305.0,2312.5,2272.05,2284.75,2284.206534796188,37461.0,2976.0,85568661.0,14726.0,39.31,40.45,-20.25,1293148800.0
2010-12-23,2320.0,2329.6,2298.1,2307.95,2307.452693823916,30440.0,1347.0,70238860.0,9850.0,32.36,31.5,-12.05,1293062400.0
2010-12-22,2330.0,2336.05,2315.35,2328.95,2321.7518221417167,46374.0,1301.0,107668919.0,23278.0,50.2,20.7,-1.05,1292976000.0
2010-12-21,2323.0,2337.8,2316.0,2325.0,2326.340189326761,43417.0,1443.0,101002712.0,26854.0,61.85,21.8,2.0,1292889600.0
2010-12-20,2315.0,2339.0,2295.5,2314.25,2314.1385088110933,38077.0,1692.0,88115452.0,17605.0,46.24,43.5,-0.75,1292803200.0
2010-12-16,2334.95,2334.95,2242.0,2304.7,2270.948939537828,94770.0,4260.0,215217831.0,36206.0,38.2,92.95,-30.25,1292457600.0
2010-12-15,2335.0,2335.0,2307.2,2319.4,2316.922275489789,52982.0,1420.0,122755176.0,31955.0,60.31,27.8,-15.6,1292371200.0
2010-12-14,2330.0,2366.0,2321.0,2334.8,2336.617437330001,81618.0,2509.0,190710042.0,48627.0,59.58,45.0,4.8,1292284800.0
2010-12-13,2285.0,2345.0,2275.0,2340.2,2313.7972257692463,97108.0,5248.0,224688221.0,30475.0,31.38,70.0,55.2,1292198400.0
2010-12-10,2225.0,2290.0,2153.9,2278.0,2233.2989638869326,89469.0,5912.0,199811025.0,20864.0,23.32,136.1,53.0,1291939200.0
2010-12-09,2241.0,2255.0,2211.0,2228.8,2238.823131044296,37949.0,3151.0,84961099.0,13365.0,35.22,44.0,-12.2,1291852800.0
2010-12-08,2246.0,2250.0,2225.35,2239.35,2237.888156455997,32009.0,1644.0,71632562.0,12333.0,38.53,24.65,-6.65,1291766400.0
2010-12-07,2235.0,2258.95,2224.0,2246.05,2241.246003120764,39093.0,2396.0,87617030.0,7051.0,18.04,34.95,11.05,1291680000.0
2010-12-06,2227.2,2268.0,2215.0,2235.95,2251.148177710104,81436.0,3832.0,183324503.0,39658.0,48.7,53.0,8.75,1291593600.0
2010-12-03,2220.0,2239.0,2201.1,2209.7,2217.3998062391006,51610.0,2488.0,114440004.0,20703.0,40.11,37.9,-10.3,1291334400.0
2010-12-02,2235.0,2246.95,2205.1,2211.0,2219.5475661235396,49037.0,2748.0,108839954.0,12483.0,25.46,41.85,-24.0,1291248000.0
2010-12-01,2215.0,2223.5,2183.0,2211.5,2206.7921281216068,92100.0,3661.0,203245555.0,39534.0,42.93,40.5,-3.5,1291161600.0
2010-11-30,2155.0,2216.45,2145.0,2205.75,2192.356733921028,111963.0,4449.0,245462837.0,49321.0,44.05,71.45,50.75,1291075200.0
2010-11-29,2110.0,2192.0,2097.0,2155.15,2150.782182315246,79741.0,4291.0,171505522.0,24223.0,30.38,95.0,45.15,1290988800.0
2010-11-26,2161.0,2168.75,2060.0,2100.05,2120.1387192905945,82548.0,5167.0,175013211.0,29957.0,36.29,108.75,-60.95,1290729600.0
2010-11-25,2222.9,2222.9,2145.0,2154.05,2172.7021925643467,104900.0,4980.0,227916460.0,52658.0,50.2,77.9,-68.85,1290643200.0
2010-11-24,2268.0,2288.0,2185.05,2195.75,2239.182887416607,86638.0,4708.0,193998327.0,33706.0,38.9,102.95,-72.25,1290556800.0
2010-11-23,2274.9,2274.9,2224.0,2257.5,2238.347088525732,80406.0,3878.0,179976536.0,44526.0,55.38,50.9,-17.4,1290470400.0
2010-11-22,2260.0,2280.0,2235.1,2271.0,2262.2256959314773,53705.0,3412.0,121492831.0,16226.0,30.21,44.9,11.0,1290384000.0
2010-11-19,2325.0,2334.15,2241.0,2256.65,2288.0412046884194,132582.0,6524.0,303353079.0,69376.0,52.33,93.15,-68.35,1290124800.0
2010-11-18,2348.0,2368.0,2308.0,2316.55,2330.487746190179,56105.0,3148.0,130752015.0,20512.0,36.56,60.0,-31.45,1290038400.0
2010-11-16,2402.1,2410.0,2325.0,2336.75,2348.727861015565,85765.0,3567.0,201438645.0,47109.0,54.93,85.0,-65.35,1289865600.0
2010-11-15,2390.0,2409.9,2365.0,2398.25,2394.3093026916417,50824.0,1795.0,121688376.0,23746.0,46.72,44.9,8.25,1289779200.0
2010-11-12,2420.0,2430.0,2379.0,2388.45,2395.4039244791197,110486.0,3748.0,264658598.0,71407.0,64.63,51.0,-31.55,1289520000.0
2010-11-11,2485.0,2486.0,2410.0,2417.0,2433.898802542749,101465.0,5008.0,246955542.0,64237.0,63.31,76.0,-68.0,1289433600.0
2010-11-10,2510.0,2532.5,2476.8,2483.05,2496.926081173049,64652.0,2018.0,161431265.0,37918.0,58.65,55.7,-26.95,1289347200.0
2010-11-09,2545.0,2545.0,2517.5,2526.95,2528.1603375527425,22041.0,1138.0,55723182.0,6726.0,30.52,27.5,-18.05,1289260800.0
2010-11-08,2530.0,2546.8,2514.1,2526.15,2527.457586058688,25593.0,1355.0,64685222.0,12104.0,47.29,32.7,-3.85,1289174400.0
2010-11-05,2537.5,2551.0,2531.0,2539.85,2541.747438874472,14642.0,1100.0,37216266.0,8115.0,55.42,20.0,2.35,1288915200.0
2010-11-04,2514.9,2537.55,2506.0,2525.7,2524.3440643863173,44730.0,2417.0,112913910.0,17990.0,40.22,31.55,10.8,1288828800.0
2010-11-03,2478.0,2511.9,2467.0,2484.95,2488.394026803221,61709.0,3105.0,153556307.0,18672.0,30.26,44.9,6.95,1288742400.0
2010-11-02,2467.0,2478.0,2452.0,2458.35,2464.483523477277,42424.0,1755.0,104553249.0,23410.0,55.18,26.0,-8.65,1288656000.0
2010-11-01,2481.0,2481.0,2457.0,2466.25,2466.833841028081,21010.0,883.0,51828179.0,9365.0,44.57,24.0,-14.75,1288569600.0
2010-10-29,2458.0,2496.5,2433.0,2445.7,2465.3957429687343,203804.0,8262.0,502457514.0,53028.0,26.02,63.5,-12.3,1288310400.0
2010-10-28,2504.0,2504.0,2440.0,2451.7,2455.817794907985,92105.0,3977.0,226193098.0,45665.0,49.58,64.0,-52.3,1288224000.0
2010-10-27,2489.9,2506.0,2470.25,2485.1,2488.8281147155617,53175.0,1585.0,132343435.0,31405.0,59.06,35.75,-4.8,1288137600.0
2010-10-26,2535.0,2539.0,2485.0,2491.0,2507.5409186158467,52971.0,1648.0,132826950.0,32380.0,61.13,54.0,-44.0,1288051200.0
2010-10-25,2510.0,2553.75,2510.0,2526.3,2539.4581455064194,35050.0,1192.0,89008008.0,23027.0,65.7,43.75,16.3,1287964800.0
2010-10-22,2550.0,2560.0,2522.0,2533.85,2539.954770389981,49105.0,1627.0,124724479.0,24893.0,50.69,38.0,-16.15,1287705600.0
2010-10-21,2505.2,2559.0,2495.0,2541.7,2535.149562244211,38606.0,2564.0,97871984.0,13623.0,35.29,64.0,36.5,1287619200.0
2010-10-20,2495.0,2519.8,2485.0,2499.25,2503.405519716324,23407.0,1565.0,58597213.0,6023.0,25.73,34.8,4.25,1287532800.0
2010-10-19,2534.0,2547.75,2485.0,2499.6,2522.390934031452,55769.0,1915.0,140671220.0,10605.0,19.02,62.75,-34.4,1287446400.0
2010-10-18,2540.0,2541.0,2489.0,2519.95,2507.655661728769,59337.0,2143.0,148796764.0,40022.0,67.45,52.0,-20.05,1287360000.0
2010-10-15,2558.0,2570.0,2507.2,2526.05,2538.165411440072,79003.0,2017.0,200522682.0,57955.0,73.36,62.8,-31.95,1287100800.0
2010-10-14,2603.4,2614.0,2554.9,2558.65,2574.810751052464,56534.0,2026.0,145564351.0,10360.0,18.33,59.1,-44.75,1287014400.0
2010-10-13,2550.0,2599.0,2549.0,2592.5,2571.856681980947,59204.0,2652.0,152264203.0,27210.0,45.96,50.0,42.5,1286928000.0
2010-10-12,2585.0,2585.0,2516.25,2543.1,2537.4375803087187,59925.0,2920.0,152055947.0,26824.0,44.76,68.75,-41.9,1286841600.0
2010-10-11,2601.0,2614.0,2565.9,2575.4,2578.732157221714,72102.0,2337.0,185931746.0,39724.0,55.09,48.1,-25.6,1286755200.0
2010-10-08,2615.0,2629.0,2572.0,2580.05,2588.6904528401747,64239.0,3103.0,166294886.0,19478.0,30.32,57.0,-34.95,1286496000.0
2010-10-07,2668.4,2695.0,2587.1,2603.4,2651.05206783007,129677.0,4301.0,343780479.0,43116.0,33.25,107.9,-65.0,1286409600.0
2010-10-06,2672.9,2684.0,2654.0,2666.45,2664.745944175301,116006.0,3677.0,309126518.0,57115.0,49.23,30.0,-6.45,1286323200.0
2010-10-05,2600.05,2665.0,2600.05,2648.6,2645.294990279033,146076.0,5265.0,386414111.0,64780.0,44.35,64.95,48.55,1286236800.0
2010-10-04,2610.0,2652.0,2605.4,2617.7,2631.349324599148,186852.0,6805.0,491672884.0,94034.0,50.33,46.6,7.7,1286150400.0
2010-10-01,2495.0,2603.0,2489.0,2590.1,2560.6196922092818,212612.0,9872.0,544418474.0,101920.0,47.94,114.0,95.1,1285891200.0
2010-09-30,2490.0,2499.0,2473.3,2483.6,2482.812508121554,53869.0,2190.0,133746627.0,15746.0,29.23,25.7,-6.4,1285804800.0
2010-09-29,2495.0,2515.0,2475.0,2483.15,2495.077741912345,69705.0,3795.0,173919394.0,15573.0,22.34,40.0,-11.85,1285718400.0
2010-09-28,2471.0,2499.0,2466.0,2479.55,2484.195894850558,55540.0,3220.0,137972240.0,13817.0,24.88,33.0,8.55,1285632000.0
2010-09-27,2460.0,2484.5,2458.25,2467.85,2470.659361955873,40248.0,1921.0,99439098.0,13184.0,32.76,26.25,7.85,1285545600.0
2010-09-24,2447.45,2459.65,2437.0,2454.9,2449.3265386380026,30514.0,2205.0,74738750.0,11484.0,37.64,22.65,7.45,1285286400.0
2010-09-23,2470.0,2481.1,2441.0,2448.05,2453.2689214829984,33203.0,1786.0,81455888.0,11714.0,35.28,40.1,-21.95,1285200000.0
2010-09-22,2489.8,2496.0,2452.0,2464.75,2471.996272703665,65463.0,2954.0,161824292.0,21547.0,32.91,44.0,-25.05,1285113600.0
2010-09-21,2441.0,2497.0,2441.0,2478.95,2479.611010250924,144865.0,6101.0,359208849.0,49991.0,34.51,56.0,37.95,1285027200.0
2010-09-20,2460.0,2462.0,2435.1,2440.75,2444.6926380232994,45409.0,2324.0,111011048.0,15129.0,33.32,26.9,-19.25,1284940800.0
2010-09-17,2474.8,2477.9,2435.65,2444.45,2451.4332321533857,45793.0,2152.0,112258482.0,25356.0,55.37,42.25,-30.35,1284681600.0
2010-09-16,2478.0,2481.75,2454.25,2459.45,2461.9901529303743,31583.0,1709.0,77757035.0,12168.0,38.53,27.5,-18.55,1284595200.0
2010-09-15,2512.0,2523.5,2475.0,2478.55,2491.766684384597,33864.0,1750.0,84381187.0,9271.0,27.38,48.5,-33.45,1284508800.0
2010-09-14,2494.0,2516.8,2482.0,2500.65,2505.2047502939004,45934.0,2562.0,115074075.0,12811.0,27.89,34.8,6.65,1284422400.0
2010-09-13,2494.0,2518.0,2485.0,2491.85,2496.032637362637,45500.0,2784.0,113569485.0,19411.0,42.66,33.0,-2.15,1284336000.0
2010-09-09,2450.0,2483.0,2443.5,2478.1,2465.1894548935397,77306.0,3491.0,190573936.0,46487.0,60.13,39.5,28.1,1283990400.0
2010-09-08,2436.0,2448.05,2425.0,2435.25,2436.01760375108,24313.0,1408.0,59226896.0,4576.0,18.82,23.05,-0.75,1283904000.0
2010-09-07,2449.0,2452.0,2421.6,2434.75,2436.127275935074,28340.0,1492.0,69039847.0,11195.0,39.5,30.4,-14.25,1283817600.0
2010-09-06,2409.0,2449.7,2391.3,2443.4,2431.560714876109,54443.0,2314.0,132381460.0,28774.0,52.85,58.4,34.4,1283731200.0
2010-09-03,2398.0,2415.0,2382.0,2392.6,2395.621305238513,27336.0,1887.0,65486704.0,7378.0,26.99,33.0,-5.4,1283472000.0
2010-09-02,2433.55,2440.0,2390.1,2397.25,2408.595336359884,43614.0,2059.0,105048477.0,18442.0,42.28,49.9,-36.3,1283385600.0
2010-09-01,2412.1,2430.0,2405.25,2423.1,2417.125558419244,23280.0,1461.0,56270683.0,3610.0,15.51,24.75,11.0,1283299200.0
2010-08-31,2448.0,2448.0,2400.0,2408.2,2415.471767187888,32232.0,2001.0,77855486.0,9893.0,30.69,48.0,-39.8,1283212800.0
2010-08-30,2490.0,2495.5,2433.1,2441.85,2455.116011680253,32876.0,1712.0,80714394.0,10626.0,32.32,62.4,-48.15,1283126400.0
2010-08-27,2480.0,2510.95,2456.0,2470.1,2486.5655988573762,29406.0,1737.0,73119948.0,7245.0,24.64,54.95,-9.9,1282867200.0
2010-08-26,2478.6,2486.0,2455.05,2478.5,2470.348128135855,25910.0,1561.0,64006720.0,10420.0,40.22,30.95,-0.1,1282780800.0
2010-08-25,2483.0,2501.8,2461.3,2468.65,2479.654420981584,31113.0,1565.0,77149488.0,8373.0,26.91,40.5,-14.35,1282694400.0
2010-08-24,2508.5,2526.0,2475.0,2483.75,2502.840462547373,77311.0,4056.0,193497099.0,17216.0,22.27,51.0,-24.75,1282608000.0
2010-08-23,2477.0,2523.9,2463.3,2501.45,2505.486982509244,52199.0,3246.0,130783915.0,10563.0,20.24,60.6,24.45,1282521600.0
2010-08-20,2473.0,2490.0,2460.0,2469.35,2472.1202420596555,27927.0,1429.0,69038902.0,11705.0,41.91,30.0,-3.65,1282262400.0
2010-08-19,2500.0,2500.0,2471.0,2477.2,2480.662673104956,21952.0,1275.0,54455507.0,4243.0,19.33,29.0,-22.8,1282176000.0
2010-08-18,2476.0,2488.0,2465.25,2472.8,2475.126498248202,16269.0,960.0,40267833.0,2934.0,18.03,22.75,-3.2,1282089600.0
2010-08-17,2475.05,2491.8,2464.5,2474.9,2477.1695338362188,18427.0,1180.0,45646803.0,4481.0,24.32,27.3,-0.15,1282003200.0
2010-08-16,2509.4,2510.0,2461.0,2472.5,2480.0849029922506,35358.0,1856.0,87690842.0,12166.0,34.41,49.0,-36.9,1281916800.0
2010-08-13,2528.0,2534.7,2485.3,2494.8,2514.605948351677,37523.0,1862.0,94355559.0,15112.0,40.27,49.4,-33.2,1281657600.0
2010-08-12,2475.0,2503.5,2475.0,2495.95,2494.8281802556453,101234.0,1499.0,252561436.0,4167.0,4.12,28.5,20.95,1281571200.0
2010-08-11,2505.0,2525.0,2482.0,2487.5,2494.9624220837045,33690.0,1916.0,84055284.0,11991.0,35.59,43.0,-17.5,1281484800.0
2010-08-10,2525.0,2540.1,2490.0,2501.05,2514.791758132109,30066.0,1610.0,75609729.0,6834.0,22.73,50.1,-23.95,1281398400.0
2010-08-09,2515.0,2538.0,2501.3,2525.1,2525.4226487920882,29017.0,1751.0,73280189.0,7102.0,24.48,36.7,10.1,1281312000.0
2010-08-06,2508.0,2544.9,2499.0,2506.65,2522.265971498088,28770.0,1916.0,72565592.0,5247.0,18.24,45.9,-1.35,1281052800.0
2010-08-05,2525.0,2546.8,2505.0,2517.4,2525.4202935929675,46527.0,3035.0,117500230.0,11865.0,25.5,41.8,-7.6,1280966400.0
2010-08-04,2475.0,2528.35,2466.0,2518.25,2512.692526704562,100451.0,4637.0,252402477.0,41600.0,41.41,62.35,43.25,1280880000.0
2010-08-03,2472.0,2472.0,2444.0,2464.65,2458.5737415052936,46941.0,1467.0,115407910.0,22907.0,48.8,28.0,-7.35,1280793600.0
2010-08-02,2451.0,2474.75,2441.0,2452.5,2458.847590165168,39899.0,1960.0,98105560.0,14643.0,36.7,33.75,1.5,1280707200.0
2010-07-30,2455.1,2471.0,2432.3,2438.9,2447.341448507691,29451.0,1086.0,72076653.0,15893.0,53.96,38.7,-16.2,1280448000.0
2010-07-29,2448.2,2470.0,2440.0,2461.2,2457.7728225919195,21459.0,1378.0,52741347.0,6549.0,30.52,30.0,13.0,1280361600.0
2010-07-28,2452.85,2466.9,2435.1,2454.4,2454.395778559526,27005.0,1523.0,66280958.0,9213.0,34.12,31.8,1.55,1280275200.0
2010-07-27,2471.0,2473.3,2432.15,2448.25,2447.319998401407,25022.0,1702.0,61236841.0,7828.0,31.28,41.15,-22.75,1280188800.0
2010-07-26,2468.4,2476.0,2435.0,2461.45,2463.865585068813,46721.0,2295.0,115114264.0,14808.0,31.69,41.0,-6.95,1280102400.0
2010-07-23,2440.0,2466.2,2418.0,2460.45,2447.137045473485,143996.0,7409.0,352377946.0,30913.0,21.47,48.2,20.45,1279843200.0
2010-07-22,2415.0,2427.4,2391.1,2418.5,2408.319159689348,59359.0,2609.0,142955417.0,22773.0,38.36,36.3,3.5,1279756800.0
2010-07-21,2424.0,2439.0,2402.1,2406.6,2416.746915383751,44495.0,2348.0,107533154.0,13512.0,30.37,36.9,-17.4,1279670400.0
2010-07-20,2425.0,2438.0,2404.0,2414.7,2417.713095974106,54994.0,1897.0,132959714.0,32095.0,58.36,34.0,-10.3,1279584000.0
2010-07-19,2430.05,2459.0,2410.0,2415.0,2436.608745832265,38990.0,2276.0,95003375.0,5846.0,14.99,49.0,-15.05,1279497600.0
2010-07-16,2438.5,2459.0,2427.1,2438.7,2439.634422319596,18029.0,1083.0,43984169.0,3641.0,20.2,31.9,0.2,1279238400.0
2010-07-15,2421.0,2480.0,2400.1,2438.5,2443.2353223898253,27048.0,1627.0,66084629.0,4586.0,16.96,79.9,17.5,1279152000.0
2010-07-14,2473.75,2495.0,2455.1,2464.1,2477.3010000319496,31299.0,1784.0,77537044.0,5084.0,16.24,39.9,-9.65,1279065600.0
2010-07-13,2436.05,2479.8,2429.25,2473.75,2462.3229081996324,79967.0,3088.0,196904576.0,48201.0,60.28,50.55,37.7,1278979200.0
2010-07-12,2403.5,2446.45,2403.5,2443.3,2432.258631456865,56045.0,3235.0,136315935.0,12698.0,22.66,42.95,39.8,1278892800.0
2010-07-09,2397.65,2410.0,2372.0,2392.75,2398.0003885129668,30887.0,1747.0,74067038.0,8568.0,27.74,38.0,-4.9,1278633600.0
2010-07-08,2390.0,2405.9,2372.0,2384.9,2387.617723979911,43207.0,1990.0,103161799.0,10334.0,23.92,33.9,-5.1,1278547200.0
2010-07-07,2371.0,2393.5,2363.0,2371.15,2374.9827287246176,43830.0,2351.0,104095493.0,9335.0,21.3,30.5,0.15,1278460800.0
2010-07-06,2361.0,2383.2,2359.0,2370.0,2373.371158356889,66508.0,2191.0,157848169.0,41095.0,61.79,24.2,9.0,1278374400.0
2010-07-05,2401.1,2424.0,2352.0,2359.75,2368.92239262994,37883.0,2357.0,89741887.0,15176.0,40.06,72.0,-41.35,1278288000.0
2010-07-02,2425.0,2454.8,2382.0,2390.2,2412.745600424245,101828.0,3901.0,245685059.0,40042.0,39.32,72.8,-34.8,1278028800.0
2010-07-01,2439.1,2444.5,2407.0,2430.45,2424.6042386277154,51243.0,2578.0,124243995.0,19541.0,38.13,37.5,-8.65,1277942400.0
2010-06-30,2425.1,2468.0,2421.85,2460.7,2457.0958558278635,51494.0,2299.0,126525694.0,17051.0,33.11,46.15,35.6,1277856000.0
2010-06-29,2456.8,2475.0,2430.1,2439.0,2447.943853581208,34695.0,2050.0,84931412.0,8811.0,25.4,44.9,-17.8,1277769600.0
2010-06-28,2450.0,2484.0,2450.0,2477.5,2476.637303538817,69543.0,2507.0,172232788.0,39100.0,56.22,34.0,27.5,1277683200.0
2010-06-25,2440.0,2473.95,2428.0,2450.9,2458.462175920445,50682.0,2898.0,124599780.0,9278.0,18.31,45.95,10.9,1277424000.0
2010-06-24,2438.0,2457.0,2408.0,2447.2,2438.2183929833027,58033.0,3446.0,141497128.0,15684.0,27.03,49.0,9.2,1277337600.0
2010-06-23,2425.0,2457.95,2419.0,2435.9,2442.7813942804637,43535.0,2308.0,106346488.0,8926.0,20.5,38.95,10.9,1277251200.0
2010-06-22,2440.0,2454.95,2428.1,2433.95,2439.869117043121,24350.0,1569.0,59410813.0,4547.0,18.67,26.85,-6.05,1277164800.0
2010-06-21,2427.0,2467.0,2427.0,2458.65,2454.4497474982186,64554.0,3944.0,158444549.0,26473.0,41.01,40.0,31.65,1277078400.0
2010-06-18,2388.7,2424.8,2366.5,2416.2,2406.3633236991227,96531.0,4453.0,232288658.0,26512.0,27.46,58.3,27.5,1276819200.0
2010-06-17,2395.0,2395.9,2363.1,2383.05,2375.278069950724,66361.0,2791.0,157625828.0,26593.0,40.07,32.8,-11.95,1276732800.0
2010-06-16,2404.0,2414.5,2379.45,2390.05,2392.896042971407,42633.0,2374.0,102016337.0,13185.0,30.93,35.05,-13.95,1276646400.0
2010-06-15,2385.0,2410.0,2370.0,2401.0,2389.4347037591338,56795.0,2183.0,135707944.0,26685.0,46.98,40.0,16.0,1276560000.0
2010-06-14,2396.0,2410.0,2347.0,2385.7,2388.852588660245,36544.0,2594.0,87298229.0,3284.0,8.99,63.0,-10.3,1276473600.0
2010-06-11,2349.0,2399.0,2337.05,2392.3,2382.355943497898,121553.0,5537.0,289582512.0,47189.0,38.82,61.95,43.3,1276214400.0
2010-06-10,2310.0,2342.0,2295.0,2330.4,2325.895557338305,92242.0,4369.0,214545258.0,44616.0,48.37,47.0,20.4,1276128000.0
2010-06-09,2283.0,2317.65,2263.0,2293.35,2287.4366598933443,104823.0,2817.0,239775973.0,63812.0,60.88,54.65,10.35,1276041600.0
2010-06-08,2274.0,2308.5,2265.0,2277.55,2291.84607339506,65018.0,3008.0,149011248.0,23710.0,36.47,43.5,3.55,1275955200.0
2010-06-07,2300.0,2300.0,2251.0,2275.9,2269.453661417889,69413.0,4098.0,157529587.0,21946.0,31.62,49.0,-24.1,1275868800.0
2010-06-04,2345.0,2345.0,2316.1,2331.25,2331.935671039354,23784.0,1642.0,55462758.0,2489.0,10.47,28.9,-13.75,1275609600.0
2010-06-03,2326.3,2346.9,2326.3,2343.05,2339.886279164194,32017.0,1796.0,74916139.0,8984.0,28.06,20.6,16.75,1275523200.0
2010-06-02,2316.0,2335.0,2283.05,2321.45,2303.8213297911057,54956.0,2830.0,126608805.0,14656.0,26.67,51.95,5.45,1275436800.0
2010-06-01,2350.0,2355.0,2311.1,2315.5,2322.722712694417,57994.0,2314.0,134703981.0,23168.0,39.95,43.9,-34.5,1275350400.0
2010-05-31,2339.0,2366.4,2313.2,2356.65,2337.317189925017,53479.0,2927.0,124997386.0,20042.0,37.48,53.2,17.65,1275264000.0
2010-05-28,2314.0,2334.6,2304.25,2319.0,2320.8973820278493,85677.0,2896.0,198847525.0,44860.0,52.36,30.35,5.0,1275004800.0
2010-05-27,2275.0,2334.7,2260.0,2298.65,2299.1165076246866,182237.0,6132.0,418984095.0,86115.0,47.25,74.7,23.65,1274918400.0
2010-05-26,2280.0,2308.8,2231.55,2254.9,2263.966577602411,128746.0,6241.0,291476641.0,47638.0,37.0,77.25,-25.1,1274832000.0
2010-05-25,2289.7,2289.7,2251.0,2262.95,2262.685973927438,57992.0,3526.0,131217685.0,22949.0,39.57,38.7,-26.75,1274745600.0
2010-05-24,2330.0,2335.0,2286.5,2301.1,2311.0627164133443,71911.0,2757.0,166190831.0,32169.0,44.73,48.5,-28.9,1274659200.0
2010-05-21,2280.0,2301.8,2255.0,2292.3,2283.248794672777,92506.0,2852.0,211214213.0,49058.0,53.03,46.8,12.3,1274400000.0
2010-05-20,2300.0,2310.0,2280.0,2297.95,2293.0890735220732,74141.0,2374.0,170011917.0,41457.0,55.92,30.0,-2.05,1274313600.0
2010-05-19,2310.0,2329.0,2285.0,2290.3,2298.893867215166,103069.0,3994.0,236944692.0,36219.0,35.14,44.0,-19.7,1274227200.0
2010-05-18,2323.55,2350.0,2283.65,2332.25,2317.197381239665,111885.0,5485.0,259259629.0,46414.0,41.48,66.35,8.7,1274140800.0
2010-05-17,2360.0,2360.0,2278.55,2317.4,2301.3602651477736,91119.0,5120.0,209697646.0,29890.0,32.8,81.45,-42.6,1274054400.0
2010-05-14,2370.0,2404.0,2351.0,2362.35,2380.6613644914514,47842.0,2575.0,113895601.0,14557.0,30.43,53.0,-7.65,1273795200.0
2010-05-13,2392.0,2402.0,2370.0,2380.4,2383.942507296307,45571.0,2587.0,108638644.0,8233.0,18.07,32.0,-11.6,1273708800.0
2010-05-12,2375.1,2407.0,2358.0,2370.15,2377.8049040319243,55383.0,4464.0,131689969.0,13981.0,25.24,49.0,-4.95,1273622400.0
2010-05-11,2453.0,2459.0,2388.05,2401.7,2418.9735882268315,118167.0,4945.0,285842852.0,66055.0,55.9,70.95,-51.3,1273536000.0
2010-05-10,2417.0,2454.85,2405.0,2441.0,2432.2457869484037,42309.0,3411.0,102905887.0,19130.0,45.21,49.85,24.0,1273449600.0
2010-05-07,2375.0,2401.0,2355.55,2386.8,2382.214631504669,60937.0,3114.0,145165013.0,15850.0,26.01,45.45,11.8,1273190400.0
2010-05-06,2445.55,2445.55,2402.8,2412.05,2412.761945672773,79150.0,4120.0,190970108.0,37650.0,47.57,42.75,-33.5,1273104000.0
2010-05-05,2425.0,2460.0,2414.55,2445.85,2430.185249389331,38073.0,2319.0,92524443.0,7613.0,20.0,45.45,20.85,1273017600.0
2010-05-04,2484.0,2492.5,2439.0,2456.7,2474.203941930358,124609.0,2754.0,308308079.0,78861.0,63.29,53.5,-27.3,1272931200.0
2010-05-03,2475.0,2488.0,2460.2,2467.5,2471.616269580097,37985.0,1915.0,93884344.0,13496.0,35.53,27.8,-7.5,1272844800.0
2010-04-30,2508.3,2535.0,2475.0,2492.1,2511.361680048064,54927.0,3315.0,137941563.0,7142.0,13.0,60.0,-16.2,1272585600.0
2010-04-29,2477.0,2505.0,2464.4,2498.45,2483.362558795861,74410.0,2480.0,184787008.0,30908.0,41.54,40.6,21.45,1272499200.0
2010-04-28,2455.35,2475.0,2434.8,2463.15,2458.1920227021915,57087.0,2723.0,140330808.0,13940.0,24.42,40.2,7.8,1272412800.0
2010-04-27,2512.25,2529.8,2470.0,2475.35,2504.1373217772784,74766.0,4239.0,187224331.0,12437.0,16.63,59.8,-36.9,1272326400.0
2010-04-26,2480.0,2514.5,2480.0,2504.05,2502.893382617671,41663.0,2571.0,104278047.0,7469.0,17.93,34.5,24.05,1272240000.0
2010-04-23,2466.0,2494.5,2450.0,2481.55,2477.42498215733,82667.0,3562.0,204801291.0,36797.0,44.51,44.5,15.55,1271980800.0
2010-04-22,2456.0,2478.0,2424.25,2465.8,2448.997447485145,71694.0,4871.0,175578423.0,9353.0,13.05,53.75,9.8,1271894400.0
2010-04-21,2516.0,2519.0,2454.2,2462.65,2484.873086552517,59513.0,3750.0,147882252.0,11538.0,19.39,64.8,-53.35,1271808000.0
2010-04-20,2490.0,2518.0,2476.0,2497.65,2499.373571633649,69660.0,3049.0,174106363.0,32855.0,47.16,42.0,7.65,1271721600.0
2010-04-19,2474.0,2493.9,2442.0,2471.1,2464.231507520833,38759.0,2758.0,95511149.0,6273.0,16.18,51.9,-2.9,1271635200.0
2010-04-16,2529.1,2531.0,2486.0,2492.5,2505.704477418729,61799.0,2732.0,154850031.0,26408.0,42.73,45.0,-36.6,1271376000.0
2010-04-15,2569.9,2583.9,2515.0,2530.1,2561.202220418875,57917.0,3259.0,148337149.0,15583.0,26.91,68.9,-39.8,1271289600.0
2010-04-13,2535.0,2564.0,2533.0,2559.55,2550.2537807372933,49858.0,2582.0,127150553.0,12374.0,24.82,31.0,24.55,1271116800.0
2010-04-12,2565.15,2585.0,2523.3,2530.8,2543.352836582011,59614.0,3202.0,151619436.0,7029.0,11.79,61.7,-34.35,1271030400.0
2010-04-09,2497.4,2570.0,2497.4,2563.75,2554.470836014743,102558.0,5075.0,261981420.0,30010.0,29.26,72.6,66.35,1270771200.0
2010-04-08,2524.35,2533.0,2485.05,2494.25,2509.144296509536,52801.0,2663.0,132485328.0,10750.0,20.36,47.95,-30.1,1270684800.0
2010-04-07,2530.0,2559.5,2501.0,2535.5,2541.592955879104,81458.0,4342.0,207033079.0,15783.0,19.38,58.5,5.5,1270598400.0
2010-04-06,2463.3,2535.0,2460.1,2528.6,2513.751472974752,136798.0,7267.0,343876174.0,41499.0,30.34,74.9,65.3,1270512000.0
2010-04-05,2425.0,2468.0,2407.1,2459.7,2437.391585811492,63488.0,3582.0,154745117.0,15207.0,23.95,60.9,34.7,1270425600.0
2010-04-01,2398.0,2428.0,2382.3,2419.1,2404.9547024879744,106231.0,5861.0,255480743.0,19603.0,18.45,45.7,21.1,1270080000.0
2010-03-31,2415.75,2433.0,2372.0,2385.45,2403.4082770968184,72610.0,4495.0,174511475.0,14518.0,19.99,61.0,-30.3,1269993600.0
2010-03-30,2395.0,2418.0,2380.5,2409.5,2404.521074928324,116845.0,3244.0,280956265.0,62338.0,53.35,37.5,14.5,1269907200.0
2010-03-29,2377.0,2406.5,2368.15,2386.0,2390.752799926959,65716.0,2929.0,157110711.0,27309.0,41.56,38.35,9.0,1269820800.0
2010-03-26,2385.0,2403.0,2347.0,2359.0,2375.01496777013,64071.0,3328.0,152169584.0,17567.0,27.42,56.0,-26.0,1269561600.0
2010-03-25,2356.0,2398.8,2323.0,2379.4,2364.7736231220388,56777.0,2963.0,134264752.0,13426.0,23.65,75.8,23.4,1269475200.0
2010-03-23,2357.9,2370.0,2344.25,2355.3,2356.3964532199825,43758.0,1651.0,103111196.0,17491.0,39.97,25.75,-2.6,1269302400.0
2010-03-22,2360.0,2371.0,2330.0,2336.7,2346.162753852801,41658.0,2636.0,97736448.0,8699.0,20.88,41.0,-23.3,1269216000.0
2010-03-19,2365.0,2401.0,2365.0,2372.8,2389.385558029493,297771.0,3001.0,711489727.0,154114.0,51.76,36.0,7.8,1268956800.0
2010-03-18,2378.1,2395.0,2375.0,2379.05,2381.461927102129,30481.0,1347.0,72589341.0,7179.0,23.55,20.0,0.95,1268870400.0
2010-03-17,2388.0,2401.0,2372.5,2378.55,2390.281919035628,98883.0,2835.0,236358247.0,47128.0,47.66,28.5,-9.45,1268784000.0
2010-03-16,2369.0,2386.95,2355.0,2379.65,2372.491674717281,52791.0,2022.0,125246208.0,23616.0,44.73,31.95,10.65,1268697600.0
2010-03-15,2380.0,2389.0,2359.1,2367.25,2373.168572093597,73037.0,3001.0,173329113.0,29663.0,40.61,29.9,-12.75,1268611200.0
2010-03-12,2434.8,2438.7,2375.0,2382.5,2396.4820885215477,92678.0,4103.0,222101167.0,13039.0,14.07,63.7,-52.3,1268352000.0
2010-03-11,2432.0,2440.0,2412.0,2423.75,2424.785718945011,45991.0,2063.0,111518320.0,7498.0,16.3,28.0,-8.25,1268265600.0
2010-03-10,2425.0,2456.0,2392.25,2432.55,2436.4652873866157,91062.0,3404.0,221869402.0,42830.0,47.03,63.75,7.55,1268179200.0
2010-03-09,2427.0,2448.0,2411.55,2420.05,2434.602852819928,91208.0,2564.0,222055257.0,51926.0,56.93,36.45,-6.95,1268092800.0
2010-03-08,2439.9,2460.0,2416.35,2426.25,2436.1176808152763,50535.0,2207.0,123109207.0,16216.0,32.09,43.65,-13.65,1268006400.0
2010-03-05,2460.0,2474.0,2420.0,2426.55,2443.7062327542308,84441.0,3751.0,206348998.0,25943.0,30.72,54.0,-33.45,1267747200.0
2010-03-04,2454.8,2454.8,2415.0,2447.05,2440.3713219394213,62431.0,2780.0,152354822.0,15889.0,25.45,39.8,-7.75,1267660800.0
2010-03-03,2445.05,2466.0,2431.2,2454.8,2453.078070806289,109849.0,4600.0,269468173.0,38268.0,34.84,34.8,9.75,1267574400.0
2010-03-02,2365.0,2448.0,2365.0,2430.0,2425.851236444752,135833.0,5687.0,329510651.0,44499.0,32.76,83.0,65.0,1267488000.0
2010-02-26,2378.2,2410.0,2340.0,2352.15,2381.808750410289,82259.0,3504.0,195925206.0,21748.0,26.44,70.0,-26.05,1267142400.0
2010-02-25,2361.5,2384.0,2327.0,2375.2,2361.683969857453,42863.0,2590.0,101228860.0,4040.0,9.43,57.0,13.7,1267056000.0
2010-02-24,2373.0,2376.55,2342.0,2353.2,2355.123350150732,64021.0,2316.0,150777352.0,16888.0,26.38,34.55,-19.8,1266969600.0
2010-02-23,2331.0,2385.0,2331.0,2376.55,2371.9288794734052,52868.0,2160.0,125399136.0,19559.0,37.0,54.0,45.55,1266883200.0
2010-02-22,2375.0,2391.0,2340.0,2351.5,2359.7858148421265,59668.0,1834.0,140803700.0,32080.0,53.76,51.0,-23.5,1266796800.0
2010-02-19,2368.5,2389.0,2341.3,2354.0,2355.078349630629,65246.0,1864.0,153659442.0,31142.0,47.73,47.7,-14.5,1266537600.0
2010-02-18,2401.65,2401.65,2362.3,2373.7,2376.251045564605,27258.0,1523.0,64771851.0,4735.0,17.37,39.35,-27.95,1266451200.0
2010-02-17,2341.0,2405.0,2341.0,2394.25,2393.1775979309546,68824.0,2692.0,164708055.0,26828.0,38.98,64.0,53.25,1266364800.0
2010-02-16,2359.0,2410.0,2355.25,2378.7,2376.7336492481727,92641.0,3536.0,220182982.0,39240.0,42.36,54.75,19.7,1266278400.0
2010-02-15,2333.0,2368.0,2333.0,2352.5,2353.553963967044,58502.0,3743.0,137687614.0,16584.0,28.35,35.0,19.5,1266192000.0
2010-02-11,2310.0,2343.25,2304.0,2319.7,2322.041837234137,89896.0,4389.0,208742273.0,44563.0,49.57,39.25,9.7,1265846400.0
2010-02-10,2341.0,2346.35,2290.0,2302.1,2311.3463111818546,62825.0,3961.0,145210332.0,6572.0,10.46,56.35,-38.9,1265760000.0
2010-02-09,2332.0,2347.95,2313.0,2331.75,2334.779873934659,45056.0,2286.0,105195842.0,4848.0,10.76,34.95,-0.25,1265673600.0
2010-02-08,2306.0,2344.95,2271.4,2330.2,2305.6075459150743,51127.0,3516.0,117878797.0,7849.0,15.35,73.55,24.2,1265587200.0
2010-02-06,2305.0,2324.0,2305.0,2313.4,2313.5889466426224,9427.0,561.0,21810203.0,1712.0,18.16,19.0,8.4,1265414400.0
2010-02-05,2349.7,2360.0,2285.0,2295.05,2309.8786618332792,129102.0,4860.0,298209955.0,61797.0,47.87,75.0,-54.65,1265328000.0
2010-02-04,2377.7,2397.5,2370.0,2379.5,2382.3399372545146,40481.0,2020.0,96439503.0,9455.0,23.36,27.5,1.8,1265241600.0
2010-02-03,2387.55,2412.0,2379.0,2390.9,2397.350648008433,48379.0,2599.0,115981427.0,9256.0,19.13,33.0,3.35,1265155200.0
2010-02-02,2425.0,2425.0,2368.5,2379.35,2401.041677030993,160808.0,5174.0,386106710.0,88828.0,55.24,56.5,-45.65,1265068800.0
2010-02-01,2400.0,2435.0,2377.0,2404.35,2416.1124127523112,106020.0,4586.0,256156238.0,47937.0,45.22,58.0,4.35,1264982400.0
2010-01-29,2326.0,2416.0,2300.0,2406.45,2374.8126227140697,123254.0,6575.0,292705155.0,36327.0,29.47,116.0,80.45,1264723200.0
2010-01-28,2346.0,2378.0,2326.8,2334.15,2346.521898706963,65118.0,3398.0,152800813.0,18793.0,28.86,51.2,-11.85,1264636800.0
2010-01-27,2358.0,2381.7,2320.0,2343.6,2351.458036624048,173711.0,4173.0,408474127.0,100987.0,58.14,61.7,-14.4,1264550400.0
2010-01-25,2385.0,2398.5,2361.0,2379.8,2379.576541698249,257265.0,5702.0,612181759.0,203139.0,78.96,37.5,-5.2,1264377600.0
2010-01-22,2279.0,2385.0,2240.0,2372.2,2332.901880577985,225888.0,10424.0,526974540.0,61315.0,27.14,145.0,93.2,1264118400.0
2010-01-21,2394.4,2410.0,2275.0,2297.4,2343.8265817957817,136364.0,6243.0,319613568.0,39841.0,29.22,135.0,-97.0,1264032000.0
2010-01-20,2395.0,2419.0,2375.15,2396.0,2395.840559861952,36509.0,2039.0,87469743.0,6277.0,17.19,43.85,1.0,1263945600.0
2010-01-19,2380.0,2426.0,2360.5,2396.9,2403.822811778429,84018.0,4356.0,201964385.0,16242.0,19.33,65.5,16.9,1263859200.0
2010-01-18,2389.0,2405.0,2365.0,2376.55,2387.371376929378,76903.0,3860.0,183596021.0,12282.0,15.97,40.0,-12.45,1263772800.0
2010-01-15,2380.0,2385.0,2353.0,2371.2,2369.555163689335,39129.0,1805.0,92718324.0,13311.0,34.02,32.0,-8.8,1263513600.0
2010-01-14,2337.3,2386.0,2332.0,2376.15,2349.421471816366,126687.0,3403.0,297641158.0,69135.0,54.57,54.0,38.85,1263427200.0
2010-01-13,2340.0,2349.0,2323.0,2332.1,2333.682576441273,176181.0,3214.0,411150530.0,109838.0,62.34,26.0,-7.9,1263340800.0
2010-01-12,2413.0,2413.0,2350.5,2356.0,2360.387714687889,186841.0,4069.0,441017201.0,105041.0,56.22,62.5,-57.0,1263254400.0
2010-01-11,2434.35,2448.0,2391.0,2400.15,2407.704365623616,47393.0,2606.0,114108333.0,8881.0,18.74,57.0,-34.2,1263168000.0
2010-01-08,2425.0,2442.0,2410.0,2423.2,2426.837564379972,32813.0,1770.0,79631821.0,5826.0,17.76,32.0,-1.8,1262908800.0
2010-01-07,2423.0,2434.0,2385.0,2406.05,2401.7981259496883,59230.0,2698.0,142258503.0,9342.0,15.77,49.0,-16.95,1262822400.0
2010-01-06,2448.7,2454.0,2394.0,2421.95,2419.32808846996,53894.0,2830.0,130387268.0,4663.0,8.65,60.0,-26.75,1262736000.0
2010-01-05,2435.0,2447.0,2420.05,2433.3,2432.359851656897,50154.0,2319.0,121992576.0,18333.0,36.55,26.95,-1.7,1262649600.0
2010-01-04,2410.0,2434.7,2405.5,2423.1,2420.9177910576723,69445.0,3355.0,168120636.0,23178.0,33.38,29.2,13.1,1262563200.0
2009-12-31,2374.4,2417.0,2370.0,2406.1,2395.3433576735847,93672.0,4811.0,224376603.0,28903.0,30.86,47.0,31.7,1262217600.0
2009-12-30,2388.7,2389.8,2354.15,2361.7,2365.9018242356037,42648.0,2099.0,100900981.0,6342.0,14.87,35.65,-27.0,1262131200.0
2009-12-29,2368.0,2385.0,2348.2,2375.3,2371.52539869501,53487.0,2589.0,126845779.0,14856.0,27.77,36.8,7.3,1262044800.0
2009-12-24,2354.0,2386.5,2354.0,2369.1,2372.831577383532,80773.0,3994.0,191660725.0,13107.0,16.23,32.5,15.1,1261612800.0
2009-12-23,2295.0,2359.0,2290.0,2354.85,2331.305474576913,105652.0,5020.0,246307086.0,23600.0,22.34,69.0,59.85,1261526400.0
2009-12-22,2308.0,2308.0,2276.0,2287.3,2288.309163242252,61081.0,2527.0,139772212.0,15261.0,24.98,32.0,-20.7,1261440000.0
2009-12-21,2320.0,2334.0,2267.0,2288.25,2290.979649696066,83242.0,4514.0,190705728.0,14133.0,16.98,67.0,-31.75,1261353600.0
2009-12-18,2331.0,2357.0,2309.25,2319.65,2329.7246843979283,74144.0,3207.0,172735107.0,20632.0,27.83,47.75,-11.35,1261094400.0
2009-12-17,2320.0,2375.1,2320.0,2333.4,2352.781797574108,109403.0,3829.0,257401387.0,33849.0,30.94,55.1,13.4,1261008000.0
2009-12-16,2345.0,2389.7,2328.0,2340.3,2355.204628457343,82144.0,4168.0,193465929.0,14808.0,18.03,61.7,-4.7,1260921600.0
2009-12-15,2409.0,2415.0,2341.4,2354.6,2374.591979516435,89047.0,4655.0,211450292.0,13523.0,15.19,73.6,-54.4,1260835200.0
2009-12-14,2374.0,2427.0,2351.0,2409.8,2408.1652670426847,215415.0,10066.0,518754921.0,53135.0,24.67,76.0,35.8,1260748800.0
2009-12-11,2310.0,2372.0,2305.0,2364.0,2348.0358638156,311930.0,14188.0,732422827.0,79404.0,25.46,67.0,54.0,1260489600.0
2009-12-10,2234.0,2299.0,2228.5,2292.4,2270.317973756484,183512.0,7657.0,416630592.0,72180.0,39.33,70.5,58.4,1260403200.0
2009-12-09,2213.15,2247.0,2212.5,2230.45,2232.1322458609607,98332.0,3895.0,219490028.0,29032.0,29.52,34.5,17.3,1260316800.0
2009-12-08,2214.0,2229.0,2210.0,2221.6,2220.362441272136,44272.0,2034.0,98299886.0,11554.0,26.1,19.0,7.6,1260230400.0
2009-12-07,2210.0,2235.0,2201.0,2214.5,2214.9078056730355,100017.0,3580.0,221528434.0,44372.0,44.36,34.0,4.5,1260144000.0
2009-12-04,2200.0,2228.0,2191.0,2208.85,2207.643620246745,90701.0,4383.0,200235484.0,21421.0,23.62,37.0,8.85,1259884800.0
2009-12-03,2213.1,2218.0,2193.0,2205.25,2204.8652497321773,98946.0,4341.0,218162597.0,35522.0,35.9,25.0,-7.85,1259798400.0
2009-12-02,2243.9,2250.0,2190.0,2199.65,2202.339390327833,476584.0,7253.0,1049599716.0,389182.0,81.66,60.0,-44.25,1259712000.0
2009-12-01,2245.0,2258.0,2213.0,2230.25,2230.3472978552863,205855.0,5281.0,459128143.0,112479.0,54.64,45.0,-14.75,1259625600.0
2009-11-30,2242.0,2267.0,2232.0,2244.55,2248.5266910218093,45165.0,2637.0,101554708.0,6977.0,15.45,35.0,2.55,1259539200.0
2009-11-27,2220.0,2246.5,2198.0,2227.85,2223.097992336161,122132.0,3674.0,271511404.0,70616.0,57.82,48.5,7.85,1259280000.0
2009-11-26,2256.4,2260.0,2226.0,2244.1,2241.933752972147,94208.0,2947.0,211208095.0,38537.0,40.91,34.0,-12.3,1259193600.0
2009-11-25,2247.25,2262.95,2233.0,2256.4,2246.4701740791697,74851.0,3549.0,168150539.0,20057.0,26.8,29.95,9.15,1259107200.0
2009-11-24,2264.05,2265.0,2223.6,2235.05,2239.2720799494327,208832.0,4296.0,467631667.0,137349.0,65.77,41.4,-29.0,1259020800.0
2009-11-23,2275.0,2279.9,2239.0,2257.85,2259.193716117405,67697.0,2477.0,152940637.0,10416.0,15.39,40.9,-17.15,1258934400.0
2009-11-20,2251.0,2274.0,2233.5,2261.55,2256.186394501376,72309.0,3028.0,163142582.0,15053.0,20.82,40.5,10.55,1258675200.0
2009-11-19,2271.5,2276.0,2255.05,2262.8,2262.255520504732,60230.0,1948.0,136255650.0,22718.0,37.72,20.95,-8.7,1258588800.0
2009-11-18,2273.0,2288.6,2255.0,2275.2,2270.6127326221563,110802.0,3491.0,251588432.0,48719.0,43.97,33.6,2.2,1258502400.0
2009-11-17,2278.0,2289.0,2250.3,2279.5,2267.656949591072,91214.0,3385.0,206842061.0,42587.0,46.69,38.7,1.5,1258416000.0
2009-11-16,2290.0,2298.3,2267.0,2273.85,2283.732727898482,90073.0,3001.0,205702658.0,37827.0,42.0,31.3,-16.15,1258329600.0
2009-11-13,2266.0,2294.0,2261.0,2271.05,2275.6418270831946,60052.0,3274.0,136656843.0,9660.0,16.09,33.0,5.05,1258070400.0
2009-11-12,2258.0,2300.3,2221.25,2264.4,2273.6633133719447,122069.0,5545.0,277543807.0,29668.0,24.3,79.05,6.4,1257984000.0
2009-11-11,2230.0,2268.0,2205.0,2254.35,2229.551706449627,263178.0,5452.0,586768959.0,149214.0,56.7,63.0,24.35,1257897600.0
2009-11-10,2261.0,2275.0,2204.0,2215.85,2224.561050782674,90523.0,4359.0,201373940.0,19217.0,21.23,71.0,-45.15,1257811200.0
2009-11-09,2231.0,2250.0,2181.5,2242.55,2214.5550520881825,96663.0,5419.0,214065535.0,14193.0,14.68,68.5,11.55,1257724800.0
2009-11-06,2267.0,2267.0,2185.0,2221.55,2215.976478582605,160407.0,6846.0,355458139.0,50726.0,31.62,82.0,-45.45,1257465600.0
2009-11-05,2160.0,2227.5,2158.0,2217.55,2189.0603255964443,117446.0,4905.0,257096379.0,35904.0,30.57,69.5,57.55,1257379200.0
2009-11-04,2169.0,2175.0,2105.0,2164.2,2142.501909301704,116011.0,6199.0,248553789.0,20552.0,17.72,70.0,-4.8,1257292800.0
2009-11-03,2206.6,2247.5,2141.45,2153.5,2202.2423168473947,94525.0,4635.0,208166955.0,32987.0,34.9,106.05,-53.1,1257206400.0
2009-10-30,2265.0,2285.0,2184.9,2217.1,2237.132889321984,124171.0,6074.0,277787028.0,34058.0,27.43,100.1,-47.9,1256860800.0
2009-10-29,2291.0,2330.0,2227.0,2235.15,2258.703224843449,140689.0,6277.0,317774698.0,48666.0,34.59,103.0,-55.85,1256774400.0
2009-10-28,2333.0,2359.8,2285.5,2323.65,2324.921044511641,113431.0,4292.0,263718119.0,45695.0,40.28,74.3,-9.35,1256688000.0
2009-10-27,2340.0,2369.0,2324.0,2349.55,2338.996464074493,79470.0,3286.0,185880049.0,27524.0,34.63,45.0,9.55,1256601600.0
2009-10-26,2370.0,2395.0,2332.0,2347.35,2352.462258689408,89822.0,3948.0,211302865.0,24966.0,27.79,63.0,-22.65,1256515200.0
2009-10-23,2425.15,2462.95,2364.0,2384.3,2400.6322595319807,294561.0,10754.0,707132639.0,89739.0,30.47,98.95,-40.85,1256256000.0
2009-10-22,2423.0,2435.0,2395.0,2422.2,2413.575066966677,93330.0,3371.0,225258961.0,37804.0,40.51,40.0,-0.8,1256169600.0
2009-10-21,2450.0,2481.0,2428.0,2444.15,2445.5583310667457,91915.0,2942.0,224783494.0,41245.0,44.87,53.0,-5.85,1256083200.0
2009-10-20,2520.0,2523.0,2458.0,2468.35,2488.079320384368,73159.0,2851.0,182025395.0,28349.0,38.75,65.0,-51.65,1255996800.0
2009-10-17,2520.0,2550.0,2460.0,2500.75,2510.460004060501,19702.0,1364.0,49461083.0,5653.0,28.69,90.0,-19.25,1255737600.0
2009-10-16,2494.0,2528.8,2481.2,2517.15,2515.620788036129,73956.0,3120.0,186045251.0,23530.0,31.82,47.6,23.15,1255651200.0
2009-10-15,2510.0,2549.0,2475.0,2494.75,2521.162676873844,159365.0,6521.0,401785090.0,59357.0,37.25,74.0,-15.25,1255564800.0
2009-10-14,2450.0,2514.0,2433.0,2498.7,2497.674113539004,277790.0,5983.0,693828892.0,189942.0,68.38,81.0,48.7,1255478400.0
2009-10-12,2446.0,2446.0,2372.0,2424.2,2411.5657280853698,158182.0,6429.0,381466290.0,51942.0,32.84,74.0,-21.8,1255305600.0
2009-10-09,2508.0,2522.0,2406.9,2429.25,2455.8867224049977,66262.0,3294.0,162731966.0,15669.0,23.65,115.1,-78.75,1255046400.0
2009-10-08,2460.0,2517.5,2369.0,2482.75,2493.542765201953,135180.0,7245.0,337077111.0,19625.0,14.52,148.5,22.75,1254960000.0
2009-10-07,2445.0,2525.0,2430.3,2454.35,2485.21853483058,265198.0,13485.0,659074985.0,79761.0,30.08,94.7,9.35,1254873600.0
2009-10-06,2364.0,2430.0,2315.0,2417.1,2378.4643162514967,140344.0,7883.0,333803196.0,38087.0,27.14,115.0,53.1,1254787200.0
2009-10-05,2345.0,2389.0,2311.0,2339.2,2355.8211771024785,119157.0,6187.0,280712584.0,21606.0,18.13,78.0,-5.8,1254700800.0
2009-10-01,2321.0,2369.95,2309.0,2349.95,2345.723158724677,153467.0,8050.0,359991096.0,40251.0,26.23,60.95,28.95,1254355200.0
2009-09-30,2279.0,2334.0,2279.0,2325.15,2314.598010960304,140872.0,6554.0,326062051.0,47252.0,33.54,55.0,46.15,1254268800.0
2009-09-29,2260.0,2282.4,2241.3,2272.9,2262.787058666489,59932.0,2934.0,135613354.0,10259.0,17.12,41.1,12.9,1254182400.0
2009-09-25,2245.0,2268.5,2232.0,2245.6,2247.573879648964,68483.0,2572.0,153920602.0,12168.0,17.77,36.5,0.6,1253836800.0
2009-09-24,2255.0,2275.0,2222.0,2249.75,2238.7866330363386,91584.0,3486.0,205037035.0,33764.0,36.87,53.0,-5.25,1253750400.0
2009-09-23,2282.0,2288.0,2261.2,2272.05,2274.781946376777,42407.0,2312.0,96466678.0,9401.0,22.17,26.8,-9.95,1253664000.0
2009-09-22,2285.0,2305.0,2257.0,2282.1,2291.2313682862546,67157.0,3461.0,153872225.0,15988.0,23.81,48.0,-2.9,1253577600.0
2009-09-18,2275.6,2288.5,2255.05,2275.05,2273.8047848028136,58853.0,3446.0,133820233.0,7606.0,12.92,33.45,-0.55,1253232000.0
2009-09-17,2294.0,2314.9,2265.2,2275.6,2286.9451799910807,130062.0,6300.0,297444664.0,31920.0,24.54,49.7,-18.4,1253145600.0
2009-09-16,2290.0,2304.9,2252.0,2278.0,2278.9418713816303,204512.0,7860.0,466070960.0,75752.0,37.04,52.9,-12.0,1253059200.0
2009-09-15,2267.0,2288.8,2260.0,2267.85,2271.9621495745637,55825.0,3148.0,126832287.0,9565.0,17.13,28.8,0.85,1252972800.0
2009-09-14,2257.0,2274.0,2240.0,2256.1,2259.9372604375917,92095.0,3855.0,208128922.0,29589.0,32.13,34.0,-0.9,1252886400.0
2009-09-11,2278.8,2282.4,2241.0,2257.0,2255.520742326635,104159.0,3939.0,234932785.0,28994.0,27.84,41.4,-21.8,1252627200.0
2009-09-10,2252.0,2290.0,2250.75,2263.65,2273.77593787086,162629.0,8779.0,369781907.0,24732.0,15.21,39.25,11.65,1252540800.0
2009-09-09,2239.7,2285.0,2226.0,2236.8,2248.6030228223085,297735.0,7814.0,669487821.0,153826.0,51.67,59.0,-2.9,1252454400.0
2009-09-08,2235.0,2252.9,2225.0,2239.75,2239.44091596106,123062.0,6130.0,275590078.0,22113.0,17.97,27.9,4.75,1252368000.0
2009-09-07,2230.0,2250.0,2217.0,2225.85,2234.4932188272933,108757.0,3748.0,243016779.0,44405.0,40.83,33.0,-4.15,1252281600.0
2009-09-04,2210.0,2222.0,2193.1,2212.75,2211.391505767004,252124.0,5451.0,557544872.0,158893.0,63.02,28.9,2.75,1252022400.0
2009-09-03,2212.0,2232.0,2180.0,2196.65,2206.0566487312008,141433.0,6898.0,312009210.0,29762.0,21.04,52.0,-15.35,1251936000.0
2009-09-02,2261.2,2278.0,2195.0,2201.2,2225.45867109402,199969.0,7426.0,445022745.0,86679.0,43.35,83.0,-60.0,1251849600.0
2009-09-01,2320.0,2332.5,2250.3,2261.2,2287.917524474349,214306.0,6066.0,490314453.0,109630.0,51.16,82.2,-58.8,1251763200.0
2009-08-31,2300.0,2332.0,2290.0,2314.7,2311.555321889112,61341.0,3474.0,141793115.0,9899.0,16.14,42.0,14.7,1251676800.0
2009-08-28,2340.0,2358.5,2290.25,2330.2,2323.1348095897133,111995.0,5073.0,260179483.0,27074.0,24.17,68.25,-9.8,1251417600.0
2009-08-27,2304.0,2342.0,2275.0,2329.0,2314.8733889516448,73477.0,4255.0,170089952.0,11840.0,16.11,67.0,25.0,1251331200.0
2009-08-26,2310.0,2328.5,2279.0,2298.25,2298.0664440382448,142240.0,5324.0,326876971.0,59149.0,41.58,49.5,-11.75,1251244800.0
2009-08-25,2315.0,2347.85,2277.0,2302.4,2308.946492794447,159044.0,5867.0,367224086.0,60467.0,38.02,70.85,-12.6,1251158400.0
2009-08-24,2325.0,2359.0,2312.0,2343.55,2342.5497061787,147879.0,7156.0,346413908.0,42748.0,28.91,47.0,18.55,1251072000.0
2009-08-21,2232.0,2315.0,2211.6,2297.8,2284.195634452869,170517.0,9254.0,389494187.0,27604.0,16.19,103.4,65.8,1250812800.0
2009-08-20,2233.0,2258.7,2230.0,2251.1,2246.7297227092668,76995.0,3805.0,172986955.0,18781.0,24.39,28.7,18.1,1250726400.0
2009-08-19,2250.0,2272.0,2196.0,2213.45,2227.4051295242884,171049.0,8264.0,380995420.0,37039.0,21.65,76.0,-36.55,1250640000.0
2009-08-18,2160.0,2250.0,2120.0,2243.25,2222.947535037724,158258.0,7538.0,351799231.0,37517.0,23.71,130.0,83.25,1250553600.0
2009-08-17,2115.1,2224.9,2115.1,2183.0,2196.2831348677028,164932.0,6736.0,362237370.0,42362.0,25.68,109.8,67.9,1250467200.0
2009-08-14,2250.0,2250.0,2190.0,2201.3,2209.0361015859407,93320.0,3960.0,206147249.0,21514.0,23.05,60.0,-48.7,1250208000.0
2009-08-13,2177.0,2233.9,2177.0,2224.25,2212.797164817968,152089.0,5836.0,336542108.0,46225.0,30.39,56.9,47.25,1250121600.0
2009-08-12,2135.0,2170.0,2106.0,2160.0,2137.225810147444,113467.0,6079.0,242504601.0,19727.0,17.39,64.0,25.0,1250035200.0
2009-08-11,2174.0,2174.0,2115.0,2148.4,2146.619922655329,78092.0,4121.0,167633843.0,13411.0,17.17,59.0,-25.6,1249948800.0
2009-08-10,2210.0,2215.0,2136.0,2148.8,2163.3995533515063,121796.0,5714.0,263493412.0,26085.0,21.42,79.0,-61.2,1249862400.0
2009-08-07,2268.0,2275.0,2171.0,2179.6,2203.11784752168,210102.0,8688.0,462879466.0,67522.0,32.14,104.0,-88.4,1249603200.0
2009-08-06,2319.0,2368.0,2256.95,2272.95,2324.6853840093727,198016.0,9515.0,460324901.0,34967.0,17.66,111.05,-46.05,1249516800.0
2009-08-05,2335.0,2356.0,2279.0,2311.7,2311.4884900375955,118897.0,6138.0,274829047.0,11010.0,9.26,77.0,-23.3,1249430400.0
2009-08-04,2317.0,2349.65,2290.25,2332.3,2316.7505532269397,153644.0,8437.0,355954822.0,32178.0,20.94,59.4,15.3,1249344000.0
2009-08-03,2230.0,2350.0,2227.0,2342.7,2307.273610726697,195102.0,11403.0,450153696.0,58129.0,29.79,123.0,112.7,1249257600.0
2009-07-31,2405.0,2405.0,2206.2,2228.05,2228.378357757752,69466.0,3824.0,154796531.0,13061.0,18.8,198.8,-176.95,1248998400.0
2009-07-30,2232.9,2244.0,2195.15,2202.7,2211.282465350932,87809.0,4221.0,194170502.0,21823.0,24.85,48.85,-30.2,1248912000.0
2009-07-29,2241.0,2264.0,2185.25,2238.35,2223.8655889946085,109619.0,5209.0,243777922.0,20691.0,18.88,78.75,-2.65,1248825600.0
2009-07-28,2270.0,2295.0,2237.0,2262.5,2268.172194528075,121566.0,5727.0,275732621.0,31361.0,25.8,58.0,-7.5,1248739200.0
2009-07-27,2215.0,2267.0,2210.0,2260.8,2245.252154877548,219270.0,7458.0,492316440.0,100342.0,45.76,57.0,45.8,1248652800.0
2009-07-24,2182.0,2224.8,2180.1,2203.2,2213.4754731658595,416503.0,8249.0,921919175.0,297244.0,71.37,44.7,21.2,1248393600.0
2009-07-23,2174.0,2195.0,2147.0,2167.4,2162.2431281541785,404622.0,7982.0,874891139.0,74104.0,18.31,48.0,-6.6,1248307200.0
2009-07-22,2220.0,2247.5,2126.3,2150.9,2179.244392541234,339949.0,16149.0,740831952.0,53839.0,15.84,121.2,-69.1,1248220800.0
2009-07-21,2286.0,2286.0,2206.0,2214.9,2228.277588583476,98664.0,4962.0,219850780.0,15225.0,15.43,80.0,-71.1,1248134400.0
2009-07-20,2242.0,2287.0,2231.0,2275.6,2267.335977738732,132607.0,6029.0,300664622.0,46188.0,34.83,56.0,33.6,1248048000.0
2009-07-17,2209.75,2236.0,2202.0,2228.0,2222.4407548262398,255582.0,7319.0,568015853.0,148183.0,57.98,34.0,18.25,1247788800.0
2009-07-16,2201.0,2216.0,2176.05,2195.3,2198.3440720047447,281537.0,7838.0,618915195.0,137044.0,48.68,39.95,-5.7,1247702400.0
2009-07-15,2064.0,2185.0,2055.6,2176.05,2137.8480979778437,230991.0,12374.0,493823670.0,30270.0,13.1,129.4,112.05,1247616000.0
2009-07-14,2022.0,2069.55,1995.0,2046.9,2047.3901285446589,144619.0,7413.0,296091513.0,30622.0,21.17,74.55,24.9,1247529600.0
2009-07-13,1960.0,1988.0,1940.0,1961.85,1959.7548465967886,143967.0,5540.0,282140026.0,62887.0,43.68,48.0,1.85,1247443200.0
2009-07-10,2030.0,2053.9,1970.0,1984.65,2017.321464048292,130870.0,6637.0,264006860.0,28812.0,22.02,83.9,-45.35,1247184000.0
2009-07-09,2040.0,2060.0,1980.0,2021.25,2015.0709748630688,144051.0,8565.0,290272989.0,28129.0,19.53,80.0,-18.75,1247097600.0
2009-07-08,2124.0,2146.0,2037.3,2046.7,2068.0376033938014,112676.0,6350.0,233018205.0,34217.0,30.37,108.7,-77.3,1247011200.0
2009-07-07,2138.0,2179.0,2094.9,2136.3,2131.9592890054764,117413.0,6413.0,250319736.0,17588.0,14.98,84.1,-1.7,1246924800.0
2009-07-06,2200.0,2224.85,2062.0,2102.5,2136.82770285258,270492.0,10342.0,577994799.0,98456.0,36.4,162.85,-97.5,1246838400.0
2009-07-03,2130.0,2196.0,2130.0,2182.05,2176.887955218119,155420.0,8726.0,338331926.0,13321.0,8.57,66.0,52.05,1246579200.0
2009-07-02,2230.6,2230.6,2130.0,2149.9,2170.1791839097714,233185.0,10742.0,506053233.0,61947.0,26.57,100.6,-80.7,1246492800.0
2009-07-01,2205.0,2239.9,2166.5,2217.15,2210.5965842806368,147436.0,7530.0,325921518.0,15511.0,10.52,73.4,12.15,1246406400.0
2009-06-30,2250.0,2276.7,2182.0,2204.35,2218.5573843851826,143018.0,7402.0,317293640.0,21222.0,14.84,94.7,-45.65,1246320000.0
2009-06-29,2220.0,2269.0,2205.1,2235.3,2240.7800043532893,142421.0,8069.0,319134129.0,19401.0,13.62,63.9,15.3,1246233600.0
2009-06-26,2150.0,2212.0,2142.05,2201.5,2184.09304800111,151309.0,7477.0,330472935.0,34201.0,22.6,69.95,51.5,1245974400.0
2009-06-25,2225.0,2235.0,2103.0,2133.2,2174.819953453288,217416.0,8708.0,472840655.0,73332.0,33.73,132.0,-91.8,1245888000.0
2009-06-24,2160.0,2204.0,2117.85,2193.15,2162.131099489812,172289.0,8751.0,372511405.0,23526.0,13.65,86.15,33.15,1245801600.0
2009-06-23,2080.0,2161.0,2054.0,2136.1,2115.793306914218,182696.0,9104.0,386546974.0,25883.0,14.17,107.0,56.1,1245715200.0
2009-06-22,2120.0,2140.0,2075.6,2095.5,2107.831849048202,161694.0,6786.0,340823763.0,34035.0,21.05,64.4,-24.5,1245628800.0
2009-06-19,2049.9,2107.7,2023.0,2090.5,2073.668450699909,195811.0,10153.0,406047093.0,23351.0,11.93,84.7,40.6,1245369600.0
2009-06-18,2100.0,2100.0,2008.0,2032.95,2045.871320214669,139750.0,8168.0,285910517.0,23374.0,16.73,92.0,-67.05,1245283200.0
2009-06-17,2165.0,2180.0,2065.0,2089.85,2112.2115977241438,179449.0,9388.0,379034259.0,36298.0,20.23,115.0,-75.15,1245196800.0
2009-06-16,2145.0,2238.0,2111.0,2155.75,2183.66258189527,208498.0,9937.0,455289281.0,37923.0,18.19,127.0,10.75,1245110400.0
2009-06-15,2215.0,2235.0,2145.0,2163.25,2186.1670355286083,152722.0,7338.0,333875802.0,21657.0,14.18,90.0,-51.75,1245024000.0
2009-06-12,2290.0,2330.0,2201.05,2215.9,2273.403965704605,250296.0,11261.0,569023919.0,51038.0,20.39,128.95,-74.1,1244764800.0
2009-06-11,2350.0,2350.0,2236.6,2271.45,2281.9998230365563,146923.0,8138.0,335278260.0,28886.0,19.66,113.4,-78.55,1244678400.0
2009-06-10,2265.0,2385.5,2255.05,2352.8,2336.2209388579527,399038.0,14677.0,932240931.0,135248.0,33.89,130.45,87.8,1244592000.0
2009-06-09,2200.0,2279.0,2190.0,2248.8,2249.3305686544254,125753.0,5563.0,282860067.0,46432.0,36.92,89.0,48.8,1244505600.0
2009-06-08,2292.0,2298.8,2216.0,2230.85,2251.671424513564,98574.0,5864.0,221956259.0,13974.0,14.18,82.8,-61.15,1244419200.0
2009-06-05,2195.0,2304.0,2165.0,2287.4,2242.4692592369265,265348.0,14110.0,595034733.0,65405.0,24.65,139.0,92.4,1244160000.0
2009-06-04,2110.0,2180.0,2088.0,2172.25,2139.503225313269,170061.0,8113.0,363846058.0,41325.0,24.3,92.0,62.25,1244073600.0
2009-06-03,2149.7,2159.75,2100.0,2130.9,2134.986996908405,141351.0,6840.0,301782547.0,16979.0,12.01,59.75,-18.8,1243987200.0
2009-06-02,2145.0,2155.0,2095.75,2117.25,2115.1930480105007,208746.0,6970.0,441538088.0,67147.0,32.17,59.25,-27.75,1243900800.0
2009-06-01,2208.0,2224.9,2107.0,2125.6,2141.171303483213,254449.0,10827.0,544818897.0,73988.0,29.08,117.9,-82.4,1243814400.0
2009-05-29,2150.0,2208.0,2124.0,2174.9,2174.2122942607025,212587.0,10672.0,462209269.0,35280.0,16.6,84.0,24.9,1243555200.0
2009-05-28,2070.0,2126.8,2040.1,2117.55,2090.3769832786134,261940.0,13023.0,547553347.0,41407.0,15.81,86.7,47.55,1243468800.0
2009-05-27,2139.0,2139.0,2012.0,2078.2,2051.7121805697243,233306.0,11634.0,478676762.0,53988.0,23.14,127.0,-60.8,1243382400.0
2009-05-26,2035.0,2043.8,1973.3,1992.95,2016.233058961164,190617.0,9206.0,384328297.0,42066.0,22.07,70.5,-42.05,1243296000.0
2009-05-25,1995.8,2012.4,1955.0,1999.85,1992.8980730254943,159369.0,7960.0,317606173.0,19508.0,12.24,57.4,4.05,1243209600.0
2009-05-22,1950.0,2016.9,1926.1,1981.95,1982.4587561443848,284406.0,14099.0,563823165.0,36208.0,12.73,90.8,31.95,1242950400.0
2009-05-21,2045.0,2048.0,1950.0,1964.3,2003.790276846292,320575.0,13913.0,642365068.0,108379.0,33.81,98.0,-80.7,1242864000.0
2009-05-20,2164.0,2164.0,2005.0,2040.45,2041.2690122527206,467488.0,19441.0,954268768.0,123708.0,26.46,159.0,-123.55,1242777600.0
2009-05-19,2140.0,2334.0,2014.3,2164.85,2174.171819547199,629195.0,27148.0,1367978038.0,215038.0,34.18,319.7,24.85,1242691200.0
2009-05-18,1855.0,2266.0,1824.1,2076.8,2040.1825632497919,8419.0,318.0,17176297.0,8036.0,95.45,441.9,221.8,1242604800.0
2009-05-15,1679.0,1721.0,1675.1,1707.4,1701.9427392262219,200626.0,9481.0,341453964.0,36840.0,18.36,45.9,28.4,1242345600.0
2009-05-14,1650.0,1696.5,1622.0,1663.0,1670.7247811869636,174007.0,9302.0,290717807.0,9961.0,5.72,74.5,13.0,1242259200.0
2009-05-13,1648.2,1726.0,1648.2,1683.15,1692.5980916502826,290932.0,13098.0,492430948.0,42322.0,14.55,77.8,34.95,1242172800.0
2009-05-12,1574.5,1695.5,1574.5,1688.05,1632.9075677858825,368919.0,17640.0,602410627.0,50573.0,13.71,121.0,113.55,1242086400.0
2009-05-11,1655.0,1667.95,1572.3,1605.8,1610.6623575844876,192307.0,9627.0,309741646.0,23190.0,12.06,95.65,-49.2,1242000000.0
2009-05-08,1715.0,1730.0,1634.0,1647.55,1664.5797513229852,271356.0,9548.0,451693703.0,69006.0,25.43,96.0,-67.45,1241740800.0
2009-05-07,1720.0,1723.0,1692.3,1706.2,1706.9487779316541,160302.0,7436.0,273627303.0,14040.0,8.76,30.7,-13.8,1241654400.0
2009-05-06,1750.0,1757.75,1688.0,1701.5,1731.8474060349392,196456.0,8890.0,340231814.0,24879.0,12.66,69.75,-48.5,1241568000.0
2009-05-05,1700.0,1770.0,1689.8,1730.25,1743.7184754971076,256031.0,11654.0,446445985.0,35484.0,13.86,80.2,30.25,1241481600.0
2009-05-04,1685.0,1721.0,1685.0,1706.9,1707.8368176798044,179278.0,8935.0,306177569.0,50290.0,28.05,36.0,21.9,1241395200.0
2009-04-29,1535.0,1670.25,1535.0,1651.75,1628.9600197099546,207002.0,10830.0,337197982.0,25304.0,12.22,135.25,116.75,1240963200.0
2009-04-28,1670.0,1678.0,1595.0,1601.65,1630.3743136845471,162826.0,7408.0,265467328.0,39656.0,24.35,83.0,-68.35,1240876800.0
2009-04-27,1622.0,1679.7,1620.0,1670.5,1665.5355464029708,158061.0,7846.0,263256214.0,25067.0,15.86,59.7,48.5,1240790400.0
2009-04-24,1626.1,1655.0,1610.0,1639.15,1634.6639237711393,160779.0,7445.0,262819631.0,18333.0,11.4,45.0,13.05,1240531200.0
2009-04-23,1595.0,1628.0,1568.0,1621.2,1601.6020176366128,197657.0,9323.0,316567850.0,18900.0,9.56,60.0,26.2,1240444800.0
2009-04-22,1635.0,1658.0,1571.0,1583.05,1610.5603266263956,293179.0,11730.0,472182466.0,52087.0,17.77,87.0,-51.95,1240358400.0
2009-04-21,1621.0,1669.0,1615.0,1641.4,1646.2689985425775,196923.0,9212.0,324188230.0,13242.0,6.72,54.0,20.4,1240272000.0
2009-04-20,1641.0,1686.0,1624.0,1649.25,1659.7426947302642,281646.0,12194.0,467459891.0,32310.0,11.47,62.0,8.25,1240185600.0
2009-04-17,1640.0,1680.0,1635.0,1646.05,1656.9149024946514,282805.0,13119.0,468583819.0,26403.0,9.34,45.0,6.05,1239926400.0
2009-04-16,1680.0,1698.0,1608.5,1626.6,1647.0387981785425,281972.0,12299.0,464418824.0,42609.0,15.11,89.5,-53.4,1239840000.0
2009-04-15,1500.0,1709.0,1500.0,1669.85,1605.4793201616571,738352.0,24661.0,1185408867.0,222518.0,30.14,209.0,169.85,1239753600.0
2009-04-13,1515.0,1543.9,1497.25,1525.25,1518.3774858474274,341634.0,12409.0,518729374.0,62744.0,18.37,46.65,10.25,1239580800.0
2009-04-09,1533.0,1548.0,1482.35,1497.25,1513.980891346574,443778.0,15586.0,671871412.0,91993.0,20.73,65.65,-35.75,1239235200.0
2009-04-08,1505.0,1534.0,1470.0,1516.6,1495.230773519682,484254.0,17150.0,724071483.0,120010.0,24.78,64.0,11.6,1239148800.0
2009-04-06,1550.0,1575.0,1507.5,1531.9,1536.8079305197166,382497.0,15942.0,587824423.0,35438.0,9.26,67.5,-18.1,1238976000.0
2009-04-02,1495.0,1564.0,1495.0,1531.85,1532.498323284227,655448.0,24044.0,1004472961.0,116685.0,17.8,69.0,36.85,1238630400.0
2009-04-01,1514.0,1522.0,1450.2,1472.05,1480.1863462077213,478314.0,19521.0,707993852.0,83212.0,17.4,71.8,-41.95,1238544000.0
2009-03-31,1476.0,1520.8,1470.0,1504.35,1500.1839010055496,274278.0,12186.0,411467440.0,31964.0,11.65,50.8,28.35,1238457600.0
2009-03-30,1525.0,1535.0,1462.8,1474.2,1493.863762139873,221172.0,10187.0,330400836.0,19572.0,8.85,72.2,-50.8,1238371200.0
2009-03-27,1569.7,1589.4,1532.5,1551.4,1553.5720971498956,327988.0,13782.0,509553005.0,45463.0,13.86,56.9,-18.3,1238112000.0
2009-03-26,1487.0,1594.5,1487.0,1570.15,1558.8254291112603,726152.0,25612.0,1131944203.0,246672.0,33.97,107.5,83.15,1238025600.0
2009-03-25,1440.0,1493.8,1432.55,1483.35,1469.7459350619336,376451.0,15231.0,553287327.0,92460.0,24.56,61.25,43.35,1237939200.0
2009-03-24,1423.0,1467.7,1418.25,1444.35,1451.5284664452865,498991.0,14566.0,724299641.0,188901.0,37.86,49.45,21.35,1237852800.0
2009-03-23,1385.0,1421.8,1385.0,1412.55,1410.9440209650345,267493.0,9538.0,377417649.0,60958.0,22.79,36.8,27.55,1237766400.0
2009-03-20,1408.0,1419.5,1367.5,1379.9,1384.5700762444455,353993.0,13683.0,490128115.0,72308.0,20.43,52.0,-28.1,1237507200.0
2009-03-19,1462.0,1462.0,1402.3,1412.65,1427.0519741793548,276368.0,12416.0,394391500.0,26984.0,9.76,59.7,-49.35,1237420800.0
2009-03-18,1409.65,1474.85,1406.0,1458.6,1452.3285560402453,392691.0,14591.0,570316353.0,136135.0,34.67,68.85,48.95,1237334400.0
2009-03-17,1405.0,1408.1,1381.1,1398.7,1394.4727117768591,193600.0,9586.0,269969917.0,13497.0,6.97,27.0,-6.3,1237248000.0
2009-03-16,1377.5,1410.0,1363.3,1403.75,1389.9986543383145,242260.0,10730.0,336741074.0,34569.0,14.27,46.7,26.25,1237161600.0
2009-03-13,1362.0,1384.9,1359.0,1374.1,1372.6618295426144,200050.0,9695.0,274600999.0,21423.0,10.71,25.9,12.1,1236902400.0
2009-03-12,1324.0,1352.0,1305.55,1342.35,1334.5259162116831,224184.0,10846.0,299179358.0,44357.0,19.79,46.45,18.35,1236816000.0
2009-03-09,1300.0,1307.0,1278.0,1300.45,1293.4699552433776,186788.0,9398.0,241604666.0,30029.0,16.08,29.0,0.45,1236556800.0
2009-03-06,1294.0,1325.0,1251.0,1312.6,1292.0614615464,348836.0,15805.0,450717552.0,67697.0,19.41,74.0,18.6,1236297600.0
2009-03-05,1350.0,1350.0,1273.1,1284.3,1303.1175832861074,527609.0,16885.0,687536565.0,153837.0,29.16,76.9,-65.7,1236211200.0
2009-03-04,1365.0,1381.5,1316.0,1332.65,1339.0678486720474,554425.0,18207.0,742412692.0,177090.0,31.94,65.5,-32.35,1236124800.0
2009-03-03,1376.0,1390.0,1357.0,1364.95,1373.9243666091495,190088.0,8310.0,261166535.0,39841.0,20.96,33.0,-11.05,1236038400.0
2009-03-02,1371.0,1398.0,1356.6,1381.35,1385.5014633723777,161613.0,8541.0,223915048.0,9882.0,6.11,41.4,10.35,1235952000.0
2009-02-27,1400.0,1409.0,1372.0,1396.3,1383.1620286771674,223732.0,9246.0,309457607.0,51282.0,22.92,37.0,-3.7,1235692800.0
2009-02-26,1385.0,1414.0,1351.0,1401.55,1378.066831658266,198798.0,8453.0,273956930.0,46055.0,23.17,63.0,16.55,1235606400.0
2009-02-25,1371.0,1391.95,1368.1,1379.65,1382.751337803567,168373.0,8075.0,232817991.0,21072.0,12.52,23.85,8.65,1235520000.0
2009-02-24,1347.5,1375.0,1335.0,1361.2,1356.7837849234152,284587.0,10572.0,386123027.0,64302.0,22.59,40.0,13.7,1235433600.0
2009-02-20,1385.0,1385.0,1347.1,1364.95,1358.8937226010714,262784.0,11536.0,357095528.0,54375.0,20.69,37.9,-20.05,1235088000.0
2009-02-19,1407.7,1426.85,1371.45,1382.2,1394.3158172680219,333275.0,13636.0,464690604.0,59423.0,17.83,55.4,-25.5,1235001600.0
2009-02-18,1381.15,1411.95,1355.0,1395.45,1385.5650292652088,294206.0,14607.0,407641545.0,24740.0,8.41,56.95,14.3,1234915200.0
2009-02-17,1398.0,1398.0,1362.0,1381.15,1380.2583721445997,216432.0,9657.0,298732080.0,40621.0,18.77,36.0,-16.85,1234828800.0
2009-02-16,1455.0,1464.0,1390.25,1401.3,1416.1090878651548,280737.0,11535.0,397554217.0,42467.0,15.13,73.75,-53.7,1234742400.0
2009-02-13,1420.0,1488.0,1418.0,1466.8,1465.3545896247956,389814.0,17130.0,571215734.0,78930.0,20.25,70.0,46.8,1234483200.0
2009-02-12,1435.0,1443.0,1400.0,1412.35,1425.3038858850011,190124.0,7974.0,270984476.0,30907.0,16.26,43.0,-22.65,1234396800.0
2009-02-11,1421.85,1452.55,1413.0,1448.7,1439.6500911120804,233778.0,10848.0,336558519.0,34053.0,14.57,39.55,26.85,1234310400.0
2009-02-10,1410.0,1461.1,1391.0,1451.6,1426.8072680840194,391575.0,17296.0,558702056.0,72683.0,18.56,70.1,41.6,1234224000.0
2009-02-09,1370.0,1400.0,1362.0,1392.8,1383.228495468278,248250.0,13254.0,343386474.0,29120.0,11.73,38.0,22.8,1234137600.0
2009-02-06,1360.05,1378.0,1352.1,1365.55,1366.5363271281328,252745.0,10149.0,345385224.0,78562.0,31.08,25.9,5.5,1233878400.0
2009-02-05,1360.0,1363.95,1337.0,1348.8,1347.368528584817,213400.0,9081.0,287528444.0,37581.0,17.61,26.95,-11.2,1233792000.0
2009-02-04,1350.0,1367.0,1343.15,1355.85,1353.4584262217488,211275.0,8979.0,285951929.0,42885.0,20.3,23.85,5.85,1233705600.0
2009-02-03,1320.0,1364.0,1315.0,1338.65,1338.271881971698,368454.0,17358.0,493091628.0,52081.0,14.14,49.0,18.65,1233619200.0
2009-02-02,1320.0,1333.0,1296.6,1307.8,1312.4123064685514,384692.0,13906.0,504874515.0,100969.0,26.25,36.4,-12.2,1233532800.0
2009-01-30,1339.95,1339.95,1285.15,1320.45,1306.1069750974652,728721.0,31545.0,951787581.0,193080.0,26.5,54.8,-19.5,1233273600.0
2009-01-29,1410.0,1412.9,1346.6,1355.7,1361.836438057583,394560.0,15960.0,537326185.0,98447.0,24.95,66.3,-54.3,1233187200.0
2009-01-28,1390.0,1400.0,1362.0,1393.65,1379.643724721626,320432.0,12395.0,442081998.0,90687.0,28.3,38.0,3.65,1233100800.0
2009-01-27,1325.0,1396.0,1322.0,1380.7,1374.6209679739288,243333.0,12521.0,334490644.0,52076.0,21.4,74.0,55.7,1233014400.0
2009-01-23,1367.3,1367.3,1311.15,1320.3,1333.8194047871284,297339.0,13318.0,396596528.0,58185.0,19.57,56.15,-47.0,1232668800.0
2009-01-22,1371.0,1381.7,1350.4,1367.3,1365.4201495361751,258934.0,12745.0,353553701.0,43048.0,16.63,31.3,-3.7,1232582400.0
2009-01-21,1390.0,1394.0,1344.2,1352.05,1370.1970228176406,242444.0,11848.0,332196047.0,36835.0,15.19,49.8,-37.95,1232496000.0
2009-01-20,1250.0,1411.8,1250.0,1399.5,1388.485239114978,237689.0,11549.0,330027668.0,24424.0,10.28,161.8,149.5,1232409600.0
2009-01-19,1420.0,1426.4,1392.2,1412.65,1409.6052630661352,286791.0,14850.0,404262103.0,35311.0,12.31,34.2,-7.35,1232323200.0
2009-01-16,1350.0,1401.7,1350.0,1397.65,1387.202103416583,238279.0,12145.0,330541130.0,20115.0,8.44,51.7,47.65,1232064000.0
2009-01-15,1360.0,1363.0,1315.05,1353.75,1345.2747013238618,185820.0,10194.0,249978945.0,20270.0,10.91,47.95,-6.25,1231977600.0
2009-01-14,1375.0,1385.0,1358.0,1379.05,1373.6789293026613,166060.0,8618.0,228113123.0,11335.0,6.83,27.0,4.05,1231891200.0
2009-01-13,1339.0,1384.9,1320.0,1358.7,1360.7566427712154,284294.0,13957.0,386854949.0,15493.0,5.45,64.9,19.7,1231804800.0
2009-01-12,1410.0,1410.0,1333.0,1344.15,1358.416366031782,307405.0,14904.0,417583983.0,56712.0,18.45,77.0,-65.85,1231718400.0
2009-01-09,1425.0,1449.5,1372.25,1416.65,1411.0134943070886,256108.0,12829.0,361371844.0,22596.0,8.82,77.25,-8.35,1231459200.0
2009-01-07,1475.8,1486.7,1401.15,1439.9,1453.8921009036944,376676.0,16768.0,547646261.0,46559.0,12.36,85.55,-35.9,1231286400.0
2009-01-06,1449.95,1487.05,1420.0,1470.85,1464.9114257769477,567445.0,24658.0,831256664.0,120595.0,21.25,67.05,20.9,1231200000.0
2009-01-05,1455.55,1455.55,1408.3,1437.2,1426.3602369075593,363855.0,17138.0,518988304.0,51332.0,14.11,47.25,-18.35,1231113600.0
2009-01-02,1409.0,1429.0,1385.05,1408.25,1409.9545885106147,394834.0,21504.0,556698010.0,41407.0,10.49,43.95,-0.75,1230854400.0
2009-01-01,1372.0,1408.8,1362.4,1401.15,1386.4388546714295,301503.0,14730.0,418015474.0,54048.0,17.93,46.4,29.15,1230768000.0
2008-12-31,1385.0,1405.0,1355.0,1362.4,1380.5538248730966,394000.0,20922.0,543938207.0,37767.0,9.59,50.0,-22.6,1230681600.0
2008-12-30,1351.0,1381.8,1328.9,1373.95,1356.4239905528696,395464.0,20837.0,536416857.0,37821.0,9.56,52.9,22.95,1230595200.0
2008-12-29,1295.0,1355.0,1262.5,1346.9,1313.2822841469608,486361.0,25437.0,638729285.0,70062.0,14.41,92.5,51.9,1230508800.0
2008-12-26,1360.0,1379.5,1292.0,1300.15,1336.2287499280244,347340.0,16831.0,464125694.0,54916.0,15.81,87.5,-59.85,1230249600.0
2008-12-24,1355.0,1395.0,1340.0,1352.35,1366.7699771273728,343205.0,17774.0,469082290.0,40026.0,11.66,55.0,-2.65,1230076800.0
2008-12-23,1410.0,1414.0,1355.0,1364.6,1375.252284987638,366851.0,17207.0,504512676.0,36066.0,9.83,59.0,-45.4,1229990400.0
2008-12-22,1449.95,1451.0,1381.25,1402.75,1418.527810366711,437265.0,20398.0,620272563.0,81972.0,18.75,69.75,-47.2,1229904000.0
2008-12-19,1432.55,1456.0,1407.5,1437.85,1438.0838667577514,490385.0,23895.0,705214757.0,87779.0,17.9,48.5,5.3,1229644800.0
2008-12-18,1349.0,1443.25,1340.0,1432.55,1394.5577997781963,691603.0,31430.0,964480358.0,175464.0,25.37,103.25,83.55,1229558400.0
2008-12-17,1420.0,1425.8,1330.0,1340.05,1379.3570447635745,568699.0,26189.0,784438972.0,79820.0,14.04,95.8,-79.95,1229472000.0
2008-12-16,1374.85,1409.0,1350.0,1401.3,1388.110943301583,550227.0,25417.0,763776120.0,64942.0,11.8,59.0,26.45,1229385600.0
2008-12-15,1380.0,1395.0,1356.1,1374.85,1374.9852400293466,417074.0,19815.0,573470594.0,37980.0,9.11,38.9,-5.15,1229299200.0
2008-12-12,1350.0,1380.0,1305.6,1359.65,1346.7823080333687,536786.0,23864.0,722933888.0,66256.0,12.34,74.4,9.65,1229040000.0
2008-12-11,1414.0,1420.0,1353.0,1374.15,1381.5366710194592,529928.0,24899.0,732114965.0,85667.0,16.17,67.0,-39.85,1228953600.0
2008-12-10,1376.0,1422.95,1366.0,1412.95,1392.8413049278408,618425.0,31255.0,861367884.0,102783.0,16.62,56.95,36.95,1228867200.0
2008-12-08,1361.0,1414.0,1345.0,1361.85,1381.5313264397475,550270.0,27489.0,760215243.0,70487.0,12.81,69.0,0.85,1228694400.0
2008-12-05,1360.0,1389.8,1317.0,1339.0,1347.6663358417175,747626.0,36335.0,1007550392.0,40901.0,5.47,72.8,-21.0,1228435200.0
2008-12-04,1280.0,1372.5,1260.0,1357.75,1331.096057578352,832813.0,37596.0,1108554101.0,154839.0,18.59,112.5,77.75,1228348800.0
2008-12-03,1290.0,1296.0,1240.5,1269.8,1267.7537902830145,582938.0,30140.0,739021859.0,34128.0,5.85,55.5,-20.2,1228262400.0
2008-12-02,1239.0,1287.9,1212.1,1274.1,1244.7651194998725,646235.0,33428.0,804410787.0,54773.0,8.48,75.8,35.1,1228176000.0
2008-12-01,1354.0,1398.0,1263.3,1269.95,1331.9832373168213,661171.0,34464.0,880668689.0,97381.0,14.73,134.7,-84.05,1228089600.0
2008-11-28,1303.0,1378.0,1251.0,1361.3,1337.9917878882961,796750.0,42097.0,1066044957.0,144427.0,18.13,127.0,58.3,1227830400.0
2008-11-26,1296.0,1318.2,1246.55,1299.15,1278.1064572648331,549056.0,32047.0,701752019.0,33954.0,6.18,71.65,3.15,1227657600.0
2008-11-25,1330.0,1354.0,1275.0,1283.05,1324.5647595014505,598777.0,29195.0,793118913.0,118062.0,19.72,79.0,-46.95,1227571200.0
2008-11-24,1280.0,1314.8,1259.0,1301.2,1292.3754333602935,526698.0,28551.0,680691556.0,62834.0,11.93,55.8,21.2,1227484800.0
2008-11-21,1195.0,1299.0,1176.65,1281.25,1252.5004428574682,790322.0,37701.0,989878655.0,117932.0,14.92,122.35,86.25,1227225600.0
2008-11-20,1175.0,1209.9,1160.0,1194.2,1185.1539362854048,438675.0,23469.0,519897403.0,59820.0,13.64,49.9,19.2,1227139200.0
2008-11-19,1261.0,1323.7,1200.0,1231.0,1285.435633777907,604999.0,31098.0,777687273.0,47339.0,7.82,123.7,-30.0,1227052800.0
2008-11-18,1270.0,1289.9,1245.0,1266.55,1264.294651853625,459505.0,24658.0,580949714.0,31483.0,6.85,44.9,-3.45,1226966400.0
2008-11-17,1287.75,1320.0,1232.35,1293.25,1268.4378078013065,512709.0,27844.0,650339480.0,30770.0,6.0,87.65,5.5,1226880000.0
2008-11-14,1350.0,1388.0,1258.2,1280.1,1289.618204143452,924350.0,42387.0,1192058587.0,174913.0,18.92,129.8,-69.9,1226620800.0
2008-11-12,1350.0,1397.95,1305.1,1337.0,1356.1674126749374,712682.0,39979.0,966516104.0,46785.0,6.56,92.85,-13.0,1226448000.0
2008-11-11,1499.0,1509.0,1350.0,1366.7,1408.988599953076,571138.0,29836.0,804726931.0,130728.0,22.89,159.0,-132.3,1226361600.0
2008-11-10,1410.0,1527.65,1410.0,1512.7,1495.6333578007248,602162.0,32181.0,900613574.0,113027.0,18.77,117.65,102.7,1226275200.0
2008-11-07,1375.0,1431.0,1340.0,1405.1,1377.6146488727225,488256.0,26770.0,672628618.0,37847.0,7.75,91.0,30.1,1226016000.0
2008-11-06,1335.0,1425.0,1300.0,1380.45,1361.6100736858473,527374.0,27568.0,718077751.0,45008.0,8.53,125.0,45.45,1225929600.0
2008-11-05,1450.0,1465.0,1367.0,1373.35,1415.7831088111493,507448.0,27494.0,718436307.0,69036.0,13.6,98.0,-76.65,1225843200.0
2008-11-04,1351.25,1425.0,1315.5,1413.3,1375.3893304747464,613823.0,30119.0,844245605.0,80521.0,13.12,109.5,62.05,1225756800.0
2008-11-03,1320.0,1378.0,1278.6,1341.15,1323.627415013991,449221.0,25422.0,594601231.0,68903.0,15.34,99.4,21.15,1225670400.0
2008-10-31,1195.0,1304.95,1185.0,1281.6,1252.6358112267035,495515.0,28327.0,620699834.0,102059.0,20.6,119.95,86.6,1225411200.0
2008-10-29,1199.0,1208.0,1157.0,1178.8,1182.3753767735386,453190.0,23020.0,535840697.0,94277.0,20.8,51.0,-20.2,1225238400.0
2008-10-28,1125.0,1180.0,1112.0,1146.75,1140.8199325100265,113202.0,7350.0,129143098.0,26653.0,23.54,68.0,21.75,1225152000.0
2008-10-27,1030.0,1123.7,984.1,1080.25,1059.412387351008,687201.0,29840.0,728029252.0,174845.0,25.44,139.6,50.25,1225065600.0
2008-10-24,1146.0,1185.15,1073.0,1091.75,1120.5795000594094,732207.0,37046.0,820496154.0,112704.0,15.39,112.15,-54.25,1224806400.0
2008-10-23,1110.0,1219.0,1072.0,1170.35,1163.099346146352,939201.0,50343.0,1092384069.0,102863.0,10.95,147.0,60.35,1224720000.0
2008-10-22,1121.0,1167.9,1100.35,1139.1,1136.5205555665664,706378.0,36756.0,802813117.0,98761.0,13.98,67.55,18.1,1224633600.0
2008-10-21,1125.0,1199.0,1105.0,1144.3,1149.6519587895827,973152.0,49560.0,1118786103.0,135719.0,13.95,94.0,19.3,1224547200.0
2008-10-20,1220.0,1242.0,1085.0,1096.4,1152.4816601752475,958188.0,48340.0,1104294097.0,193279.0,20.17,157.0,-123.6,1224460800.0
2008-10-17,1350.0,1360.0,1150.0,1194.8,1247.8367313639105,1017354.0,50162.0,1269491690.0,276149.0,27.14,210.0,-155.2,1224201600.0
2008-10-16,1380.0,1380.0,1270.0,1313.0,1313.6710108787672,694564.0,35497.0,912428592.0,180636.0,26.01,110.0,-67.0,1224115200.0
2008-10-15,1475.0,1475.0,1367.5,1394.3,1402.5951367646023,584837.0,29495.0,820289532.0,113193.0,19.35,107.5,-80.7,1224028800.0
2008-10-14,1535.0,1575.0,1475.0,1487.7,1527.1013646740807,449851.0,24465.0,686968076.0,68480.0,15.22,100.0,-47.3,1223942400.0
2008-10-13,1400.0,1508.0,1351.0,1494.2,1430.1806441136673,461875.0,25189.0,660564685.0,76909.0,16.65,157.0,94.2,1223856000.0
2008-10-10,1400.0,1430.0,1297.1,1345.85,1350.2477716849035,719602.0,39084.0,971640997.0,113695.0,15.8,132.9,-54.15,1223596800.0
2008-10-08,1470.0,1492.85,1390.6,1467.3,1444.9615874819744,441731.0,24356.0,638284327.0,83254.0,18.85,102.25,-2.7,1223424000.0
2008-10-07,1460.0,1514.8,1440.1,1496.7,1480.3192239402317,463521.0,25740.0,686159047.0,56359.0,12.16,74.7,36.7,1223337600.0
2008-10-06,1521.0,1548.0,1433.0,1449.4,1473.398873185854,441599.0,23954.0,650651469.0,146016.0,33.07,115.0,-71.6,1223251200.0
2008-10-03,1591.0,1629.1,1555.0,1566.65,1596.7443066830006,445698.0,27389.0,711665744.0,47329.0,10.62,74.1,-24.35,1222992000.0
2008-10-01,1620.0,1624.85,1544.1,1591.0,1594.8639226223368,474142.0,28885.0,756191970.0,59678.0,12.59,80.75,-29.0,1222819200.0
2008-09-30,1432.0,1621.0,1430.0,1586.0,1559.1306982690448,623413.0,35245.0,971982346.0,82558.0,13.24,191.0,154.0,1222732800.0
2008-09-29,1570.0,1590.0,1441.0,1509.5,1513.2742354578104,656177.0,37157.0,992975748.0,135734.0,20.69,149.0,-60.5,1222646400.0
2008-09-26,1621.0,1625.0,1538.2,1550.65,1579.4555756515258,612063.0,26874.0,966726318.0,309550.0,50.57,86.8,-70.35,1222387200.0
2008-09-25,1656.0,1663.0,1618.0,1632.85,1636.6238805297605,266309.0,14597.0,435847669.0,71699.0,26.92,45.0,-23.15,1222300800.0
2008-09-24,1631.0,1678.0,1631.0,1663.3,1658.8468564957386,374407.0,15526.0,621083875.0,164514.0,43.94,47.0,32.3,1222214400.0
2008-09-23,1659.0,1677.95,1620.0,1626.1,1647.200320801685,438277.0,17843.0,721930015.0,162870.0,37.16,57.95,-32.9,1222128000.0
2008-09-22,1730.0,1740.0,1672.0,1683.9,1697.9213371025035,377802.0,20095.0,641478077.0,86592.0,22.92,68.0,-46.1,1222041600.0
2008-09-19,1675.55,1720.0,1654.0,1710.7,1687.9545054209586,487091.0,25294.0,822187448.0,123183.0,25.29,66.0,35.15,1221782400.0
2008-09-18,1575.0,1625.0,1502.0,1609.2,1551.5224798996771,1035058.0,36112.0,1605915755.0,406857.0,39.31,123.0,34.2,1221696000.0
2008-09-17,1678.0,1678.0,1588.05,1621.95,1621.9799541960415,646669.0,20775.0,1048884155.0,351021.0,54.28,89.95,-56.05,1221609600.0
2008-09-16,1580.0,1665.0,1552.2,1647.25,1608.713231377502,364210.0,20522.0,585909446.0,77637.0,21.32,112.8,67.25,1221523200.0
2008-09-15,1640.0,1668.05,1555.0,1628.25,1602.7320925664233,498885.0,25932.0,799579000.0,135769.0,27.21,113.05,-11.75,1221436800.0
2008-09-12,1683.05,1750.0,1665.0,1696.75,1711.2191876112272,800725.0,33959.0,1370215984.0,244938.0,30.59,85.0,13.7,1221177600.0
2008-09-11,1690.0,1699.0,1655.0,1664.75,1676.3083811078534,414098.0,19161.0,694155948.0,131151.0,31.67,44.0,-25.25,1221091200.0
2008-09-10,1735.0,1750.0,1689.0,1711.15,1719.9645144350366,477969.0,21775.0,822089719.0,157268.0,32.9,61.0,-23.85,1221004800.0
2008-09-09,1785.0,1798.0,1732.1,1746.95,1751.656571062667,627798.0,25164.0,1099686492.0,217994.0,34.72,65.9,-38.05,1220918400.0
2008-09-08,1800.0,1910.0,1781.0,1790.55,1825.392242071712,709674.0,33725.0,1295433414.0,151441.0,21.34,129.0,-9.45,1220832000.0
2008-09-05,1739.0,1769.0,1720.0,1731.75,1741.732354386509,463968.0,23353.0,808108077.0,106540.0,22.96,49.0,-7.25,1220572800.0
2008-09-04,1764.0,1814.0,1732.0,1765.25,1771.4545583474344,408964.0,22151.0,724461142.0,30403.0,7.43,82.0,1.25,1220486400.0
2008-09-02,1728.0,1823.0,1707.0,1785.2,1760.034808697608,591289.0,31343.0,1040689222.0,114194.0,19.31,116.0,57.2,1220313600.0
2008-09-01,1700.0,1725.9,1650.1,1721.9,1688.77945794398,341699.0,19471.0,577054252.0,50468.0,14.77,75.8,21.9,1220227200.0
2008-08-29,1660.0,1721.7,1652.8,1706.55,1695.5276721099785,371710.0,21065.0,630244591.0,61868.0,16.64,68.9,46.55,1219968000.0
2008-08-28,1660.0,1690.0,1610.0,1628.9,1650.4717498934726,394264.0,15620.0,650721594.0,131926.0,33.46,80.0,-31.1,1219881600.0
2008-08-27,1733.0,1739.0,1676.15,1681.4,1694.5166720489506,294175.0,12169.0,498484442.0,103235.0,35.09,62.85,-51.6,1219795200.0
2008-08-26,1670.0,1728.0,1662.3,1721.7,1705.2063604911853,284129.0,15310.0,484498578.0,55185.0,19.42,65.7,51.7,1219708800.0
2008-08-25,1760.0,1760.0,1678.0,1688.55,1713.053141026437,322124.0,17788.0,551815530.0,55284.0,17.16,82.0,-71.45,1219622400.0
2008-08-22,1650.0,1725.0,1620.1,1715.95,1674.4221017664074,479844.0,25302.0,803461399.0,94646.0,19.72,104.9,65.95,1219363200.0
2008-08-21,1742.0,1742.0,1654.9,1669.85,1686.739149192367,310599.0,16089.0,523899493.0,79588.0,25.62,87.1,-72.15,1219276800.0
2008-08-20,1685.0,1743.0,1680.0,1734.9,1722.7766523881714,242089.0,12981.0,417065277.0,36866.0,15.23,63.0,49.9,1219190400.0
2008-08-19,1688.0,1694.7,1645.5,1677.9,1666.7761967244985,308655.0,14167.0,514458807.0,84662.0,27.43,49.2,-10.1,1219104000.0
2008-08-18,1710.0,1746.0,1681.05,1695.9,1712.569689204284,304380.0,17159.0,521271962.0,42197.0,13.86,64.95,-14.1,1219017600.0
2008-08-14,1780.0,1787.0,1697.2,1707.5,1721.4717761725988,389157.0,19580.0,669922792.0,110516.0,28.4,89.8,-72.5,1218672000.0
2008-08-13,1780.0,1825.0,1775.0,1787.35,1797.4111733158927,382250.0,16493.0,687060421.0,70823.0,18.53,50.0,7.35,1218585600.0
2008-08-12,1840.0,1849.9,1775.65,1805.15,1808.167072194581,439756.0,22665.0,795152319.0,67973.0,15.46,74.25,-34.85,1218499200.0
2008-08-11,1800.0,1858.0,1800.0,1826.9,1821.3008699442355,445086.0,20196.0,810635519.0,115834.0,26.03,58.0,26.9,1218412800.0
2008-08-08,1760.0,1795.5,1723.0,1783.25,1755.3753196958066,471542.0,27509.0,827733189.0,46254.0,9.81,72.5,23.25,1218153600.0
2008-08-07,1820.0,1830.0,1760.0,1774.65,1797.8532799566244,490601.0,26074.0,882028617.0,86515.0,17.63,70.0,-45.35,1218067200.0
2008-08-06,1794.0,1872.55,1794.0,1827.25,1846.8333318622888,566491.0,26446.0,1046214461.0,189415.0,33.44,78.55,33.25,1217980800.0
2008-08-05,1728.0,1777.9,1711.0,1770.4,1751.16259790522,402047.0,20525.0,704049669.0,82053.0,20.41,66.9,42.4,1217894400.0
2008-08-04,1750.0,1789.0,1700.0,1714.15,1737.3960382606335,427489.0,23294.0,742717695.0,81715.0,19.12,89.0,-35.85,1217808000.0
2008-08-01,1631.1,1792.0,1631.1,1756.5,1735.7599837531714,652435.0,31090.0,1132470565.0,164888.0,25.27,160.9,125.4,1217548800.0
2008-07-31,1680.0,1692.0,1641.1,1679.05,1667.778387190409,296278.0,17164.0,494126045.0,34815.0,11.75,50.9,-0.95,1217462400.0
2008-07-30,1620.0,1680.0,1620.0,1668.95,1654.0937528537384,339467.0,18032.0,561510244.0,69144.0,20.37,60.0,48.95,1217376000.0
2008-07-29,1630.0,1724.0,1577.15,1592.1,1608.7431697036448,430362.0,20741.0,692341928.0,144714.0,33.63,146.85,-37.9,1217289600.0
2008-07-28,1640.0,1712.9,1630.0,1648.7,1675.8806384144477,379628.0,18532.0,636211215.0,102432.0,26.98,82.9,8.7,1217203200.0
2008-07-25,1680.0,1745.0,1638.0,1654.9,1691.0026611905025,533220.0,27584.0,901676439.0,119239.0,22.36,107.0,-25.1,1216944000.0
2008-07-24,1796.0,1809.9,1690.0,1723.95,1732.6437972930703,569058.0,30035.0,985974814.0,101323.0,17.81,119.9,-72.05,1216857600.0
2008-07-23,1650.0,1812.0,1649.0,1772.0,1757.3042945185184,1043167.0,48190.0,1833161849.0,249466.0,23.91,163.0,122.0,1216771200.0
2008-07-22,1525.0,1610.0,1525.0,1597.5,1581.2554347740802,637239.0,30235.0,1007637632.0,167915.0,26.35,85.0,72.5,1216684800.0
2008-07-21,1530.0,1564.0,1478.0,1506.45,1512.5968184551032,503969.0,26189.0,762301906.0,100789.0,20.0,86.0,-23.55,1216598400.0
2008-07-18,1460.0,1543.85,1455.0,1530.25,1502.476563680033,470061.0,23889.0,706255636.0,133984.0,28.5,88.85,70.25,1216339200.0
2008-07-17,1425.0,1464.0,1406.0,1452.5,1435.4023277244096,316876.0,20048.0,454844548.0,87623.0,27.65,58.0,27.5,1216252800.0
2008-07-16,1373.0,1424.9,1356.85,1381.15,1385.9220604528164,370967.0,20516.0,514131349.0,70133.0,18.91,68.05,8.15,1216166400.0
2008-07-15,1437.0,1460.0,1365.6,1372.05,1401.035863727412,375923.0,23026.0,526681605.0,108831.0,28.95,94.4,-64.95,1216080000.0
2008-07-14,1510.0,1523.8,1461.3,1470.0,1487.3178230711335,393288.0,23433.0,584944252.0,48221.0,12.26,62.5,-40.0,1215993600.0
2008-07-11,1580.0,1588.0,1493.0,1521.25,1538.56156241486,598279.0,24532.0,920489073.0,186946.0,31.25,95.0,-58.75,1215734400.0
2008-07-10,1560.0,1610.0,1552.0,1563.15,1580.6849852103055,438481.0,20724.0,693100333.0,101391.0,23.12,58.0,3.15,1215648000.0
2008-07-09,1525.0,1594.0,1521.0,1575.3,1571.1116935383698,483036.0,21347.0,758903508.0,174435.0,36.11,73.0,50.3,1215561600.0
2008-07-08,1440.0,1529.7,1390.0,1498.25,1492.6694329257675,562854.0,28572.0,840154961.0,99244.0,17.63,139.7,58.25,1215475200.0
2008-07-07,1525.0,1579.7,1430.0,1466.35,1517.430771663504,505920.0,25965.0,767698576.0,119386.0,23.6,149.7,-58.65,1215388800.0
2008-07-04,1400.0,1512.6,1391.15,1500.3,1471.0798229586512,518297.0,28299.0,762456259.0,131779.0,25.43,121.45,100.3,1215129600.0
2008-07-03,1415.0,1420.0,1350.0,1396.6,1380.3362026244324,387436.0,18210.0,534791937.0,99060.0,25.57,70.0,-18.4,1215043200.0
2008-07-02,1340.0,1448.0,1340.0,1426.25,1390.8965441440787,386677.0,23693.0,537827703.0,73239.0,18.94,108.0,86.25,1214956800.0
2008-07-01,1387.0,1402.0,1345.0,1355.3,1369.563421121728,262791.0,14855.0,359908941.0,47790.0,18.19,57.0,-31.7,1214870400.0
2008-06-30,1370.0,1426.0,1359.0,1380.6,1399.0062002067748,328860.0,18808.0,460077179.0,31179.0,9.48,67.0,10.6,1214784000.0
2008-06-27,1399.2,1408.0,1362.0,1380.45,1379.3768147345609,249210.0,14466.0,343754496.0,66887.0,26.84,46.0,-18.75,1214524800.0
2008-06-26,1450.0,1470.0,1408.1,1437.25,1441.9774832605224,332597.0,19206.0,479597385.0,39948.0,12.01,61.9,-12.75,1214438400.0
2008-06-25,1369.0,1450.0,1352.0,1442.0,1426.9691879703385,436388.0,23072.0,622712230.0,92235.0,21.14,98.0,73.0,1214352000.0
2008-06-24,1360.0,1410.0,1348.0,1391.0,1385.0098380357467,500913.0,25303.0,693769433.0,92632.0,18.49,62.0,31.0,1214265600.0
2008-06-23,1390.0,1401.0,1340.0,1361.45,1361.3186457189868,429069.0,17866.0,584099630.0,150367.0,35.04,61.0,-28.55,1214179200.0
2008-06-20,1400.25,1453.0,1398.0,1405.35,1413.4195241308912,589742.0,22045.0,833552857.0,242449.0,41.11,55.0,5.1,1213920000.0
2008-06-19,1479.0,1490.0,1416.0,1423.15,1433.5825304053815,566676.0,21465.0,812376814.0,280452.0,49.49,74.0,-55.85,1213833600.0
2008-06-18,1480.0,1564.2,1480.0,1498.7,1523.4785251927765,261702.0,14108.0,398697377.0,46667.0,17.83,84.2,18.7,1213747200.0
2008-06-17,1535.0,1571.0,1522.0,1539.3,1547.4440600676153,381570.0,16053.0,590458230.0,88054.0,23.08,49.0,4.3,1213660800.0
2008-06-16,1585.0,1612.95,1511.15,1527.55,1550.572122883774,525700.0,26977.0,815135765.0,110286.0,20.98,101.8,-57.45,1213574400.0
2008-06-13,1527.0,1605.8,1494.0,1561.1,1551.551040221214,990895.0,37779.0,1537424168.0,346659.0,34.98,111.8,34.1,1213315200.0
2008-06-12,1448.0,1557.0,1398.0,1518.8,1471.4834130055954,1206819.0,37701.0,1775814141.0,441901.0,36.62,159.0,70.8,1213228800.0
2008-06-11,1405.0,1509.0,1400.0,1481.45,1461.2335681973805,719991.0,28188.0,1052075018.0,268119.0,37.24,109.0,76.45,1213142400.0
2008-06-10,1374.65,1428.9,1360.0,1382.05,1394.8079263163247,511158.0,20246.0,712967230.0,192251.0,37.61,68.9,7.4,1213056000.0
2008-06-09,1355.0,1395.0,1325.25,1374.65,1368.477923476644,651801.0,18497.0,891975279.0,269875.0,41.4,69.75,19.65,1212969600.0
2008-06-06,1470.0,1499.95,1411.25,1421.45,1462.171685215918,430835.0,21506.0,629954738.0,124800.0,28.97,88.7,-48.55,1212710400.0
2008-06-05,1471.0,1485.0,1407.0,1444.8,1437.0762350747455,471935.0,19558.0,678206573.0,198953.0,42.16,78.0,-26.2,1212624000.0
2008-06-04,1560.0,1564.0,1456.05,1471.25,1494.8626448501486,413876.0,22996.0,618687772.0,143361.0,34.64,107.95,-88.75,1212537600.0
2008-06-03,1581.0,1589.85,1501.15,1548.5,1534.255775336823,466120.0,18897.0,715147302.0,193763.0,41.57,88.7,-32.5,1212451200.0
2008-06-02,1675.55,1689.0,1586.0,1595.65,1631.0315771096023,257750.0,12740.0,420398389.0,80069.0,31.06,103.0,-79.9,1212364800.0
2008-05-30,1630.0,1668.0,1610.0,1662.15,1647.8852287083166,293671.0,16819.0,483936103.0,69263.0,23.59,58.0,32.15,1212105600.0
2008-05-29,1637.3,1659.0,1581.25,1599.9,1617.0623874168234,351962.0,15712.0,569144512.0,142518.0,40.49,77.75,-37.4,1212019200.0
2008-05-28,1684.0,1684.0,1591.6,1612.15,1611.3226286341935,475243.0,19534.0,765769800.0,253744.0,53.39,92.4,-71.85,1211932800.0
2008-05-27,1678.0,1726.95,1650.0,1658.2,1691.5910581605233,381152.0,14147.0,644753315.0,135637.0,35.59,76.95,-19.8,1211846400.0
2008-05-26,1720.0,1730.0,1646.25,1656.1,1663.037015622043,380488.0,17372.0,632765628.0,157930.0,41.51,83.75,-63.9,1211760000.0
2008-05-23,1749.95,1775.0,1731.0,1747.2,1748.540962946415,237251.0,9707.0,414843092.0,68986.0,29.08,44.0,-2.75,1211500800.0
2008-05-22,1770.0,1770.0,1730.1,1748.05,1745.4824978168524,135126.0,7079.0,235860068.0,43810.0,32.42,39.9,-21.95,1211414400.0
2008-05-21,1735.0,1786.9,1710.0,1771.7,1763.4116542298984,178905.0,10390.0,315483162.0,34451.0,19.26,76.9,36.7,1211328000.0
2008-05-20,1825.0,1825.0,1725.0,1736.5,1745.1961313672625,271879.0,11743.0,474482179.0,140541.0,51.69,100.0,-88.5,1211241600.0
2008-05-16,1810.2,1823.0,1782.15,1795.3,1798.6851956957364,172666.0,7602.0,310571778.0,52634.0,30.48,40.85,-14.9,1210896000.0
2008-05-15,1764.0,1816.0,1760.0,1799.75,1794.496859942217,205251.0,12241.0,368322275.0,39480.0,19.23,56.0,35.75,1210809600.0
2008-05-14,1745.0,1784.85,1725.0,1746.9,1749.7207584395326,174358.0,9138.0,305077812.0,25214.0,14.46,59.85,1.9,1210723200.0
2008-05-13,1769.9,1798.7,1710.0,1739.3,1769.7361966622989,214459.0,10778.0,379535855.0,49922.0,23.28,88.7,-30.6,1210636800.0
2008-05-12,1716.0,1763.0,1707.0,1748.2,1729.4049131060583,300136.0,9599.0,519056673.0,122928.0,40.96,56.0,32.2,1210550400.0
2008-05-09,1755.0,1770.0,1720.0,1724.5,1733.9960874818844,257379.0,8669.0,446294179.0,147463.0,57.29,50.0,-30.5,1210291200.0
2008-05-08,1755.0,1782.0,1700.15,1760.2,1766.7670341870526,261210.0,8600.0,461497217.0,136951.0,52.43,81.85,5.2,1210204800.0
2008-05-07,1850.0,1860.0,1775.0,1783.75,1799.2807003364712,235087.0,13626.0,422987502.0,80811.0,34.37,85.0,-66.25,1210118400.0
2008-05-06,1910.0,1929.0,1845.0,1860.45,1886.1723092087805,158262.0,9149.0,298509402.0,32642.0,20.63,84.0,-49.55,1210032000.0
2008-05-05,1913.0,1934.0,1844.0,1907.55,1919.4155939798611,224048.0,9721.0,430041225.0,71280.0,31.81,90.0,-5.45,1209945600.0
2008-05-02,1910.5,1932.0,1895.0,1909.25,1914.8164929995407,220057.0,10144.0,421368773.0,92099.0,41.85,37.0,-1.25,1209686400.0
2008-04-30,1907.0,1922.0,1887.0,1897.0,1902.3068846410488,203816.0,11267.0,387720580.0,55273.0,27.12,35.0,-10.0,1209513600.0
2008-04-29,1874.0,1914.45,1840.0,1891.85,1873.9085482991488,238410.0,14088.0,446758537.0,37868.0,15.88,74.45,17.85,1209427200.0
2008-04-28,1869.0,1883.9,1840.0,1867.7,1868.6930543431529,153506.0,8440.0,286855596.0,26787.0,17.45,43.9,-1.3,1209340800.0
2008-04-25,1850.0,1886.0,1840.0,1866.7,1864.5178881658371,203766.0,11919.0,379925352.0,38598.0,18.94,46.0,16.7,1209081600.0
2008-04-24,1849.0,1865.0,1811.0,1848.6,1838.198530387473,241152.0,12307.0,443285252.0,68017.0,28.21,54.0,-0.4,1208995200.0
2008-04-23,1871.0,1899.0,1791.0,1826.9,1840.4340594343719,320387.0,19867.0,589651147.0,47565.0,14.85,108.0,-44.1,1208908800.0
2008-04-22,1765.0,1885.0,1755.0,1871.8,1832.02988764559,611992.0,27664.0,1121187635.0,226918.0,37.08,130.0,106.8,1208822400.0
2008-04-21,1805.0,1819.0,1753.25,1773.4,1779.8355426935525,321360.0,14850.0,571967950.0,98740.0,30.73,65.75,-31.6,1208736000.0
2008-04-17,1801.0,1824.0,1770.0,1785.2,1784.3721847311367,424249.0,14472.0,757018115.0,215091.0,50.7,54.0,-15.8,1208390400.0
2008-04-16,1855.0,1864.0,1771.15,1778.15,1803.677921358027,364411.0,20498.0,657280075.0,111036.0,30.47,92.85,-76.85,1208304000.0
2008-04-15,1810.0,1855.0,1780.0,1837.25,1828.0066067569705,379460.0,21623.0,693655387.0,95573.0,25.19,75.0,27.25,1208217600.0
2008-04-11,1765.25,1843.95,1765.25,1829.95,1820.4103824133408,702669.0,36000.0,1279145943.0,229910.0,32.72,78.7,64.7,1207872000.0
2008-04-10,1776.0,1814.9,1752.0,1765.25,1787.5533212800406,412612.0,25451.0,737565951.0,62243.0,15.09,62.9,-10.75,1207785600.0
2008-04-09,1720.0,1786.0,1690.0,1776.75,1759.3614686392175,690544.0,35146.0,1214916506.0,300817.0,43.56,96.0,56.75,1207699200.0
2008-04-08,1635.0,1725.0,1627.3,1712.75,1684.1752333066113,1568001.0,59575.0,2640788450.0,678625.0,43.28,97.7,77.75,1207612800.0
2008-04-07,1655.0,1660.0,1570.9,1636.3,1615.516249933688,1131020.0,56197.0,1827181189.0,243186.0,21.5,89.1,-18.7,1207526400.0
2008-04-04,1775.0,1781.4,1625.05,1634.1,1667.3126402456835,1297277.0,75295.0,2162966340.0,464442.0,35.8,156.35,-140.9,1207267200.0
2008-04-03,1888.2,1888.2,1701.1,1754.95,1773.5188044032336,1239816.0,72807.0,2198836990.0,282926.0,22.82,187.1,-133.25,1207180800.0
2008-04-02,1960.0,1991.0,1842.0,1852.5,1881.165024527734,455199.0,29467.0,856304438.0,154806.0,34.01,149.0,-107.5,1207094400.0
2008-04-01,2070.0,2088.0,1881.0,1891.85,1925.5372267109522,478111.0,29535.0,920620529.0,238640.0,49.91,207.0,-178.15,1207008000.0
2008-03-31,2092.0,2092.0,1983.3,2056.55,2028.640312312528,223366.0,12531.0,453129272.0,37449.0,16.77,108.7,-35.45,1206921600.0
2008-03-28,2000.0,2103.0,1975.5,2092.45,2044.6833091053256,189175.0,9840.0,386802965.0,63936.0,33.8,127.5,92.45,1206662400.0
2008-03-27,1935.0,2010.0,1910.0,1985.8,1965.3281024832604,125601.0,7768.0,246847175.0,36388.0,28.97,100.0,50.8,1206576000.0
2008-03-26,2000.0,2034.0,1930.5,1954.95,1982.6275312072128,124891.0,9022.0,247612335.0,32778.0,26.25,103.5,-45.05,1206489600.0
2008-03-25,1920.0,2040.0,1909.0,2012.55,1977.9925385948209,192189.0,10529.0,380148408.0,73491.0,38.24,131.0,92.55,1206403200.0
2008-03-24,1875.0,1896.7,1779.0,1871.35,1833.3186356667968,125893.0,7837.0,230801983.0,33474.0,26.59,117.7,-3.65,1206316800.0
2008-03-19,1895.0,1912.0,1835.05,1848.2,1869.472884565188,241357.0,8633.0,451210367.0,137229.0,56.86,76.95,-46.8,1205884800.0
2008-03-18,1800.0,1918.7,1782.0,1823.8,1850.3383587807828,176966.0,10823.0,327446978.0,49591.0,28.02,136.7,23.8,1205798400.0
2008-03-17,1878.0,1878.0,1765.0,1796.05,1804.438548694918,140949.0,9512.0,254333809.0,39014.0,27.68,113.0,-81.95,1205712000.0
2008-03-14,1895.0,1920.0,1845.0,1878.95,1875.967051488246,181556.0,10056.0,340593074.0,60478.0,33.31,75.0,-16.05,1205452800.0
2008-03-13,1950.0,1980.0,1855.0,1882.8,1887.7898131047496,199256.0,11949.0,376153447.0,76010.0,38.15,125.0,-67.2,1205366400.0
2008-03-12,2056.0,2114.7,1976.0,2016.5,2037.4927744506408,174658.0,9645.0,355864413.0,43125.0,24.69,138.7,-39.5,1205280000.0
2008-03-11,1909.0,2010.0,1880.0,1992.7,1956.6416398188355,192753.0,11476.0,377148546.0,34395.0,17.84,130.0,83.7,1205193600.0
2008-03-10,1974.75,1990.0,1820.0,1910.4,1898.2777824787438,366355.0,12868.0,695443557.0,193120.0,52.71,170.0,-64.35,1205107200.0
2008-03-07,2040.0,2060.0,1950.0,2025.75,2000.4564162809768,197482.0,8798.0,395054134.0,73855.0,37.4,110.0,-14.25,1204848000.0
2008-03-05,2110.0,2139.9,2060.0,2081.4,2095.5452042620195,103519.0,7142.0,216928744.0,12959.0,12.52,79.9,-28.6,1204675200.0
2008-03-04,2095.0,2137.9,2050.0,2098.25,2079.6926624064354,168066.0,8634.0,349525627.0,55681.0,33.13,87.9,3.25,1204588800.0
2008-03-03,2235.0,2235.0,2082.0,2099.45,2143.3350093010267,168261.0,10367.0,360639692.0,55070.0,32.73,153.0,-135.55,1204502400.0
2008-02-29,2315.05,2366.0,2209.0,2282.0,2296.634242077509,201010.0,11268.0,461646449.0,43769.0,21.77,157.0,-33.05,1204243200.0
2008-02-28,2250.0,2340.0,2220.0,2323.6,2288.5758610675493,172170.0,11481.0,394024106.0,37782.0,21.94,120.0,73.6,1204156800.0
2008-02-27,2201.0,2285.0,2201.0,2262.9,2264.946306053712,168343.0,8935.0,381287856.0,66284.0,39.37,84.0,61.9,1204070400.0
2008-02-26,2100.0,2198.0,2071.0,2180.55,2138.92108705427,146782.0,8955.0,313955115.0,37713.0,25.69,127.0,80.55,1203984000.0
2008-02-25,2075.0,2098.0,2041.0,2085.1,2062.91818082511,82389.0,4090.0,169961766.0,36383.0,44.16,57.0,10.1,1203897600.0
2008-02-22,2068.0,2070.0,2027.7,2058.85,2059.283709425009,39618.0,3333.0,81584702.0,11989.0,30.26,42.3,-9.15,1203638400.0
2008-02-21,2175.0,2188.0,2047.1,2092.05,2089.6210089827814,104422.0,8027.0,218202405.0,28242.0,27.05,140.9,-82.95,1203552000.0
2008-02-20,2239.0,2239.0,2115.0,2124.2,2132.973404255319,119568.0,4837.0,255035364.0,69218.0,57.89,124.0,-114.8,1203465600.0
2008-02-19,2245.0,2260.0,2220.0,2225.25,2240.3185805815674,50725.0,3528.0,113640160.0,10615.0,20.93,40.0,-19.75,1203379200.0
2008-02-18,2273.0,2280.0,2200.0,2216.2,2223.289797416041,103562.0,6770.0,230248338.0,20392.0,19.69,80.0,-56.8,1203292800.0
2008-02-15,2200.0,2309.9,2150.0,2261.35,2254.9950334080136,201748.0,10820.0,454940738.0,80246.0,39.78,159.9,61.35,1203033600.0
2008-02-14,2050.0,2259.95,2050.0,2232.0,2161.0108711869198,247995.0,13940.0,535919891.0,112282.0,45.28,209.95,182.0,1202947200.0
2008-02-13,1900.0,2000.0,1900.0,1981.75,1954.220432089893,160013.0,6265.0,312700674.0,87878.0,54.92,100.0,81.75,1202860800.0
2008-02-12,1911.55,1948.0,1850.0,1878.1,1898.741584598104,191405.0,6014.0,363428633.0,111070.0,58.03,98.0,-33.45,1202774400.0
2008-02-11,2015.0,2048.0,1870.1,1897.65,1929.2045748425155,144617.0,7519.0,278995778.0,69118.0,47.79,177.9,-117.35,1202688000.0
2008-02-08,2020.0,2035.0,1988.0,2013.7,2008.388792957948,77023.0,4893.0,154692130.0,24933.0,32.37,47.0,-6.3,1202428800.0
2008-02-07,2049.0,2059.6,2003.0,2019.9,2030.3339329200799,72272.0,5094.0,146736294.0,22514.0,31.15,56.6,-29.1,1202342400.0
2008-02-06,2024.0,2070.0,1990.0,2029.0,2035.8916715200928,127058.0,5051.0,258676324.0,81423.0,64.08,80.0,5.0,1202256000.0
2008-02-05,2051.0,2106.0,2045.0,2086.3,2070.2332829546467,78737.0,4492.0,163003958.0,26825.0,34.07,61.0,35.3,1202169600.0
2008-02-04,2090.0,2150.0,2045.0,2060.2,2104.740830218606,136181.0,4458.0,286625711.0,89569.0,65.77,105.0,-29.8,1202083200.0
2008-02-01,2070.0,2095.0,2042.1,2065.35,2063.854488394126,84440.0,3514.0,174271873.0,35752.0,42.34,52.9,-4.65,1201824000.0
2008-01-31,2092.0,2100.0,2049.1,2064.1,2066.9675080500037,229503.0,4487.0,474375244.0,168054.0,73.23,50.9,-27.9,1201737600.0
2008-01-30,2100.0,2140.0,2042.1,2089.25,2074.692078478869,145313.0,4437.0,301479730.0,83612.0,57.54,97.9,-10.75,1201651200.0
2008-01-29,2149.0,2149.0,2040.0,2051.95,2083.0328417459345,208576.0,4954.0,434470658.0,150676.0,72.24,109.0,-97.05,1201564800.0
2008-01-28,2160.0,2160.0,2041.0,2092.3,2069.084017266613,161931.0,5543.0,335048844.0,119434.0,73.76,119.0,-67.7,1201478400.0
2008-01-25,2125.0,2246.0,2125.0,2165.0,2177.8414298280522,190988.0,6021.0,415941579.0,118720.0,62.16,121.0,40.0,1201219200.0
2008-01-24,2221.0,2265.0,2075.2,2095.55,2155.2618023832724,223726.0,6638.0,482188102.0,133627.0,59.73,189.8,-125.45,1201132800.0
2008-01-23,2150.0,2273.8,2044.75,2145.75,2137.2529545787093,239205.0,7349.0,511241593.0,125097.0,52.3,229.05,-4.25,1201046400.0
2008-01-22,2048.0,2100.0,1800.0,1985.2,1946.9332923210309,313727.0,7170.0,610805541.0,197888.0,63.08,300.0,-62.8,1200960000.0
2008-01-21,2302.45,2302.45,2000.0,2113.6,2192.714706321842,180691.0,7741.0,396203813.0,110177.0,60.98,302.45,-188.85,1200873600.0
2008-01-18,2335.0,2335.0,2285.05,2302.45,2303.827066760505,140667.0,5130.0,324072442.0,78044.0,55.48,49.95,-32.55,1200614400.0
2008-01-17,2334.8,2393.0,2279.95,2348.5,2335.748472907848,136534.0,6207.0,318909082.0,64305.0,47.1,113.05,13.7,1200528000.0
2008-01-16,2410.0,2410.0,2270.0,2308.9,2307.526369123237,202301.0,9682.0,466814892.0,119576.0,59.11,140.0,-101.1,1200441600.0
2008-01-15,2476.0,2510.0,2400.0,2415.65,2452.240384615385,51272.0,3077.0,125731269.0,24005.0,46.82,110.0,-60.35,1200355200.0
2008-01-14,2449.7,2484.9,2445.0,2473.95,2464.8061816476165,40507.0,2179.0,99841904.0,22354.0,55.19,39.9,24.25,1200268800.0
2008-01-11,2438.0,2458.0,2402.0,2435.15,2425.7327985189763,139363.0,3826.0,338057400.0,88032.0,63.17,56.0,-2.85,1200009600.0
2008-01-10,2469.0,2494.4,2429.0,2436.0,2449.848881436977,128826.0,5954.0,315604232.0,38188.0,29.64,65.4,-33.0,1199923200.0
2008-01-09,2457.1,2503.0,2431.35,2443.8,2464.158118033672,81553.0,4257.0,200959487.0,35637.0,43.7,71.65,-13.3,1199836800.0
2008-01-08,2530.0,2548.0,2480.1,2494.3,2504.269221688833,63535.0,3606.0,159108745.0,20189.0,31.78,67.9,-35.7,1199750400.0
2008-01-07,2528.8,2539.0,2501.85,2509.2,2516.896297762407,95996.0,3089.0,241611977.0,51045.0,53.17,37.15,-19.6,1199664000.0
2008-01-04,2525.0,2561.0,2510.0,2545.75,2543.231477276168,66054.0,3695.0,167990612.0,29387.0,44.49,51.0,20.75,1199404800.0
2008-01-03,2249.35,2545.0,2249.35,2511.8,2519.143931951301,80413.0,3093.0,202571921.0,49233.0,61.23,295.65,262.45,1199318400.0
2008-01-02,2625.0,2626.0,2510.05,2550.05,2542.601093282107,70796.0,4198.0,180005987.0,20259.0,28.62,115.95,-74.95,1199232000.0
2008-01-01,2585.0,2599.0,2563.0,2584.45,2579.949649377724,31658.0,1826.0,81676046.0,18762.0,59.26,36.0,-0.55,1199145600.0
2007-12-31,2600.25,2624.85,2568.0,2584.25,2591.4253653341752,50707.0,3016.0,131403406.0,14568.0,28.73,56.85,-16.0,1199059200.0
2007-12-28,2540.0,2591.0,2510.0,2581.8,2554.714602623457,62208.0,3227.0,158923686.0,20166.0,32.42,81.0,41.8,1198800000.0
2007-12-27,2565.0,2590.0,2541.0,2557.45,2557.7727183156235,65971.0,3533.0,168738824.0,19366.0,29.36,49.0,-7.55,1198713600.0
2007-12-26,2500.0,2571.0,2500.0,2554.65,2548.929264974468,107316.0,5445.0,273540893.0,43430.0,40.47,71.0,54.65,1198627200.0
2007-12-24,2418.0,2499.0,2402.0,2489.25,2460.2679027791146,93519.0,6288.0,230081794.0,26227.0,28.04,97.0,71.25,1198454400.0
2007-12-20,2440.0,2440.0,2348.0,2368.85,2373.77601792389,90159.0,5657.0,214017272.0,35374.0,39.24,92.0,-71.15,1198108800.0
2007-12-19,2445.0,2470.0,2365.0,2400.4,2406.747212320989,253616.0,5758.0,610389601.0,180304.0,71.09,105.0,-44.6,1198022400.0
2007-12-18,2460.0,2460.0,2356.0,2395.1,2394.311349460193,269819.0,10152.0,646030694.0,176399.0,65.38,104.0,-64.9,1197936000.0
2007-12-17,2570.0,2570.0,2406.0,2425.25,2476.4317528077977,207547.0,10606.0,513975981.0,127257.0,61.31,164.0,-144.75,1197849600.0
2007-12-14,2625.0,2625.0,2553.05,2561.45,2569.498615184099,122760.0,5422.0,315431650.0,65975.0,53.74,71.95,-63.55,1197590400.0
2007-12-13,2729.9,2729.9,2585.0,2591.5,2624.828360113804,160627.0,6675.0,421618305.0,77274.0,48.11,144.9,-138.4,1197504000.0
2007-12-12,2670.25,2682.0,2622.0,2648.35,2653.9577095745217,237004.0,4236.0,628998593.0,180003.0,75.95,60.0,-21.9,1197417600.0
2007-12-11,2680.0,2730.0,2650.0,2670.25,2695.058000664089,93361.0,4019.0,251613310.0,36519.0,39.12,80.0,-9.75,1197331200.0
2007-12-10,2750.0,2760.0,2666.65,2677.35,2690.218374373636,130116.0,4105.0,350040454.0,82399.0,63.33,93.35,-72.65,1197244800.0
2007-12-07,2810.0,2835.0,2735.0,2743.05,2746.990292001951,262464.0,2563.0,720986060.0,233088.0,88.81,100.0,-66.95,1196985600.0
2007-12-06,2852.0,2870.0,2777.0,2785.95,2803.163154640865,134253.0,2779.0,376333063.0,98913.0,73.68,93.0,-66.05,1196899200.0
2007-12-05,2805.0,2850.0,2790.05,2822.55,2819.581758391292,52912.0,2804.0,149189710.0,20946.0,39.59,59.95,17.55,1196812800.0
2007-12-04,2789.0,2825.0,2777.0,2815.4,2805.7706488554077,85489.0,4250.0,239862527.0,40321.0,47.17,48.0,26.4,1196726400.0
2007-12-03,2699.0,2769.0,2693.0,2761.25,2739.6881554148745,62079.0,3632.0,170077101.0,18548.0,29.88,76.0,62.25,1196640000.0
2007-11-30,2687.0,2718.0,2599.0,2680.25,2673.316109610189,64775.0,4431.0,173164051.0,12630.0,19.5,119.0,-6.75,1196380800.0
2007-11-29,2740.0,2790.0,2650.0,2686.9,2717.989966090091,93483.0,4254.0,254085856.0,32993.0,35.29,140.0,-53.1,1196294400.0
2007-11-28,2699.0,2777.8,2680.0,2724.55,2744.6039457262423,149833.0,7641.0,411232243.0,53827.0,35.92,97.8,25.55,1196208000.0
2007-11-27,2606.0,2684.0,2571.0,2672.95,2631.2045648636745,111241.0,6805.0,292697827.0,24882.0,22.37,113.0,66.95,1196121600.0
2007-11-26,2579.8,2625.0,2579.8,2605.1,2601.996742032931,96993.0,4623.0,252375470.0,32128.0,33.12,45.2,25.3,1196035200.0
2007-11-23,2551.0,2589.0,2485.0,2543.2,2539.489366616164,108244.0,6243.0,274884487.0,20169.0,18.63,104.0,-7.8,1195776000.0
2007-11-22,2500.0,2560.0,2380.0,2485.1,2458.473431403068,276266.0,11865.0,679192621.0,108953.0,39.44,180.0,-14.9,1195689600.0
2007-11-21,2670.0,2670.0,2463.0,2486.1,2542.017542017388,180937.0,11216.0,459945028.0,78710.0,43.5,207.0,-183.9,1195603200.0
2007-11-20,2758.0,2775.0,2625.0,2654.2,2709.8017733219635,212257.0,7451.0,575174395.0,109858.0,51.76,150.0,-103.8,1195516800.0
2007-11-19,2849.0,2893.0,2775.0,2783.55,2793.530705340621,92948.0,3334.0,259653092.0,45697.0,49.16,118.0,-65.45,1195430400.0
2007-11-16,2800.0,2819.0,2750.0,2786.55,2794.1143737659418,74956.0,3395.0,209435637.0,20572.0,27.45,69.0,-13.45,1195171200.0
2007-11-15,2887.0,2893.85,2791.1,2823.15,2830.274327919711,97347.0,4939.0,275518715.0,20600.0,21.16,102.75,-63.85,1195084800.0
2007-11-14,2824.95,2910.0,2816.0,2873.85,2869.294941935484,155000.0,7464.0,444740716.0,36505.0,23.55,94.0,48.9,1194998400.0
2007-11-13,2720.0,2859.0,2696.5,2776.9,2772.0920317019177,247556.0,9176.0,686248015.0,98499.0,39.79,162.5,56.9,1194912000.0
2007-11-12,2725.0,2750.0,2626.0,2729.45,2680.1467152463847,222315.0,8256.0,595836817.0,97059.0,43.66,124.0,4.45,1194825600.0
2007-11-09,2810.0,2849.0,2725.0,2774.5,2792.3189600742803,26925.0,2113.0,75183188.0,12380.0,45.98,124.0,-35.5,1194566400.0
2007-11-08,2798.0,2836.0,2750.0,2793.6,2788.959717524564,124471.0,6497.0,347144605.0,30794.0,24.74,86.0,-4.4,1194480000.0
2007-11-07,2750.0,2925.0,2731.0,2821.0,2822.603473981253,193841.0,9778.0,547136280.0,45339.0,23.39,194.0,71.0,1194393600.0
2007-11-06,2670.0,2774.9,2670.0,2724.25,2728.1123148027677,176771.0,8693.0,482251142.0,42334.0,23.95,104.9,54.25,1194307200.0
2007-11-05,2720.0,2749.0,2630.1,2663.35,2695.0892920735478,106706.0,4943.0,287582198.0,41539.0,38.93,118.9,-56.65,1194220800.0
2007-11-02,2600.0,2738.0,2525.0,2715.25,2656.9818441606617,145573.0,6707.0,386784818.0,62435.0,42.89,213.0,115.25,1193961600.0
2007-11-01,2680.0,2740.0,2620.0,2661.3,2683.167970382569,320622.0,9926.0,860282681.0,148491.0,46.31,120.0,-18.7,1193875200.0
2007-10-31,2689.35,2689.9,2600.0,2613.35,2640.287664780067,140111.0,7726.0,369933345.0,34672.0,24.75,89.9,-76.0,1193788800.0
2007-10-30,2701.55,2750.0,2625.0,2654.55,2693.007816543421,282094.0,14013.0,759681347.0,78749.0,27.92,125.0,-47.0,1193702400.0
2007-10-29,2470.0,2697.9,2470.0,2612.1,2619.5596383504558,405033.0,20542.0,1061008099.0,92349.0,22.8,227.9,142.1,1193616000.0
2007-10-26,2319.0,2444.0,2290.0,2431.75,2376.715805777768,337016.0,16300.0,800991254.0,98605.0,29.26,154.0,112.75,1193356800.0
2007-10-25,2281.0,2340.0,2266.0,2289.3,2305.502875575115,119976.0,5658.0,276605013.0,39729.0,33.11,74.0,8.3,1193270400.0
2007-10-24,2310.0,2360.0,2214.2,2274.05,2284.846925125173,235473.0,11076.0,538019760.0,68966.0,29.29,145.8,-35.95,1193184000.0
2007-10-23,2099.0,2359.0,2099.0,2294.3,2273.0861299680882,344700.0,14639.0,783532789.0,96036.0,27.86,260.0,195.3,1193097600.0
2007-10-22,2011.0,2094.7,1970.0,2056.85,2040.8753520661553,166517.0,7934.0,339840441.0,56318.0,33.82,124.7,45.85,1193011200.0
2007-10-19,2080.0,2212.0,2005.0,2051.6,2059.6889130906698,271789.0,11660.0,559800790.0,117073.0,43.07,207.0,-28.4,1192752000.0
2007-10-18,2307.6,2375.0,2153.0,2182.25,2301.855699135627,230456.0,7851.0,530476457.0,107646.0,46.71,222.0,-125.35,1192665600.0
2007-10-17,2300.0,2355.0,2101.6,2283.25,2270.372735675257,318086.0,11149.0,722173782.0,155784.0,48.98,253.4,-16.75,1192579200.0
2007-10-16,2420.0,2434.0,2365.0,2395.7,2395.835423317028,91787.0,4665.0,219906546.0,26032.0,28.36,69.0,-24.3,1192492800.0
2007-10-15,2370.0,2427.0,2331.0,2412.8,2396.651398694448,127762.0,6333.0,306200976.0,27041.0,21.17,96.0,42.8,1192406400.0
2007-10-12,2415.0,2467.0,2319.0,2341.35,2393.633803014831,213478.0,7838.0,510988157.0,66338.0,31.07,148.0,-73.65,1192147200.0
2007-10-11,2340.0,2450.0,2335.0,2421.2,2392.6721132340604,528039.0,9128.0,1263424190.0,318930.0,60.4,115.0,81.2,1192060800.0
2007-10-10,2252.0,2387.0,2252.0,2330.65,2324.2028860464607,231805.0,10969.0,538761850.0,38154.0,16.46,135.0,78.65,1191974400.0
2007-10-09,2190.0,2246.0,2140.0,2236.75,2210.411958339601,226018.0,8304.0,499592890.0,53858.0,23.83,106.0,46.75,1191888000.0
2007-10-08,2171.0,2250.0,2115.0,2190.75,2174.618920062033,319185.0,10754.0,694105740.0,84680.0,26.53,135.0,19.75,1191801600.0
2007-10-05,2149.0,2229.0,2100.0,2153.55,2177.00274912246,298277.0,10375.0,649349849.0,83072.0,27.85,129.0,4.55,1191542400.0
2007-10-04,2090.0,2139.7,2060.0,2091.7,2102.4036138564443,280476.0,8632.0,589673756.0,115378.0,41.14,79.7,1.7,1191456000.0
2007-10-03,2005.0,2084.0,1995.0,2074.25,2045.162301954257,162210.0,5973.0,331745777.0,61304.0,37.79,89.0,69.25,1191369600.0
2007-10-01,2059.9,2070.0,1984.25,1990.05,2003.1858205815847,152136.0,4967.0,304756678.0,62040.0,40.78,85.75,-69.85,1191196800.0
2007-09-28,2051.0,2089.2,2026.0,2032.75,2051.0628599013826,87003.0,3868.0,178448622.0,32971.0,37.9,63.2,-18.25,1190937600.0
2007-09-27,2015.0,2066.0,1985.0,2040.7,2020.8777846159,238857.0,5882.0,482700805.0,136589.0,57.18,81.0,25.7,1190851200.0
2007-09-26,2010.0,2021.0,1980.6,1988.9,2000.0804747797613,153924.0,3551.0,307860387.0,73568.0,47.8,40.4,-21.1,1190764800.0
2007-09-25,2020.0,2027.0,1954.0,2001.95,2000.3880178298677,64162.0,3026.0,128348896.0,22815.0,35.56,73.0,-18.05,1190678400.0
2007-09-24,2009.4,2028.0,1975.25,2010.25,2009.0915185202928,208690.0,5435.0,419277309.0,104783.0,50.21,52.75,0.85,1190592000.0
2007-09-21,1945.0,1973.8,1869.75,1966.25,1957.537694134481,100639.0,3676.0,197004636.0,41552.0,41.29,104.05,21.25,1190332800.0
2007-09-20,1935.0,1965.0,1930.05,1942.5,1947.3437181602053,164888.0,5296.0,321093611.0,67190.0,40.75,34.95,7.5,1190246400.0
2007-09-19,1930.0,1950.0,1920.0,1927.9,1938.1469575129404,160543.0,5271.0,311155927.0,83310.0,51.89,30.0,-2.1,1190160000.0
2007-09-18,1900.0,1930.0,1892.0,1899.35,1906.2987430155035,111139.0,3139.0,211864136.0,56878.0,51.18,38.0,-0.65,1190073600.0
2007-09-17,1895.0,1913.0,1890.1,1897.4,1898.575075934749,103049.0,2056.0,195646263.0,64491.0,62.58,22.9,2.4,1189987200.0
2007-09-14,1924.0,1925.25,1890.0,1897.55,1911.1230313306753,65463.0,2687.0,125107847.0,28172.0,43.03,35.25,-26.45,1189728000.0
2007-09-13,1925.45,1928.2,1900.0,1910.05,1911.0200880971963,61977.0,2056.0,118439292.0,33227.0,53.61,28.2,-15.4,1189641600.0
2007-09-12,1939.9,1940.0,1900.25,1908.85,1921.3001947366504,109892.0,3164.0,211135521.0,29824.0,27.14,39.75,-31.05,1189555200.0
2007-09-11,1900.0,1926.0,1887.0,1911.3,1905.7771838002743,107187.0,4076.0,204274539.0,32423.0,30.25,39.0,11.3,1189468800.0
2007-09-10,1860.0,1904.4,1856.0,1891.9,1891.2333465569104,120996.0,3969.0,228831670.0,41140.0,34.0,48.4,31.9,1189382400.0
2007-09-07,1890.0,1914.0,1875.0,1882.3,1894.2078717734353,76552.0,3771.0,145005401.0,20963.0,27.38,39.0,-7.7,1189123200.0
2007-09-06,1876.0,1918.95,1876.0,1894.7,1899.7442466390296,103244.0,4108.0,196137195.0,28698.0,27.8,42.95,18.7,1189036800.0
2007-09-05,1921.0,1947.95,1883.0,1893.3,1899.338145672996,207245.0,5713.0,393628334.0,85361.0,41.19,64.95,-27.7,1188950400.0
2007-09-04,1950.0,1960.0,1901.4,1911.25,1926.0803998548377,151555.0,6163.0,291907115.0,46823.0,30.9,58.6,-38.75,1188864000.0
2007-09-03,1899.0,1950.0,1891.0,1941.0,1918.4891573518487,249155.0,8207.0,478001166.0,106378.0,42.7,59.0,42.0,1188777600.0
2007-08-31,1900.0,1900.0,1851.0,1889.15,1882.9538907590095,214187.0,7027.0,403304245.0,101504.0,47.39,49.0,-10.85,1188518400.0
2007-08-30,1875.0,1884.0,1831.25,1858.45,1864.49761513922,193722.0,8828.0,361194207.0,54030.0,27.89,52.75,-16.55,1188432000.0
2007-08-29,1790.0,1864.9,1727.0,1851.4,1823.733400060769,223796.0,11140.0,408144240.0,40574.0,18.13,137.9,61.4,1188345600.0
2007-08-28,1820.0,1836.8,1792.0,1807.2,1817.4763869846745,147334.0,7841.0,267776066.0,22621.0,15.35,44.8,-12.8,1188259200.0
2007-08-27,1775.0,1837.0,1766.25,1815.5,1799.1729381572147,240028.0,11248.0,431851882.0,77311.0,32.21,70.75,40.5,1188172800.0
2007-08-24,1680.0,1769.9,1666.0,1750.4,1717.5709074639858,248098.0,11902.0,426125907.0,72000.0,29.02,103.9,70.4,1187913600.0
2007-08-23,1694.0,1725.0,1651.0,1661.65,1690.9340671252487,221407.0,9837.0,374384639.0,53281.0,24.06,74.0,-32.35,1187827200.0
2007-08-22,1610.0,1682.0,1591.0,1666.95,1640.1367314515269,242958.0,11167.0,398484340.0,67712.0,27.87,91.0,56.95,1187740800.0
2007-08-21,1629.9,1648.0,1574.0,1590.4,1611.8796587946285,265412.0,12256.0,427812204.0,46865.0,17.66,74.0,-39.5,1187654400.0
2007-08-20,1594.0,1630.0,1581.1,1610.45,1604.7786890037175,171076.0,6711.0,274539119.0,43768.0,25.58,48.9,16.45,1187568000.0
2007-08-17,1588.8,1590.0,1540.0,1558.85,1565.3631208772513,517252.0,13196.0,809687205.0,254714.0,49.24,50.0,-29.95,1187308800.0
2007-08-16,1660.0,1660.0,1592.5,1602.85,1610.2244622530293,310462.0,14209.0,499913507.0,162593.0,52.37,67.5,-57.15,1187222400.0
2007-08-14,1715.0,1719.9,1680.55,1687.0,1693.062378544654,108579.0,4000.0,183831020.0,46102.0,42.46,39.35,-28.0,1187049600.0
2007-08-13,1720.0,1727.9,1705.0,1710.4,1716.9483176312247,78015.0,4342.0,133947723.0,19167.0,24.57,22.9,-9.6,1186963200.0
2007-08-10,1690.0,1705.0,1640.0,1694.5,1687.7963179714932,182834.0,8126.0,308586552.0,49702.0,27.18,65.0,4.5,1186704000.0
2007-08-09,1722.0,1786.0,1716.0,1733.05,1753.4505818083194,387155.0,14470.0,678857160.0,111874.0,28.9,70.0,11.05,1186617600.0
2007-08-08,1696.1,1722.0,1685.0,1712.4,1705.6980797997373,131028.0,5510.0,223494208.0,47614.0,36.34,37.0,16.3,1186531200.0
2007-08-07,1707.0,1729.0,1661.0,1671.8,1695.9570309608066,135074.0,5605.0,229079700.0,31990.0,23.68,68.0,-35.2,1186444800.0
2007-08-06,1690.0,1691.0,1640.0,1683.5,1673.5923992200244,125645.0,5519.0,210278517.0,32099.0,25.55,51.0,-6.5,1186358400.0
2007-08-03,1718.4,1751.55,1710.05,1720.3,1731.2557688309887,115448.0,5533.0,199870016.0,22085.0,19.13,41.5,1.9,1186099200.0
2007-08-02,1675.0,1728.9,1650.0,1698.7,1698.3211445159366,221159.0,8902.0,375599006.0,61166.0,27.66,78.9,23.7,1186012800.0
