Date,Open Price,High Price,Low Price,Close Price,WAP,No.of Shares,No. of Trades,Total Turnover (Rs.),Deliverable Quantity,% Deli. Qty to Traded Qty,Spread High-Low,Spread Close-Open,Unix Date
2021-05-14,2620.0,2839.0,2600.0,2773.6,2770.119846257189,503178.0,36531.0,1393863364.0,78979.0,15.7,239.0,153.5999999999999,1620930600.0
2021-05-12,2579.0,2588.55,2530.25,2556.1,2566.935663766837,145066.0,6791.0,372375089.0,69950.0,48.22,58.30000000000018,-22.90000000000009,1620757800.0
2021-05-10,2573.0,2587.85,2543.0,2557.5,2564.246922100149,36226.0,2552.0,92892409.0,7977.0,22.02,44.849999999999895,-15.5,1620585000.0
2021-05-07,2545.25,2590.6,2542.15,2551.5,2563.208117535144,28383.0,2036.0,72751536.0,8750.0,30.83,48.44999999999982,6.25,1620345600.0
2021-05-06,2565.25,2580.0,2528.65,2548.85,2545.5771957840943,62620.0,4549.0,159404044.0,28202.0,45.04,51.349999999999895,-16.40000000000009,1620259200.0
2021-05-05,2620.2,2620.2,2546.0,2567.65,2575.7198545883803,74547.0,5571.0,192012188.0,44626.0,59.86,74.1999999999998,-52.54999999999972,1620153000.0
2021-05-04,2585.0,2617.15,2571.7,2588.15,2589.6219075124395,86217.0,5882.0,223269432.0,43623.0,50.6,45.45000000000028,3.1500000000000914,1620086400.0
2021-05-03,2512.0,2593.0,2506.35,2583.15,2559.760633983324,61642.0,5115.0,157788765.0,18571.0,30.13,86.65,71.15,1620000000.0
2021-04-30,2561.0,2604.2,2525.0,2540.1,2563.5928148141297,108167.0,8467.0,277296144.0,69089.0,63.87,79.2,-20.9,1619740800.0
2021-04-29,2632.0,2641.9,2570.35,2613.55,2608.666907336856,65096.0,6086.0,169813781.0,19090.0,29.33,71.55,-18.45,1619654400.0
2021-04-28,2594.9,2621.0,2576.7,2616.0,2608.22393339138,73504.0,5183.0,191714892.0,34382.0,46.78,44.3,21.1,1619568000.0
2021-04-27,2555.0,2578.7,2535.0,2574.65,2559.462215364084,23978.0,1592.0,61370785.0,3786.0,15.79,43.7,19.65,1619481600.0
2021-04-26,2534.9,2574.0,2532.5,2557.85,2557.959344847158,61665.0,4444.0,157736563.0,22385.0,36.3,41.5,22.95,1619395200.0
2021-04-23,2524.3,2564.0,2496.25,2518.2,2524.4852019949262,57947.0,3511.0,146286344.0,10875.0,18.77,67.75,-6.1,1619136000.0
2021-04-22,2525.2,2553.0,2488.05,2509.55,2525.3878321475245,151514.0,6578.0,382631612.0,93721.0,61.86,64.95,-15.65,1619049600.0
2021-04-20,2593.0,2601.1,2529.55,2555.65,2568.653557256236,141120.0,8121.0,362488390.0,64092.0,45.42,71.55,-37.35,1618876800.0
2021-04-19,2630.0,2645.8,2567.0,2571.95,2595.181341284682,98935.0,9219.0,256754266.0,35448.0,35.83,78.8,-58.05,1618790400.0
2021-04-16,2580.0,2692.4,2580.0,2665.8,2664.919823525509,90438.0,5563.0,241010019.0,26830.0,29.67,112.4,85.8,1618531200.0
2021-04-15,2581.0,2595.75,2537.0,2586.45,2562.348860113665,61936.0,5343.0,158701639.0,17347.0,28.01,58.75,5.45,1618444800.0
2021-04-13,2572.0,2625.5,2565.15,2571.5,2588.8446311090224,34048.0,2238.0,88144982.0,8000.0,23.5,60.35,-0.5,1618272000.0
2021-04-12,2585.0,2609.6,2555.2,2600.65,2586.797500751109,89867.0,4831.0,232467731.0,38886.0,43.27,54.4,15.65,1618185600.0
2021-04-09,2645.0,2652.4,2611.5,2628.65,2625.8710057288363,31420.0,2095.0,82504867.0,6778.0,21.57,40.9,-16.35,1617926400.0
2021-04-08,2630.0,2658.0,2628.05,2650.6,2630.7172365924757,216110.0,2260.0,568524302.0,191928.0,88.81,29.95,20.6,1617840000.0
2021-04-07,2612.0,2667.05,2600.0,2627.65,2644.452711355024,114795.0,9992.0,303569949.0,52025.0,45.32,67.05,15.65,1617753600.0
2021-04-06,2520.0,2619.65,2505.55,2612.65,2585.160262341756,98345.0,7013.0,254237586.0,27302.0,27.76,114.1,92.65,1617667200.0
2021-04-05,2545.5,2553.3,2484.05,2510.5,2507.195276607745,109921.0,10681.0,275593412.0,48740.0,44.34,69.25,-35.0,1617580800.0
2021-04-01,2536.75,2563.95,2534.25,2553.15,2549.870887595672,59971.0,4172.0,152918307.0,16480.0,27.48,29.7,16.4,1617235200.0
2021-03-31,2578.0,2581.8,2531.7,2536.75,2558.455464352312,57381.0,3162.0,146806733.0,9149.0,15.94,50.1,-41.25,1617148800.0
2021-03-30,2527.45,2583.0,2523.85,2577.65,2557.591158789945,92657.0,6831.0,236978724.0,23329.0,25.18,59.15,50.2,1617062400.0
2021-03-26,2430.0,2513.6,2410.95,2504.55,2479.260863662472,95755.0,6226.0,237401624.0,28521.0,29.79,102.65,74.55,1616716800.0
2021-03-25,2441.0,2468.45,2393.5,2401.85,2429.6944429251216,109698.0,9829.0,266532621.0,42527.0,38.77,74.95,-39.15,1616630400.0
2021-03-24,2414.0,2469.95,2410.5,2444.2,2449.488643767329,131998.0,7199.0,323327602.0,20651.0,15.64,59.45,30.2,1616544000.0
2021-03-23,2428.0,2428.0,2398.9,2409.45,2410.4091075322704,73829.0,3350.0,177958094.0,34589.0,46.85,29.1,-18.55,1616457600.0
2021-03-22,2391.8,2437.0,2391.8,2424.85,2419.96756024026,42787.0,2721.0,103543152.0,6857.0,16.03,45.2,33.05,1616371200.0
2021-03-19,2396.0,2433.0,2355.05,2410.4,2403.898499727625,67921.0,3562.0,163275190.0,11562.0,17.02,77.95,14.4,1616112000.0
2021-03-18,2464.9,2468.0,2390.4,2404.25,2418.51082156283,54798.0,3673.0,132529556.0,9276.0,16.93,77.6,-60.65,1616025600.0
2021-03-17,2465.0,2465.0,2412.0,2422.65,2426.6645785019423,99609.0,7766.0,241717632.0,27132.0,27.24,53.0,-42.35,1615939200.0
2021-03-16,2377.1,2499.65,2377.1,2470.8,2443.924894947924,261061.0,18271.0,638013477.0,126099.0,48.3,122.55,93.7,1615852800.0
2021-03-15,2405.0,2425.9,2343.85,2355.95,2369.8673514768248,92191.0,9820.0,218480441.0,32553.0,35.31,82.05,-49.05,1615766400.0
2021-03-12,2435.0,2461.9,2397.1,2401.95,2429.4521502835537,42320.0,2601.0,102814415.0,12193.0,28.81,64.8,-33.05,1615507200.0
2021-03-10,2445.5,2446.0,2415.65,2431.9,2431.3249550286178,61150.0,5194.0,148675521.0,24726.0,40.43,30.35,-13.6,1615334400.0
2021-03-09,2400.0,2443.35,2400.0,2423.3,2422.870714326716,121947.0,9712.0,295461815.0,51200.0,41.99,43.35,23.3,1615248000.0
2021-03-08,2398.7,2413.2,2359.4,2383.3,2386.380381413221,56212.0,4467.0,134143214.0,10963.0,19.5,53.8,-15.4,1615161600.0
2021-03-05,2395.0,2423.0,2379.4,2386.75,2397.8596524682384,83906.0,7140.0,201194812.0,25220.0,30.06,43.6,-8.25,1614902400.0
2021-03-04,2380.35,2435.0,2358.25,2417.9,2397.7645347719667,234111.0,8946.0,561343053.0,157022.0,67.07,76.75,37.55,1614816000.0
2021-03-03,2408.0,2417.4,2374.55,2402.25,2392.963386210669,84094.0,7675.0,201233863.0,34806.0,41.39,42.85,-5.75,1614729600.0
2021-03-02,2380.0,2402.75,2359.05,2390.85,2382.354785928552,113677.0,9411.0,270818945.0,38569.0,33.93,43.7,10.85,1614643200.0
2021-03-01,2300.1,2369.5,2300.0,2363.05,2338.4323526141698,143908.0,12341.0,336519123.0,47776.0,33.2,69.5,62.95,1614556800.0
2021-02-26,2348.0,2361.35,2261.45,2277.45,2309.0516634017968,118943.0,10699.0,274645532.0,52465.0,44.11,99.9,-70.55,1614297600.0
2021-02-25,2369.0,2387.0,2336.6,2373.5,2360.9662649320244,263109.0,11487.0,621191473.0,160121.0,60.86,50.4,4.5,1614211200.0
2021-02-24,2379.65,2409.4,2264.6,2368.8,2356.737834001688,451607.0,23831.0,1064319303.0,241712.0,53.52,144.8,-10.85,1614124800.0
2021-02-23,2380.8,2399.4,2315.0,2373.35,2349.985817591676,167602.0,19710.0,393862323.0,42496.0,25.36,84.4,-7.45,1614038400.0
2021-02-22,2425.0,2448.0,2380.0,2387.15,2415.589280359139,110041.0,11534.0,265813860.0,31975.0,29.06,68.0,-37.85,1613952000.0
2021-02-19,2483.8,2483.8,2400.0,2418.9,2425.768920695195,68470.0,4262.0,166092398.0,18821.0,27.49,83.8,-64.9,1613692800.0
2021-02-18,2425.0,2479.0,2395.75,2470.2,2449.5338626431007,197238.0,14280.0,483141160.0,83395.0,42.28,83.25,45.2,1613606400.0
2021-02-17,2450.0,2453.0,2383.1,2389.2,2403.172265960705,101233.0,6544.0,243280338.0,40336.0,39.84,69.9,-60.8,1613520000.0
2021-02-16,2460.0,2474.3,2421.35,2450.0,2442.240048722192,130536.0,12379.0,318800247.0,44070.0,33.76,52.95,-10.0,1613433600.0
2021-02-15,2500.0,2517.95,2449.4,2457.7,2480.7092694664398,71482.0,3769.0,177326060.0,12689.0,17.75,68.55,-42.3,1613347200.0
2021-02-12,2528.0,2528.0,2465.0,2486.0,2491.495219014661,54905.0,2564.0,136795545.0,22193.0,40.42,63.0,-42.0,1613088000.0
2021-02-11,2524.9,2534.75,2496.0,2505.4,2514.330486244401,125040.0,3363.0,314391884.0,85706.0,68.54,38.75,-19.5,1613001600.0
2021-02-10,2532.5,2555.0,2475.0,2510.05,2510.314387750073,263773.0,17298.0,662153157.0,80453.0,30.5,80.0,-22.45,1612915200.0
2021-02-09,2437.0,2532.55,2423.65,2507.1,2495.905862507175,398959.0,28476.0,995764107.0,147688.0,37.02,108.9,70.1,1612828800.0
2021-02-08,2382.0,2433.95,2373.45,2417.6,2404.1709725452274,260574.0,13333.0,626464447.0,129859.0,49.84,60.5,35.6,1612742400.0
2021-02-05,2420.0,2423.6,2371.2,2376.8,2402.056814409791,491055.0,16176.0,1179542009.0,365778.0,74.49,52.4,-43.2,1612483200.0
2021-02-04,2465.0,2465.0,2398.15,2402.0,2437.672969410289,235929.0,6811.0,575117746.0,180057.0,76.32,66.85,-63.0,1612396800.0
2021-02-03,2520.0,2520.0,2438.65,2452.9,2464.941351141852,83855.0,4878.0,206697657.0,17313.0,20.65,81.35,-67.1,1612310400.0
2021-02-02,2481.3,2522.2,2425.7,2463.25,2469.6337467281564,160460.0,9022.0,396277431.0,25012.0,15.59,96.5,-18.05,1612224000.0
2021-02-01,2435.0,2465.0,2376.7,2446.0,2406.0284239093453,132283.0,5562.0,318276658.0,69650.0,52.65,88.3,11.0,1612137600.0
2021-01-29,2461.0,2479.35,2400.0,2407.35,2441.9598031263017,91226.0,11152.0,222770225.0,35917.0,39.37,79.35,-53.65,1611878400.0
2021-01-28,2429.35,2453.2,2401.05,2442.7,2430.249564076033,208752.0,6724.0,507319457.0,146222.0,70.05,52.15,13.35,1611792000.0
2021-01-27,2540.0,2540.0,2429.4,2435.95,2460.817860387034,173938.0,19653.0,428029737.0,48853.0,28.09,110.6,-104.05,1611705600.0
2021-01-25,2610.0,2626.4,2500.0,2514.55,2539.854383568528,218897.0,27585.0,555966505.0,61580.0,28.13,126.4,-95.45,1611532800.0
2021-01-22,2762.0,2770.0,2590.5,2596.75,2671.69206463844,177232.0,14737.0,473509328.0,42217.0,23.82,179.5,-165.25,1611273600.0
2021-01-21,2723.65,2815.95,2694.95,2714.65,2746.609475173765,496793.0,28569.0,1364496361.0,92936.0,18.71,121.0,-9.0,1611187200.0
2021-01-20,2660.0,2706.0,2645.1,2697.9,2684.2533468342604,102709.0,9026.0,275696977.0,39253.0,38.22,60.9,37.9,1611100800.0
2021-01-19,2615.0,2675.9,2590.0,2645.6,2636.584879697433,124270.0,10950.0,327648403.0,40573.0,32.65,85.9,30.6,1611014400.0
2021-01-18,2590.0,2619.1,2556.0,2589.05,2583.335706724285,68959.0,4939.0,178144247.0,13185.0,19.12,63.1,-0.95,1610928000.0
2021-01-15,2663.9,2663.9,2581.35,2590.0,2614.3454913713613,60728.0,5045.0,158763973.0,21647.0,35.65,82.55,-73.9,1610668800.0
2021-01-14,2704.5,2734.85,2646.5,2663.5,2690.977811658281,196770.0,8485.0,529503704.0,146640.0,74.52,88.35,-41.0,1610582400.0
2021-01-13,2767.0,2767.0,2678.3,2704.5,2709.574406692846,117140.0,12222.0,317399546.0,30006.0,25.62,88.7,-62.5,1610496000.0
2021-01-12,2840.0,2847.25,2724.0,2737.3,2753.529190987884,180912.0,8568.0,498146473.0,38043.0,21.03,123.25,-102.7,1610409600.0
2021-01-11,2840.0,2871.4,2825.15,2849.2,2848.6677492959484,48647.0,2990.0,138579140.0,17007.0,34.96,46.25,9.2,1610323200.0
2021-01-08,2820.0,2849.15,2790.0,2844.0,2817.3171651765824,33667.0,2511.0,94850617.0,5088.0,15.11,59.15,24.0,1610064000.0
2021-01-07,2802.0,2831.4,2782.25,2791.35,2823.5257023014647,835859.0,2556.0,2360069370.0,5025.0,0.6,49.15,-10.65,1609977600.0
2021-01-06,2801.0,2822.0,2780.0,2803.15,2795.352919472373,43364.0,3022.0,121217684.0,10586.0,24.41,42.0,2.15,1609891200.0
2021-01-05,2744.15,2802.95,2732.2,2793.25,2766.2828212570726,74761.0,5384.0,206810070.0,41657.0,55.72,70.75,49.1,1609804800.0
2021-01-04,2784.4,2790.0,2745.2,2754.8,2760.854088160547,45644.0,3351.0,126016424.0,9748.0,21.36,44.8,-29.6,1609718400.0
2021-01-01,2768.0,2790.8,2750.95,2775.0,2778.208442157013,52072.0,2560.0,144666870.0,6235.0,11.97,39.85,7.0,1609459200.0
2020-12-31,2736.8,2771.5,2725.6,2764.45,2746.110402634336,33405.0,2584.0,91733818.0,8279.0,24.78,45.9,27.65,1609372800.0
2020-12-30,2698.7,2740.9,2680.45,2733.55,2718.1486581361114,44155.0,2368.0,120019854.0,5803.0,13.14,60.45,34.85,1609286400.0
2020-12-29,2685.1,2712.5,2673.8,2696.35,2695.682032539496,42410.0,2693.0,114323875.0,6231.0,14.69,38.7,11.25,1609200000.0
2020-12-28,2649.35,2688.0,2629.6,2683.65,2659.0746628981924,50949.0,4145.0,135477195.0,15592.0,30.6,58.4,34.3,1609113600.0
2020-12-24,2646.25,2656.25,2613.1,2649.35,2633.947937320115,62540.0,3722.0,164727104.0,29937.0,47.87,43.15,3.1,1608768000.0
2020-12-23,2607.9,2649.6,2605.1,2642.75,2624.147706256484,44338.0,5199.0,116349461.0,17727.0,39.98,44.5,34.85,1608681600.0
2020-12-22,2501.0,2613.35,2495.0,2604.65,2550.9032514373457,112012.0,7591.0,285731775.0,41665.0,37.2,118.35,103.65,1608595200.0
2020-12-21,2599.9,2602.2,2540.0,2554.7,2571.996514108112,82045.0,7986.0,211019454.0,25522.0,31.11,62.2,-45.2,1608508800.0
2020-12-18,2586.9,2635.9,2576.55,2601.55,2581.3530802760292,558635.0,5101.0,1442034178.0,477719.0,85.52,59.35,14.65,1608249600.0
2020-12-17,2577.0,2603.25,2557.8,2574.0,2578.741369096984,42203.0,2657.0,108830622.0,8343.0,19.77,45.45,-3.0,1608163200.0
2020-12-16,2549.0,2587.75,2542.05,2581.9,2571.134459396752,53875.0,3326.0,138519869.0,10315.0,19.15,45.7,32.9,1608076800.0
2020-12-15,2535.0,2539.8,2502.95,2527.15,2523.677549793721,36601.0,3077.0,92369122.0,10927.0,29.85,36.85,-7.85,1607990400.0
2020-12-14,2524.8,2553.3,2522.65,2549.4,2538.662959144001,59159.0,2927.0,150184762.0,11963.0,20.22,30.65,24.6,1607904000.0
2020-12-11,2524.9,2531.35,2495.0,2520.2,2512.573404838808,65636.0,4530.0,164915268.0,9976.0,15.2,36.35,-4.7,1607644800.0
2020-12-10,2518.0,2552.55,2500.0,2529.2,2524.5269308789248,66058.0,4731.0,166765200.0,12308.0,18.63,52.55,11.2,1607558400.0
2020-12-09,2445.1,2530.0,2445.1,2521.15,2486.3422928567943,81924.0,4533.0,203691106.0,16005.0,19.54,84.9,76.05,1607472000.0
2020-12-08,2473.0,2483.8,2428.0,2438.85,2451.987854873424,58542.0,5501.0,143544273.0,17159.0,29.31,55.8,-34.15,1607385600.0
2020-12-07,2430.0,2478.0,2430.0,2473.1,2459.365478183021,51382.0,4478.0,126367117.0,16620.0,32.35,48.0,43.1,1607299200.0
2020-12-04,2410.0,2443.35,2374.9,2438.75,2414.291933047314,82745.0,5320.0,199770586.0,13164.0,15.91,68.45,28.75,1607040000.0
2020-12-03,2320.0,2421.65,2316.05,2410.85,2341.634892943577,216101.0,8209.0,506029642.0,157232.0,72.76,105.6,90.85,1606953600.0
2020-12-02,2239.0,2325.0,2238.95,2316.3,2290.32987885105,117046.0,6317.0,268073951.0,29424.0,25.14,86.05,77.3,1606867200.0
2020-12-01,2260.0,2260.0,2206.85,2229.7,2228.995903012581,65658.0,5493.0,146351413.0,25242.0,38.44,53.15,-30.3,1606780800.0
2020-11-27,2171.1,2242.55,2169.95,2217.35,2199.4949972078966,152215.0,10254.0,334796131.0,80988.0,53.21,72.6,46.25,1606435200.0
2020-11-26,2156.0,2176.75,2116.6,2156.0,2141.7982915246507,70121.0,7065.0,150185038.0,20076.0,28.63,60.15,0.0,1606348800.0
2020-11-25,2207.6,2208.75,2150.0,2154.3,2167.0885880548813,98467.0,5577.0,213386712.0,57405.0,58.3,58.75,-53.3,1606262400.0
2020-11-24,2192.0,2230.0,2192.0,2207.6,2216.341383251344,140871.0,9898.0,312218227.0,78960.0,56.05,38.0,15.6,1606176000.0
2020-11-23,2166.0,2197.75,2140.0,2189.4,2160.8308377077333,41339.0,3351.0,89326586.0,11196.0,27.08,57.75,23.4,1606089600.0
2020-11-20,2165.0,2190.0,2161.0,2163.85,2168.393651482089,73781.0,3127.0,159986252.0,49314.0,66.84,29.0,-1.15,1605830400.0
2020-11-19,2183.0,2194.6,2156.45,2161.25,2169.457323775388,41850.0,4905.0,90791789.0,18124.0,43.31,38.15,-21.75,1605744000.0
2020-11-18,2188.0,2210.0,2166.75,2196.0,2193.978983583261,53482.0,3870.0,117338384.0,24556.0,45.91,43.25,8.0,1605657600.0
2020-11-17,2189.0,2222.7,2182.45,2186.95,2198.169868148049,29882.0,2480.0,65685712.0,8915.0,29.83,40.25,-2.05,1605571200.0
2020-11-14,2198.65,2198.65,2181.6,2184.5,2186.9819690898685,6988.0,869.0,15282630.0,2882.0,41.24,17.05,-14.15,1605312000.0
2020-11-13,2189.6,2205.4,2173.85,2179.55,2173.295949165014,160362.0,1935.0,348514085.0,132260.0,82.48,31.55,-10.05,1605225600.0
2020-11-12,2172.0,2200.55,2162.0,2171.7,2178.6783451120227,46553.0,3872.0,101424013.0,16514.0,35.47,38.55,-0.3,1605139200.0
2020-11-11,2200.0,2223.6,2158.0,2181.9,2180.3147086466165,63840.0,3754.0,139191291.0,12652.0,19.82,65.6,-18.1,1605052800.0
2020-11-10,2227.0,2238.55,2189.0,2199.65,2212.4383471532187,57767.0,3086.0,127805926.0,16054.0,27.79,49.55,-27.35,1604966400.0
2020-11-09,2249.6,2249.6,2214.0,2224.95,2225.4522548438954,59095.0,5385.0,131513101.0,35889.0,60.73,35.6,-24.65,1604880000.0
2020-11-06,2238.0,2247.1,2202.7,2208.45,2221.498238195913,61017.0,5487.0,135549158.0,13291.0,21.78,44.4,-29.55,1604620800.0
2020-11-05,2195.8,2246.25,2188.9,2238.45,2220.3502693409746,87250.0,5283.0,193725561.0,38146.0,43.72,57.35,42.65,1604534400.0
2020-11-04,2150.05,2213.75,2150.05,2169.25,2185.8056947671976,71434.0,6704.0,156140844.0,13329.0,18.66,63.7,19.2,1604448000.0
2020-11-03,2194.75,2194.75,2146.8,2154.95,2171.885428736964,41424.0,2843.0,89968182.0,6973.0,16.83,47.95,-39.8,1604361600.0
2020-11-02,2207.0,2226.0,2166.0,2172.05,2178.047281875713,115668.0,7196.0,251930373.0,53217.0,46.01,60.0,-34.95,1604275200.0
2020-10-30,2214.0,2242.3,2196.15,2213.05,2216.3842994157644,50151.0,3523.0,111153889.0,8732.0,17.41,46.15,-0.95,1604016000.0
2020-10-29,2160.0,2232.45,2159.55,2224.8,2207.832874914608,111252.0,9533.0,245625823.0,11875.0,10.67,72.9,64.8,1603929600.0
2020-10-28,2200.0,2218.2,2150.6,2159.2,2188.98499119814,230065.0,8914.0,503608832.0,152934.0,66.47,67.6,-40.8,1603843200.0
2020-10-27,2072.0,2206.05,2072.0,2198.15,2168.1039661949344,230498.0,18741.0,499743628.0,73792.0,32.01,134.05,126.15,1603756800.0
2020-10-26,2119.0,2119.0,2070.5,2080.7,2082.3329011145074,32391.0,3056.0,67448845.0,11331.0,34.98,48.5,-38.3,1603670400.0
2020-10-23,2115.0,2128.95,2096.85,2119.4,2116.318535940027,74833.0,6023.0,158370465.0,28728.0,38.39,32.1,4.4,1603411200.0
2020-10-22,2106.0,2114.95,2078.0,2100.25,2093.6133538963986,66138.0,5903.0,138467400.0,12647.0,19.12,36.95,-5.75,1603324800.0
2020-10-21,2137.0,2142.65,2081.1,2114.35,2117.577899704861,76913.0,6463.0,162869269.0,18292.0,23.78,61.55,-22.65,1603238400.0
2020-10-20,2085.8,2131.5,2067.95,2119.3,2100.9827331610563,59594.0,5373.0,125205965.0,24895.0,41.77,63.55,33.5,1603152000.0
2020-10-19,2070.1,2076.65,2056.25,2070.6,2067.156963305403,41532.0,3475.0,85853163.0,11091.0,26.7,20.4,0.5,1603065600.0
2020-10-16,2090.5,2090.5,2057.0,2061.75,2068.882358908464,29573.0,2605.0,61183058.0,8657.0,29.27,33.5,-28.75,1602806400.0
2020-10-15,2077.6,2122.8,2069.45,2089.4,2079.7379040387896,203353.0,4727.0,422920942.0,141743.0,69.7,53.35,11.8,1602720000.0
2020-10-14,2066.05,2084.35,2055.15,2071.3,2067.7020106935765,53116.0,3530.0,109828060.0,11221.0,21.13,29.2,5.25,1602633600.0
2020-10-13,2072.0,2112.9,2054.4,2064.75,2083.317987873344,48983.0,3196.0,102047165.0,10920.0,22.29,58.5,-7.25,1602547200.0
2020-10-12,2077.0,2085.95,2041.45,2076.9,2071.34672176708,41379.0,3061.0,85710256.0,8396.0,20.29,44.5,-0.1,1602460800.0
2020-10-09,2090.0,2107.15,2046.45,2050.4,2062.492770979401,45926.0,4968.0,94722043.0,13307.0,28.97,60.7,-39.6,1602201600.0
2020-10-08,2109.0,2109.0,2072.8,2090.6,2087.8228897697927,27497.0,2265.0,57408866.0,6358.0,23.12,36.2,-18.4,1602115200.0
2020-10-07,2091.0,2118.0,2074.65,2103.95,2103.3349514563106,79722.0,6380.0,167682069.0,24058.0,30.18,43.35,12.95,1602028800.0
2020-10-06,2045.0,2096.0,2043.65,2090.6,2078.4237801489385,71976.0,4994.0,149596630.0,14912.0,20.72,52.35,45.6,1601942400.0
2020-10-05,2040.0,2040.0,2010.6,2027.1,2024.882087014225,48222.0,4607.0,97643864.0,16167.0,33.53,29.4,-12.9,1601856000.0
2020-10-01,2007.0,2048.5,1992.6,2040.95,2017.7859744009647,92816.0,7291.0,187282823.0,40079.0,43.18,55.9,33.95,1601510400.0
2020-09-30,1968.9,2003.1,1959.0,1987.55,1966.209980663048,171692.0,3207.0,337582524.0,135590.0,78.97,44.1,18.65,1601424000.0
2020-09-29,1947.0,1990.0,1947.0,1959.85,1970.4100200618122,55329.0,4434.0,109020816.0,10747.0,19.42,43.0,12.85,1601337600.0
2020-09-28,1939.9,1958.5,1930.05,1946.1,1945.1385676487198,33637.0,2504.0,65428626.0,3776.0,11.23,28.45,6.2,1601251200.0
2020-09-25,1921.0,1954.4,1908.3,1924.4,1933.094911664716,71772.0,5569.0,138742088.0,15701.0,21.88,46.1,3.4,1600992000.0
2020-09-24,1946.4,1946.4,1908.95,1919.2,1924.5934992190448,37134.0,3533.0,71467855.0,6847.0,18.44,37.45,-27.2,1600905600.0
2020-09-23,1949.0,1989.0,1928.65,1946.5,1961.6294298539287,80646.0,5607.0,158197567.0,18666.0,23.15,60.35,-2.5,1600819200.0
2020-09-22,1987.0,1995.75,1930.0,1935.8,1949.723886125516,94490.0,8897.0,184229410.0,36993.0,39.15,65.75,-51.2,1600732800.0
2020-09-21,2040.0,2056.4,1963.45,1972.7,2011.3625341443355,98479.0,8012.0,198076971.0,26666.0,27.08,92.95,-67.3,1600646400.0
2020-09-18,2011.0,2043.25,2011.0,2028.8,2031.003932198852,59763.0,4329.0,121378888.0,18635.0,31.18,32.25,17.8,1600387200.0
2020-09-17,2005.0,2045.0,1999.75,2008.4,2027.4722403016046,81431.0,5508.0,165099092.0,18855.0,23.15,45.25,3.4,1600300800.0
2020-09-16,2034.0,2034.0,1995.3,2014.55,2004.8958955854998,35474.0,2284.0,71121677.0,7942.0,22.39,38.7,-19.45,1600214400.0
2020-09-15,2045.0,2049.05,2009.95,2016.95,2022.6295677410849,45482.0,3802.0,91993238.0,10226.0,22.48,39.1,-28.05,1600128000.0
2020-09-14,2059.8,2059.8,2005.1,2031.55,2025.1375804703928,62756.0,3833.0,127089534.0,7010.0,11.17,54.7,-28.25,1600041600.0
2020-09-11,2064.0,2068.15,2022.5,2035.2,2038.1083276059564,87300.0,5854.0,177926857.0,18995.0,21.76,45.65,-28.8,1599782400.0
2020-09-10,1988.0,2087.75,1982.35,2062.9,2032.3511770142968,152547.0,7181.0,310029075.0,34222.0,22.43,105.4,74.9,1599696000.0
2020-09-09,1979.9,1992.65,1958.2,1978.8,1976.9600238257322,58760.0,3557.0,116166171.0,7376.0,12.55,34.45,-1.1,1599609600.0
2020-09-08,1985.5,2001.0,1950.95,1958.15,1983.688261392133,67393.0,3838.0,133686703.0,18698.0,27.74,50.05,-27.35,1599523200.0
2020-09-07,1979.0,2003.8,1948.15,1981.95,1982.1533777418922,59448.0,3733.0,117835054.0,7903.0,13.29,55.65,2.95,1599436800.0
2020-09-04,1910.0,1992.35,1910.0,1956.0,1966.2300424852704,85206.0,6008.0,167534597.0,19998.0,23.47,82.35,46.0,1599177600.0
2020-09-03,1952.85,1987.35,1945.6,1978.45,1971.1691475571051,67113.0,5474.0,132291075.0,24120.0,35.94,41.75,25.6,1599091200.0
2020-09-02,1930.0,1995.65,1926.2,1946.0,1953.9974373259051,80775.0,4927.0,157834143.0,11486.0,14.22,69.45,16.0,1599004800.0
2020-09-01,1923.0,1986.85,1911.0,1978.2,1961.3004404183405,87871.0,6930.0,172341431.0,31220.0,35.53,75.85,55.2,1598918400.0
2020-08-31,1982.9,1982.9,1883.5,1903.4,1928.8705926855005,50229.0,4171.0,96885241.0,16239.0,32.33,99.4,-79.5,1598832000.0
2020-08-28,1996.0,1997.95,1954.35,1957.7,1963.4483446899303,43587.0,3019.0,85580823.0,14105.0,32.36,43.6,-38.3,1598572800.0
2020-08-27,1976.5,2008.4,1970.35,1982.0,1989.411653185036,55384.0,3867.0,110181575.0,7855.0,14.18,38.05,5.5,1598486400.0
2020-08-26,2002.0,2009.4,1956.0,1971.05,1970.6461526289609,88476.0,6259.0,174354889.0,30504.0,34.48,53.4,-30.95,1598400000.0
2020-08-25,1956.0,2015.95,1956.0,2001.0,1989.7462418168595,98984.0,7872.0,196953042.0,31915.0,32.24,59.95,45.0,1598313600.0
2020-08-24,1956.5,1994.75,1940.0,1963.25,1968.0081701571398,110157.0,7487.0,216789876.0,22488.0,20.41,54.75,6.75,1598227200.0
2020-08-21,1880.5,1971.0,1880.5,1958.35,1932.322318766421,203246.0,11873.0,392736782.0,48253.0,23.74,90.5,77.85,1597968000.0
2020-08-20,1870.0,1880.0,1817.8,1875.25,1866.86024691358,26325.0,2056.0,49145096.0,4602.0,17.48,62.2,5.25,1597881600.0
2020-08-19,1884.0,1902.1,1873.65,1885.7,1890.0984073458042,43889.0,2979.0,82954529.0,7365.0,16.78,28.45,1.7,1597795200.0
2020-08-18,1836.0,1883.0,1832.15,1873.6,1860.8614691937166,79513.0,4883.0,147962678.0,17341.0,21.81,50.85,37.6,1597708800.0
2020-08-17,1825.0,1841.7,1801.85,1835.85,1824.825983409692,49547.0,3274.0,90414653.0,12408.0,25.04,39.85,10.85,1597622400.0
2020-08-14,1806.0,1829.65,1795.65,1801.6,1818.1824562242846,209020.0,3570.0,380036497.0,171532.0,82.06,34.0,-4.4,1597363200.0
2020-08-13,1804.0,1814.9,1793.7,1802.15,1803.607851239669,33880.0,2143.0,61106234.0,10966.0,32.37,21.2,-1.85,1597276800.0
2020-08-12,1785.0,1805.35,1771.4,1796.75,1792.0236775584979,43121.0,3064.0,77273853.0,6768.0,15.7,33.95,11.75,1597190400.0
2020-08-11,1795.0,1836.75,1781.0,1789.55,1811.7400200047766,133968.0,8998.0,242715187.0,29862.0,22.29,55.75,-5.45,1597104000.0
2020-08-10,1815.8,1823.95,1778.2,1782.45,1789.253102858342,61959.0,4049.0,110860333.0,9589.0,15.48,45.75,-33.35,1597017600.0
2020-08-07,1729.9,1816.5,1727.55,1805.05,1783.5962197826211,219617.0,14272.0,391708051.0,71001.0,32.33,88.95,75.15,1596758400.0
2020-08-06,1725.1,1752.0,1721.0,1728.25,1735.1440863641794,50206.0,4279.0,87114644.0,16098.0,32.06,31.0,3.15,1596672000.0
2020-08-05,1723.0,1741.0,1713.15,1717.15,1727.741913429902,46806.0,4012.0,80868688.0,13845.0,29.58,27.85,-5.85,1596585600.0
2020-08-04,1725.0,1734.85,1708.9,1714.3,1727.0767219472582,285694.0,3036.0,493415457.0,247852.0,86.75,25.95,-10.7,1596499200.0
2020-08-03,1720.1,1733.55,1697.5,1704.95,1711.7799460641709,47093.0,4712.0,80612853.0,16062.0,34.11,36.05,-15.15,1596412800.0
2020-07-31,1750.0,1770.0,1710.2,1716.65,1741.7345986222406,35565.0,3062.0,61944791.0,7557.0,21.25,59.8,-33.35,1596153600.0
2020-07-30,1746.0,1778.4,1729.0,1743.1,1756.9291054178916,47620.0,3465.0,83664964.0,11534.0,24.22,49.4,-2.9,1596067200.0
2020-07-29,1766.1,1779.0,1731.2,1737.45,1754.2997234173324,32540.0,2278.0,57084913.0,7184.0,22.08,47.8,-28.65,1595980800.0
2020-07-28,1778.0,1792.2,1752.0,1759.6,1771.2990738132132,56792.0,3352.0,100595617.0,7580.0,13.35,40.2,-18.4,1595894400.0
2020-07-27,1718.1,1788.0,1718.1,1777.75,1762.9205469080546,224535.0,15635.0,395837365.0,108857.0,48.48,69.9,59.65,1595808000.0
2020-07-24,1727.0,1727.0,1683.0,1710.95,1704.072844395049,92677.0,6668.0,157928359.0,15111.0,16.3,44.0,-16.05,1595548800.0
2020-07-23,1685.05,1739.25,1685.05,1727.4,1729.0221197997284,115643.0,6924.0,199949305.0,49942.0,43.19,54.2,42.35,1595462400.0
2020-07-22,1723.6,1736.0,1691.1,1697.45,1708.951910984745,36578.0,3516.0,62510043.0,12657.0,34.6,44.9,-26.15,1595376000.0
2020-07-21,1761.0,1771.7,1718.9,1723.6,1745.1948424435654,78099.0,5909.0,136297972.0,23080.0,29.55,52.8,-37.4,1595289600.0
2020-07-20,1725.0,1756.85,1722.0,1751.95,1739.4521412177207,86703.0,7333.0,150815719.0,42358.0,48.85,34.85,26.95,1595203200.0
2020-07-17,1707.0,1742.0,1686.7,1717.95,1720.6822487449085,63342.0,3985.0,108991455.0,8690.0,13.72,55.3,10.95,1594944000.0
2020-07-16,1692.0,1697.0,1645.9,1692.65,1672.360307072741,39730.0,3609.0,66442875.0,7504.0,18.89,51.1,0.65,1594857600.0
2020-07-15,1695.0,1712.85,1663.45,1671.3,1685.4078625098593,96356.0,6234.0,162399160.0,36078.0,37.44,49.4,-23.7,1594771200.0
2020-07-14,1706.0,1717.2,1682.75,1688.45,1696.5147477859064,38955.0,2511.0,66087732.0,5718.0,14.68,34.45,-17.55,1594684800.0
2020-07-13,1704.0,1732.0,1700.85,1705.65,1716.589899981909,38693.0,2478.0,66420013.0,7289.0,18.84,31.15,1.65,1594598400.0
2020-07-10,1713.7,1713.7,1695.0,1703.05,1702.7165669540734,22732.0,1976.0,38706153.0,4410.0,19.4,18.7,-10.65,1594339200.0
2020-07-09,1690.0,1721.4,1690.0,1716.8,1709.01816070775,79237.0,6506.0,135417472.0,32817.0,41.42,31.4,26.8,1594252800.0
2020-07-08,1753.0,1760.5,1681.0,1686.6,1711.8944746834527,69263.0,5486.0,118570947.0,24539.0,35.43,79.5,-66.4,1594166400.0
2020-07-07,1714.0,1748.8,1709.0,1745.45,1735.766777909594,90193.0,5524.0,156554013.0,21055.0,23.34,39.8,31.45,1594080000.0
2020-07-06,1703.5,1710.9,1692.5,1708.35,1703.9330827067668,63840.0,5315.0,108779088.0,27231.0,42.66,18.4,4.85,1593993600.0
2020-07-03,1689.0,1719.8,1689.0,1696.1,1702.759357138054,74355.0,5818.0,126608672.0,25444.0,34.22,30.8,7.1,1593734400.0
2020-07-02,1693.0,1703.7,1660.3,1686.7,1684.0278111353714,73280.0,6494.0,123405558.0,29031.0,39.62,43.4,-6.3,1593648000.0
2020-07-01,1685.0,1697.7,1681.0,1688.1,1688.3829405528827,36789.0,3355.0,62113920.0,8356.0,22.71,16.7,3.1,1593561600.0
2020-06-30,1709.7,1717.5,1682.35,1687.35,1699.7116089393505,55664.0,4719.0,94612747.0,10583.0,19.01,35.15,-22.35,1593475200.0
2020-06-29,1689.0,1708.0,1674.65,1691.95,1689.6308216156292,88399.0,6696.0,149361675.0,19757.0,22.35,33.35,2.95,1593388800.0
2020-06-26,1712.0,1713.65,1670.2,1687.35,1686.5222323879232,71045.0,5136.0,119818972.0,12277.0,17.28,43.45,-24.65,1593129600.0
2020-06-25,1730.5,1746.3,1683.85,1688.85,1707.9368499092639,90372.0,6559.0,154349669.0,18317.0,20.27,62.45,-41.65,1593043200.0
2020-06-24,1689.0,1813.1,1686.2,1746.4,1768.8701046930435,297632.0,21980.0,526472347.0,53549.0,17.99,126.9,57.4,1592956800.0
2020-06-23,1655.55,1688.0,1641.15,1683.65,1671.7405846975205,93279.0,8494.0,155938290.0,35536.0,38.1,46.85,28.1,1592870400.0
2020-06-22,1632.0,1673.0,1624.55,1653.45,1650.02985801521,53386.0,3763.0,88088494.0,12862.0,24.09,48.45,21.45,1592784000.0
2020-06-19,1595.0,1630.0,1592.55,1622.25,1614.8312325566299,77035.0,6068.0,124398524.0,23724.0,30.8,37.45,27.25,1592524800.0
2020-06-18,1601.8,1612.0,1588.05,1598.9,1598.5900815100815,58275.0,5106.0,93157837.0,14226.0,24.41,23.95,-2.9,1592438400.0
2020-06-17,1619.8,1622.55,1591.0,1596.1,1605.7126904821384,40030.0,3279.0,64276679.0,15181.0,37.92,31.55,-23.7,1592352000.0
2020-06-16,1640.0,1640.0,1608.75,1621.05,1621.6434063873114,74648.0,3914.0,121052437.0,8454.0,11.33,31.25,-18.95,1592265600.0
2020-06-15,1635.0,1650.7,1602.3,1618.05,1620.439187719086,41365.0,4408.0,67029467.0,9329.0,22.55,48.4,-16.95,1592179200.0
2020-06-12,1586.5,1642.6,1575.0,1637.95,1613.9537347410687,55787.0,5193.0,90037637.0,10291.0,18.45,67.6,51.45,1591920000.0
2020-06-11,1636.0,1645.25,1606.65,1609.55,1620.918560694451,42854.0,4202.0,69462844.0,12834.0,29.95,38.6,-26.45,1591833600.0
2020-06-10,1642.0,1680.8,1628.3,1636.2,1647.1128162664459,54345.0,4512.0,89512346.0,11867.0,21.84,52.5,-5.8,1591747200.0
2020-06-09,1653.0,1694.3,1638.0,1641.55,1668.5762983250816,94930.0,6957.0,158397948.0,13509.0,14.23,56.3,-11.45,1591660800.0
2020-06-08,1654.0,1665.75,1629.0,1634.45,1648.856967836214,135494.0,4629.0,223410226.0,13815.0,10.2,36.75,-19.55,1591574400.0
2020-06-05,1654.0,1658.8,1621.35,1638.4,1638.1520515103773,72995.0,5697.0,119576909.0,15391.0,21.08,37.45,-15.6,1591315200.0
2020-06-04,1727.0,1727.0,1626.6,1633.0,1657.8456741598513,132298.0,7526.0,219329667.0,30245.0,22.86,100.4,-94.0,1591228800.0
2020-06-03,1723.0,1738.1,1705.9,1716.3,1721.1621070819394,45143.0,2994.0,77698421.0,8913.0,19.74,32.2,-6.7,1591142400.0
2020-06-02,1693.5,1732.35,1681.45,1709.85,1716.1189464569784,49661.0,3576.0,85224183.0,9995.0,20.13,50.9,16.35,1591056000.0
2020-06-01,1693.45,1710.0,1682.0,1693.5,1695.2148333203213,64045.0,4064.0,108570034.0,20862.0,32.57,28.0,0.05,1590969600.0
2020-05-29,1643.5,1697.95,1634.75,1684.4,1669.1891831472901,67099.0,4997.0,112000925.0,18360.0,27.36,63.2,40.9,1590710400.0
2020-05-28,1621.0,1657.0,1616.6,1643.75,1643.4923670819442,62689.0,3584.0,103028893.0,9872.0,15.75,40.4,22.75,1590624000.0
2020-05-27,1628.15,1637.55,1596.85,1619.75,1616.3288824514555,44186.0,3236.0,71419108.0,10603.0,24.0,40.7,-8.4,1590537600.0
2020-05-26,1625.0,1656.0,1621.45,1630.5,1638.6836450406295,77530.0,5897.0,127047143.0,12304.0,15.87,34.55,5.5,1590451200.0
2020-05-22,1571.0,1624.75,1556.0,1617.85,1603.884655726332,121081.0,6659.0,194199958.0,20904.0,17.26,68.75,46.85,1590105600.0
2020-05-21,1501.0,1582.0,1501.0,1575.0,1547.8709365224756,115726.0,9078.0,179128912.0,27189.0,23.49,81.0,74.0,1590019200.0
2020-05-20,1500.5,1514.2,1494.0,1500.45,1502.9571303587052,50292.0,4998.0,75586720.0,18629.0,37.04,20.2,-0.05,1589932800.0
2020-05-19,1506.3,1516.65,1482.85,1505.75,1501.9867898828115,85162.0,5040.0,127912199.0,17284.0,20.3,33.8,-0.55,1589846400.0
2020-05-18,1564.0,1564.0,1498.7,1501.15,1512.7931173328327,74506.0,5678.0,112712164.0,27827.0,37.35,65.3,-62.85,1589760000.0
2020-05-15,1530.0,1559.6,1510.15,1553.75,1534.8216951167992,63913.0,3933.0,98095059.0,10480.0,16.4,49.45,23.75,1589500800.0
2020-05-14,1554.95,1556.3,1518.0,1522.15,1527.3144499044947,61253.0,4156.0,93552592.0,19419.0,31.7,38.3,-32.8,1589414400.0
2020-05-13,1575.0,1575.05,1533.85,1562.9,1560.8664167071893,78146.0,4651.0,121975467.0,16921.0,21.65,41.2,-12.1,1589328000.0
2020-05-12,1537.8,1543.4,1511.95,1523.2,1524.3638359207634,151244.0,8561.0,230550884.0,28259.0,18.68,31.45,-14.6,1589241600.0
2020-05-11,1580.0,1601.1,1555.0,1569.25,1575.3024641763877,98329.0,6593.0,154897916.0,17569.0,17.87,46.1,-10.75,1589155200.0
2020-05-08,1615.0,1636.75,1570.0,1577.9,1596.039409421667,142098.0,8940.0,226794008.0,21630.0,15.22,66.75,-37.1,1588896000.0
2020-05-07,1610.0,1627.65,1546.25,1593.95,1577.1727801178765,123689.0,9219.0,195078924.0,23484.0,18.99,81.4,-16.05,1588809600.0
2020-05-06,1611.0,1637.65,1578.45,1610.6,1610.5457009360064,261964.0,17451.0,421904994.0,187510.0,71.58,59.2,-0.4,1588723200.0
2020-05-05,1681.35,1693.3,1578.5,1618.55,1621.4545699691046,129793.0,12284.0,210453453.0,38122.0,29.37,114.8,-62.8,1588636800.0
2020-05-04,1748.0,1751.0,1672.25,1676.2,1708.2683700924665,105552.0,12657.0,180311143.0,39562.0,37.48,78.75,-71.8,1588550400.0
2020-04-30,1790.0,1795.75,1741.55,1760.05,1762.0336859688196,71840.0,4744.0,126584500.0,20344.0,28.32,54.2,-29.95,1588204800.0
2020-04-29,1855.0,1855.0,1757.0,1768.0,1788.6810308684032,76324.0,6754.0,136519291.0,28555.0,37.41,98.0,-87.0,1588118400.0
2020-04-28,1849.9,1862.5,1807.05,1824.2,1820.4161693416,51777.0,5922.0,94255688.0,16359.0,31.6,55.45,-25.7,1588032000.0
2020-04-27,1830.2,1860.0,1818.5,1852.3,1842.2816629740646,38365.0,3844.0,70679136.0,8618.0,22.46,41.5,22.1,1587945600.0
2020-04-24,1819.0,1842.5,1815.0,1827.4,1826.8999392890064,44473.0,3348.0,81247721.0,11765.0,26.45,27.5,8.4,1587686400.0
2020-04-23,1810.0,1845.0,1749.0,1820.4,1829.1352553754275,131943.0,6008.0,241341593.0,11536.0,8.74,96.0,10.4,1587600000.0
2020-04-22,1707.0,1821.5,1707.0,1812.65,1795.138913870633,72275.0,6103.0,129743665.0,18701.0,25.87,114.5,105.65,1587513600.0
2020-04-21,1700.0,1752.75,1700.0,1725.6,1734.2690313097974,36059.0,3707.0,62536007.0,4972.0,13.79,52.75,25.6,1587427200.0
2020-04-20,1757.0,1757.0,1706.3,1731.65,1730.2137588842695,37285.0,5161.0,64511020.0,12798.0,34.32,50.7,-25.35,1587340800.0
2020-04-17,1769.95,1783.15,1728.0,1754.6,1750.1889922156631,38282.0,4210.0,67000735.0,8871.0,23.17,55.15,-15.35,1587081600.0
2020-04-16,1640.0,1751.95,1640.0,1742.35,1732.0891419050265,57616.0,5693.0,99796048.0,9254.0,16.06,111.95,102.35,1586995200.0
2020-04-15,1713.0,1737.2,1683.95,1718.4,1717.5634055575495,52937.0,3835.0,90922654.0,8781.0,16.59,53.25,5.4,1586908800.0
2020-04-13,1649.0,1701.75,1603.05,1679.35,1651.1869377929806,63144.0,5499.0,104262548.0,10603.0,16.79,98.7,30.35,1586736000.0
2020-04-09,1658.0,1678.2,1620.75,1652.45,1652.5400821021485,47989.0,3866.0,79303746.0,8295.0,17.29,57.45,-5.55,1586390400.0
2020-04-08,1637.95,1686.05,1600.3,1609.6,1648.8184783137808,61629.0,6409.0,101615034.0,12222.0,19.83,85.75,-28.35,1586304000.0
2020-04-07,1549.0,1634.15,1537.8,1624.05,1593.6282643359118,84665.0,6820.0,134924537.0,20122.0,23.77,96.35,75.05,1586217600.0
2020-04-03,1624.0,1624.0,1517.45,1521.3,1536.0114640485128,69260.0,8626.0,106384154.0,23944.0,34.57,106.55,-102.7,1585872000.0
2020-04-01,1651.0,1655.0,1585.05,1603.9,1612.9941042838598,55464.0,5544.0,89463105.0,19315.0,34.82,69.95,-47.1,1585699200.0
2020-03-31,1650.0,1689.0,1603.05,1666.7,1661.2253780535093,61896.0,5424.0,102823206.0,19686.0,31.8,85.95,16.7,1585612800.0
2020-03-30,1592.0,1619.0,1561.0,1597.15,1602.9832848201681,160094.0,4771.0,256628006.0,131088.0,81.88,58.0,5.15,1585526400.0
2020-03-27,1660.0,1665.75,1550.0,1606.2,1606.6400709088166,807798.0,8857.0,1297840636.0,33007.0,4.09,115.75,-53.8,1585267200.0
2020-03-26,1647.8,1690.0,1572.9,1629.7,1611.2489525945966,121252.0,6062.0,195367158.0,27971.0,23.07,117.1,-18.1,1585180800.0
2020-03-25,1500.0,1605.1,1450.0,1594.05,1535.9632718262203,79503.0,8614.0,122113688.0,11516.0,14.48,155.1,94.05,1585094400.0
2020-03-24,1522.0,1648.6,1454.35,1525.25,1531.7395487404162,114125.0,11377.0,174809776.0,28827.0,25.26,194.25,3.25,1585008000.0
2020-03-23,1599.0,1682.7,1491.0,1498.75,1561.499285889727,109927.0,8916.0,171650932.0,48410.0,44.04,191.7,-100.25,1584921600.0
2020-03-20,1614.0,1757.45,1574.15,1745.85,1673.8088625085818,115069.0,9562.0,192603512.0,19477.0,16.93,183.3,131.85,1584662400.0
2020-03-19,1575.0,1651.5,1431.85,1603.0,1587.6186569420909,558859.0,13718.0,887254975.0,403768.0,72.25,219.65,28.0,1584576000.0
2020-03-18,1734.0,1755.6,1608.75,1616.65,1648.2665448595585,183350.0,10381.0,302209671.0,79732.0,43.49,146.85,-117.35,1584489600.0
2020-03-17,1691.1,1778.95,1670.0,1734.2,1736.1315864594305,101591.0,6210.0,176375344.0,24014.0,23.64,108.95,43.1,1584403200.0
2020-03-16,1785.0,1785.0,1678.05,1682.95,1718.4484193686746,86263.0,8009.0,148238516.0,34473.0,39.96,106.95,-102.05,1584316800.0
2020-03-13,1794.0,1844.15,1658.6,1797.6,1763.8289620317855,140881.0,8115.0,248489988.0,38883.0,27.6,185.55,3.6,1584057600.0
2020-03-12,1870.0,1873.9,1815.8,1842.85,1851.619377342773,268912.0,7404.0,497922670.0,199874.0,74.33,58.1,-27.15,1583971200.0
2020-03-11,1879.0,1905.0,1852.55,1882.65,1885.4967897143408,62767.0,4758.0,118346977.0,29327.0,46.72,52.45,3.65,1583884800.0
2020-03-09,1880.0,1915.9,1847.3,1869.45,1873.956727097555,85111.0,4127.0,159494331.0,18252.0,21.44,68.6,-10.55,1583712000.0
2020-03-06,1851.0,1884.5,1837.0,1878.5,1869.9584936843348,42355.0,2461.0,79202092.0,11254.0,26.57,47.5,27.5,1583452800.0
2020-03-05,1854.0,1882.0,1850.05,1875.45,1872.7260980246842,31033.0,1994.0,58116309.0,10401.0,33.52,31.95,21.45,1583366400.0
2020-03-04,1805.0,1857.2,1805.0,1849.85,1840.7161291394027,60214.0,2799.0,110836881.0,18706.0,31.07,52.2,44.85,1583280000.0
2020-03-03,1789.6,1816.0,1768.0,1801.65,1789.971666910581,136660.0,1630.0,244617528.0,110661.0,80.98,48.0,12.05,1583193600.0
2020-03-02,1810.0,1838.0,1768.85,1788.55,1821.0453269961465,148962.0,1890.0,271266554.0,125592.0,84.31,69.15,-21.45,1583107200.0
2020-02-28,1832.0,1841.0,1783.65,1798.2,1805.2848048712976,50582.0,2816.0,91314916.0,12352.0,24.42,57.35,-33.8,1582848000.0
2020-02-27,1827.0,1852.5,1812.15,1844.35,1831.017620594852,32008.0,2433.0,58607212.0,12620.0,39.43,40.35,17.35,1582761600.0
2020-02-26,1830.0,1843.55,1821.0,1826.55,1833.3052170391366,27161.0,1686.0,49794403.0,5886.0,21.67,22.55,-3.45,1582675200.0
2020-02-25,1830.05,1842.85,1821.0,1825.25,1829.6662125340602,11010.0,800.0,20144625.0,3595.0,32.65,21.85,-4.8,1582588800.0
2020-02-24,1842.85,1854.0,1813.0,1818.75,1833.3931264075202,51065.0,4818.0,93622220.0,23618.0,46.25,41.0,-24.1,1582502400.0
2020-02-20,1885.0,1885.0,1840.0,1842.85,1859.0780123339653,42160.0,2859.0,78378729.0,19909.0,47.22,45.0,-42.15,1582156800.0
2020-02-19,1865.05,1892.35,1852.65,1886.25,1858.9162907948125,88461.0,1938.0,164441594.0,37918.0,42.86,39.7,21.2,1582070400.0
2020-02-18,1880.0,1884.8,1862.0,1863.3,1865.3204714171875,47686.0,1786.0,88949672.0,28934.0,60.68,22.8,-16.7,1581984000.0
2020-02-17,1877.25,1893.8,1871.9,1881.35,1885.02413047096,12018.0,944.0,22654220.0,3820.0,31.79,21.9,4.1,1581897600.0
2020-02-14,1883.95,1900.0,1870.3,1877.2,1884.4803022747324,26069.0,1832.0,49126517.0,7928.0,30.41,29.7,-6.75,1581638400.0
2020-02-13,1894.0,1902.25,1868.8,1874.05,1877.1358192454745,43418.0,2126.0,81501483.0,26893.0,61.94,33.45,-19.95,1581552000.0
2020-02-12,1875.0,1915.65,1875.0,1892.05,1900.7625022506304,88864.0,3306.0,168909359.0,21409.0,24.09,40.65,17.05,1581465600.0
2020-02-11,1875.15,1894.0,1872.9,1877.15,1884.378183295316,64006.0,3170.0,120611510.0,10744.0,16.79,21.1,2.0,1581379200.0
2020-02-10,1860.7,1872.4,1838.4,1870.35,1855.782199848025,21056.0,1585.0,39075350.0,4609.0,21.89,34.0,9.65,1581292800.0
2020-02-07,1863.0,1876.8,1851.5,1857.55,1854.784878568665,1369910.0,2125.0,2540888353.0,11344.0,0.83,25.3,-5.45,1581033600.0
2020-02-06,1865.5,1882.8,1846.3,1861.0,1860.698949448096,3597728.0,2683.0,6694288710.0,1172624.0,32.59,36.5,-4.5,1580947200.0
2020-02-05,1890.85,1890.85,1867.0,1872.3,1875.9935557030649,36156.0,3264.0,67828423.0,12166.0,33.65,23.85,-18.55,1580860800.0
2020-02-04,1871.0,1896.0,1856.0,1890.85,1872.343229026167,74140.0,4242.0,138815527.0,39613.0,53.43,40.0,19.85,1580774400.0
2020-02-03,1766.0,1872.5,1766.0,1867.4,1838.9888378971584,85199.0,6769.0,156680010.0,29296.0,34.39,106.5,101.4,1580688000.0
2020-02-01,1818.0,1818.0,1747.8,1756.4,1792.281759222669,43019.0,3130.0,77102169.0,9110.0,21.18,70.2,-61.6,1580515200.0
2020-01-31,1810.0,1823.05,1789.05,1795.25,1808.322612038344,20551.0,1724.0,37162838.0,6389.0,31.09,34.0,-14.75,1580428800.0
2020-01-30,1807.0,1809.0,1786.8,1805.4,1796.1481696169794,22427.0,1563.0,40282215.0,12677.0,56.53,22.2,-1.6,1580342400.0
2020-01-29,1788.0,1803.0,1781.1,1796.5,1795.4224464831805,16350.0,2428.0,29355157.0,7368.0,45.06,21.9,8.5,1580256000.0
2020-01-28,1797.0,1797.0,1773.5,1778.7,1780.7378056828256,53037.0,4422.0,94444991.0,25637.0,48.34,23.5,-18.3,1580169600.0
2020-01-27,1793.0,1805.25,1779.9,1787.05,1793.9425357537045,42583.0,3215.0,76391455.0,11175.0,26.24,25.35,-5.95,1580083200.0
2020-01-24,1777.0,1800.0,1777.0,1786.1,1792.1692158801623,47531.0,3562.0,85183595.0,9910.0,20.85,23.0,9.1,1579824000.0
2020-01-23,1783.5,1788.35,1758.0,1775.3,1768.5902318783676,45843.0,3470.0,81077482.0,13602.0,29.67,30.35,-8.2,1579737600.0
2020-01-22,1818.0,1818.0,1769.6,1778.3,1792.9678482212075,92872.0,6470.0,166516510.0,17525.0,18.87,48.4,-39.7,1579651200.0
2020-01-21,1847.0,1847.0,1794.75,1810.25,1809.9037096130835,62675.0,3505.0,113435715.0,10806.0,17.24,52.25,-36.75,1579564800.0
2020-01-20,1832.0,1861.95,1832.0,1848.6,1852.2900977857705,53382.0,4228.0,98878950.0,14047.0,26.31,29.95,16.6,1579478400.0
2020-01-17,1836.0,1839.35,1815.9,1831.2,1827.160052989704,16607.0,1791.0,30343647.0,5990.0,36.07,23.45,-4.8,1579219200.0
2020-01-16,1838.2,1845.0,1829.75,1834.95,1836.8299977613608,22335.0,1691.0,41025598.0,8028.0,35.94,15.25,-3.25,1579132800.0
2020-01-15,1815.85,1845.9,1810.4,1841.75,1832.011341396096,39854.0,2158.0,73012980.0,12010.0,30.13,35.5,25.9,1579046400.0
2020-01-14,1809.0,1822.75,1805.95,1818.55,1817.9616101059844,46705.0,1931.0,84907897.0,5342.0,11.44,16.8,9.55,1578960000.0
2020-01-13,1798.0,1807.0,1795.05,1805.25,1801.6288574868515,15781.0,1229.0,28431505.0,5484.0,34.75,11.95,7.25,1578873600.0
2020-01-10,1773.0,1796.6,1760.35,1791.05,1784.8929349517584,35343.0,2597.0,63083471.0,17435.0,49.33,36.25,18.05,1578614400.0
2020-01-09,1760.0,1775.3,1741.65,1773.0,1759.3616584975491,39988.0,3377.0,70353354.0,20570.0,51.44,33.65,13.0,1578528000.0
2020-01-08,1699.0,1737.3,1695.3,1730.85,1716.4468023883167,13901.0,1079.0,23860327.0,3514.0,25.28,42.0,31.85,1578441600.0
2020-01-07,1708.3,1740.8,1708.3,1723.9,1729.4537782892212,20856.0,1545.0,36069488.0,4447.0,21.32,32.5,15.6,1578355200.0
2020-01-06,1744.9,1744.9,1694.0,1707.5,1709.9994334853727,68842.0,5402.0,117719781.0,32222.0,46.81,50.9,-37.4,1578268800.0
2020-01-03,1788.0,1788.0,1747.25,1751.65,1757.3121899091673,26202.0,2170.0,46045094.0,10407.0,39.72,40.75,-36.35,1578009600.0
2020-01-02,1790.6,1800.0,1785.0,1790.25,1792.4592414995639,22940.0,1159.0,41119015.0,8494.0,37.03,15.0,-0.35,1577923200.0
2020-01-01,1790.15,1803.0,1785.0,1793.75,1795.0622589874365,32156.0,2782.0,57722022.0,12107.0,37.65,18.0,3.6,1577836800.0
2019-12-31,1802.65,1803.0,1781.15,1786.85,1790.5706656637833,26590.0,1131.0,47611274.0,18514.0,69.63,21.85,-15.8,1577750400.0
2019-12-30,1812.95,1816.8,1799.0,1802.4,1805.883593420497,14226.0,1030.0,25690500.0,4913.0,34.54,17.8,-10.55,1577664000.0
2019-12-27,1810.0,1825.75,1801.0,1812.95,1812.7014711324946,21616.0,1307.0,39183355.0,6139.0,28.4,24.75,2.95,1577404800.0
2019-12-26,1800.85,1818.9,1798.1,1810.1,1808.7146617661663,20134.0,1346.0,36416661.0,5510.0,27.37,20.8,9.25,1577318400.0
2019-12-24,1810.0,1825.9,1798.8,1803.4,1812.4939875326763,24865.0,1328.0,45067663.0,4441.0,17.86,27.1,-6.6,1577145600.0
2019-12-23,1790.0,1814.0,1787.05,1807.45,1801.0835511087882,26786.0,1054.0,48243824.0,12413.0,46.34,26.95,17.45,1577059200.0
2019-12-20,1809.8,1809.8,1796.0,1798.55,1799.5543167524302,59466.0,2387.0,107012297.0,9989.0,16.8,13.8,-11.25,1576800000.0
2019-12-19,1783.0,1807.55,1778.5,1802.0,1797.1873141233227,60524.0,2396.0,108772965.0,26199.0,43.29,29.05,19.0,1576713600.0
2019-12-18,1741.55,1782.0,1734.8,1778.55,1750.533562661523,1185201.0,1999.0,2074734129.0,1153526.0,97.33,47.2,37.0,1576627200.0
2019-12-17,1740.0,1749.0,1731.65,1745.3,1739.8809928045919,12369.0,844.0,21520588.0,2731.0,22.08,17.35,5.3,1576540800.0
2019-12-16,1758.0,1758.0,1728.05,1731.65,1736.449509321075,54822.0,1277.0,95195635.0,5033.0,9.18,29.95,-26.35,1576454400.0
2019-12-13,1754.0,1757.55,1737.0,1744.0,1743.0289430034375,41599.0,1156.0,72508261.0,4177.0,10.04,20.55,-10.0,1576195200.0
2019-12-12,1743.0,1753.9,1728.05,1751.0,1742.6196164525086,46461.0,1832.0,80963850.0,7513.0,16.17,25.85,8.0,1576108800.0
2019-12-11,1705.15,1742.0,1705.15,1737.7,1732.0052623640415,59669.0,1918.0,103347022.0,6920.0,11.6,36.85,32.55,1576022400.0
2019-12-10,1730.9,1731.75,1710.0,1713.4,1720.1143946020245,16006.0,1515.0,27532151.0,6041.0,37.74,21.75,-17.5,1575936000.0
2019-12-09,1721.5,1732.3,1711.15,1726.45,1722.5997199348544,65699.0,3626.0,113173079.0,15822.0,24.08,21.15,4.95,1575849600.0
2019-12-06,1714.0,1747.5,1713.0,1717.35,1730.8792464750309,34823.0,1883.0,60274408.0,4513.0,12.96,34.5,3.35,1575590400.0
2019-12-05,1739.95,1739.95,1707.85,1714.85,1723.0766866622232,27006.0,1717.0,46533409.0,5854.0,21.68,32.1,-25.1,1575504000.0
2019-12-04,1728.65,1733.95,1711.1,1720.6,1720.3085791691751,33220.0,2352.0,57148651.0,9872.0,29.72,22.85,-8.05,1575417600.0
2019-12-03,1741.95,1750.0,1724.95,1737.1,1738.4689362033566,179743.0,1935.0,312477622.0,121107.0,67.38,25.05,-4.85,1575331200.0
2019-12-02,1704.0,1743.1,1698.1,1738.3,1724.8447256663608,46859.0,2061.0,80824499.0,8932.0,19.06,45.0,34.3,1575244800.0
2019-11-29,1715.0,1719.2,1678.8,1704.0,1693.5615800997446,32884.0,2047.0,55691079.0,10166.0,30.91,40.4,-11.0,1574985600.0
2019-11-28,1728.5,1728.5,1702.2,1713.45,1713.8497282132212,22812.0,1145.0,39096340.0,4187.0,18.35,26.3,-15.05,1574899200.0
2019-11-27,1710.7,1730.55,1705.65,1715.7,1719.1989689629604,28321.0,1651.0,48689434.0,5432.0,19.18,24.9,5.0,1574812800.0
2019-11-26,1722.9,1728.3,1687.85,1710.6,1711.3628909388074,36099.0,2084.0,61778489.0,9167.0,25.39,40.45,-12.3,1574726400.0
2019-11-25,1685.0,1719.9,1666.0,1708.55,1694.85468730378,63704.0,2764.0,107969023.0,6637.0,10.42,53.9,23.55,1574640000.0
2019-11-22,1715.0,1715.0,1676.25,1682.4,1691.3074550065844,82012.0,3000.0,138707507.0,14152.0,17.26,38.75,-32.6,1574380800.0
2019-11-21,1723.15,1733.55,1711.05,1719.8,1718.971940442213,116324.0,2236.0,199957692.0,87411.0,75.14,22.5,-3.35,1574294400.0
2019-11-20,1740.0,1748.4,1716.55,1722.8,1729.5030476448474,59062.0,1973.0,102147909.0,7333.0,12.42,31.85,-17.2,1574208000.0
2019-11-19,1740.1,1746.75,1719.2,1721.0,1731.8343862839465,191367.0,1931.0,331415951.0,11538.0,6.03,27.55,-19.1,1574121600.0
2019-11-18,1766.0,1766.0,1734.85,1738.8,1742.959933145591,43677.0,2049.0,76127261.0,9275.0,21.24,31.15,-27.2,1574035200.0
2019-11-15,1780.0,1783.75,1757.4,1761.65,1770.8869104908567,20780.0,1708.0,36799030.0,8286.0,39.87,26.35,-18.35,1573776000.0
2019-11-14,1771.0,1799.2,1767.05,1775.1,1777.5326717519565,81018.0,2686.0,144012142.0,12299.0,15.18,32.15,4.1,1573689600.0
2019-11-13,1775.0,1786.5,1756.95,1770.4,1770.5695683547626,30488.0,1681.0,53981125.0,9415.0,30.88,29.55,-4.6,1573603200.0
2019-11-11,1793.0,1793.55,1768.4,1773.8,1775.371317486408,31636.0,2142.0,56165647.0,10510.0,33.22,25.15,-19.2,1573430400.0
2019-11-08,1825.0,1827.2,1791.75,1794.55,1806.1768849328027,57071.0,3049.0,103080321.0,15913.0,27.88,35.45,-30.45,1573171200.0
2019-11-07,1804.0,1830.5,1798.15,1826.65,1813.5804041600838,60768.0,3507.0,110207654.0,24575.0,40.44,32.35,22.65,1573084800.0
2019-11-06,1784.55,1814.75,1781.65,1798.35,1804.7836159140506,59570.0,3030.0,107510960.0,19194.0,32.22,33.1,13.8,1572998400.0
2019-11-05,1784.9,1797.95,1767.55,1794.6,1782.1406455862975,30360.0,1543.0,54105790.0,9873.0,32.52,30.4,9.7,1572912000.0
2019-11-04,1776.9,1790.0,1766.45,1785.65,1780.6089535911135,23767.0,1457.0,42319733.0,7434.0,31.28,23.55,8.75,1572825600.0
2019-11-01,1801.0,1821.4,1761.9,1765.95,1780.7290928598902,49397.0,4073.0,87962675.0,17531.0,35.49,59.5,-35.05,1572566400.0
2019-10-31,1825.3,1833.65,1804.25,1810.75,1820.2067858996743,21191.0,1106.0,38572002.0,5553.0,26.2,29.4,-14.55,1572480000.0
2019-10-30,1823.0,1827.0,1804.45,1821.3,1816.8036525585849,33456.0,1963.0,60782983.0,13415.0,40.1,22.55,-1.7,1572393600.0
2019-10-29,1793.0,1819.5,1774.0,1814.8,1801.9014807365536,57674.0,1879.0,103922866.0,28340.0,49.14,45.5,21.8,1572307200.0
2019-10-27,1801.0,1807.7,1790.0,1793.95,1796.8980462978166,6091.0,526.0,10944906.0,3991.0,65.52,17.7,-7.05,1572134400.0
2019-10-25,1791.0,1808.95,1785.05,1797.0,1799.0171512338138,81860.0,1709.0,147267544.0,25834.0,31.56,23.9,6.0,1571961600.0
2019-10-24,1777.0,1794.8,1753.9,1790.75,1773.75662264295,39297.0,2347.0,69703314.0,12772.0,32.5,40.9,13.75,1571875200.0
2019-10-23,1765.0,1800.9,1763.2,1766.4,1777.7945737732373,59710.0,2926.0,106152114.0,14624.0,24.49,37.7,1.4,1571788800.0
2019-10-22,1817.05,1821.6,1775.6,1779.8,1795.5304313415115,50540.0,2939.0,90746108.0,14112.0,27.92,46.0,-37.25,1571702400.0
2019-10-18,1812.95,1823.85,1788.7,1816.6,1810.2202909817856,36016.0,1743.0,65196894.0,5303.0,14.72,35.15,3.65,1571356800.0
2019-10-17,1768.3,1816.4,1755.65,1812.95,1796.4724092873655,39796.0,2209.0,71492416.0,9251.0,23.25,60.75,44.65,1571270400.0
2019-10-16,1808.0,1813.9,1757.35,1765.7,1778.1229898074744,35320.0,2311.0,62803304.0,9827.0,27.82,56.55,-42.3,1571184000.0
2019-10-15,1797.0,1824.15,1797.0,1802.5,1810.6670621605087,53941.0,2166.0,97669192.0,20560.0,38.12,27.15,5.5,1571097600.0
2019-10-14,1789.0,1806.15,1785.0,1797.65,1797.3833995637756,33469.0,1885.0,60156625.0,11869.0,35.46,21.15,8.65,1571011200.0
2019-10-11,1782.0,1801.6,1764.55,1790.0,1786.9303434272092,33981.0,1915.0,60721680.0,6529.0,19.21,37.05,8.0,1570752000.0
2019-10-10,1770.0,1793.25,1758.85,1778.45,1778.811191392859,37922.0,2022.0,67456078.0,6182.0,16.3,34.4,8.45,1570665600.0
2019-10-09,1723.0,1777.4,1723.0,1773.15,1750.640703241072,36346.0,1676.0,63628787.0,6591.0,18.13,54.4,50.15,1570579200.0
2019-10-07,1724.0,1743.0,1717.8,1722.6,1728.5168923984204,40018.0,1677.0,69171789.0,17175.0,42.92,25.2,-1.4,1570406400.0
2019-10-04,1752.0,1760.0,1717.55,1724.75,1738.6521481129835,25278.0,1569.0,43949649.0,4828.0,19.1,42.45,-27.25,1570147200.0
2019-10-03,1764.7,1766.4,1733.25,1749.25,1746.5295229339056,39156.0,1955.0,68387110.0,7083.0,18.09,33.15,-15.45,1570060800.0
2019-10-01,1767.35,1799.0,1758.0,1764.7,1775.697009034525,76263.0,2255.0,135419981.0,6485.0,8.5,41.0,-2.65,1569888000.0
2019-09-30,1772.0,1772.0,1738.5,1763.7,1752.6525554593047,26551.0,1446.0,46534678.0,5490.0,20.68,33.5,-8.3,1569801600.0
2019-09-27,1770.0,1780.4,1736.4,1776.25,1754.571731846433,39097.0,1922.0,68598491.0,6902.0,17.65,44.0,6.25,1569542400.0
2019-09-26,1756.05,1778.75,1752.0,1770.7,1765.192245828832,41655.0,2477.0,73529083.0,11068.0,26.57,26.75,14.65,1569456000.0
2019-09-25,1781.0,1781.0,1728.2,1752.4,1748.6324610097806,37830.0,2252.0,66150766.0,5859.0,15.49,52.8,-28.6,1569369600.0
2019-09-24,1802.1,1802.1,1752.0,1766.95,1770.3048026178894,52867.0,3038.0,93590704.0,13818.0,26.14,50.1,-35.15,1569283200.0
2019-09-23,1690.0,1819.55,1690.0,1804.25,1787.7224199439395,235460.0,10447.0,420937121.0,57593.0,24.46,129.55,114.25,1569196800.0
2019-09-20,1554.4,1724.0,1541.95,1672.35,1642.1185648334424,188884.0,8303.0,310169923.0,55714.0,29.5,182.05,117.95,1568937600.0
2019-09-19,1550.0,1563.3,1545.15,1554.35,1557.3715909314346,50857.0,3565.0,79203247.0,18879.0,37.12,18.15,4.35,1568851200.0
2019-09-18,1542.0,1560.85,1536.3,1548.1,1550.3684210526314,36898.0,2082.0,57205494.0,10241.0,27.75,24.55,6.1,1568764800.0
2019-09-17,1525.0,1542.95,1519.25,1531.05,1531.7716047660238,35837.0,1975.0,54894099.0,9996.0,27.89,23.7,6.05,1568678400.0
2019-09-16,1515.0,1525.95,1501.25,1520.55,1513.5917104129126,38289.0,2782.0,57953913.0,10089.0,26.35,24.7,5.55,1568592000.0
2019-09-13,1537.0,1552.35,1528.3,1547.95,1540.1867689057553,25561.0,2178.0,39368714.0,8216.0,32.14,24.05,10.95,1568332800.0
2019-09-12,1574.0,1574.0,1537.45,1539.6,1548.7699610314237,24122.0,1767.0,37359429.0,4978.0,20.64,36.55,-34.4,1568246400.0
2019-09-11,1544.1,1564.5,1543.6,1561.3,1557.6409880329345,29999.0,1866.0,46727672.0,12559.0,41.86,20.9,17.2,1568160000.0
2019-09-09,1531.0,1543.95,1524.9,1540.8,1539.2164159507818,53314.0,1949.0,82061784.0,9315.0,17.47,19.05,9.8,1567987200.0
2019-09-06,1518.5,1540.0,1518.5,1532.65,1529.8579946920347,29013.0,1353.0,44385770.0,9668.0,33.32,21.5,14.15,1567728000.0
2019-09-05,1537.6,1545.8,1516.0,1520.15,1527.0351182663205,37331.0,1927.0,57005748.0,9375.0,25.11,29.8,-17.45,1567641600.0
2019-09-04,1588.0,1588.0,1527.9,1534.9,1540.7269423435812,40724.0,2069.0,62744564.0,8670.0,21.29,60.1,-53.1,1567555200.0
2019-09-03,1608.0,1609.0,1574.35,1576.5,1589.377754927163,29175.0,1657.0,46370096.0,9627.0,33.0,34.65,-31.5,1567468800.0
2019-08-30,1615.0,1621.95,1595.75,1615.2,1607.9074509003028,29379.0,1475.0,47238713.0,6777.0,23.07,26.2,0.2,1567123200.0
2019-08-29,1604.0,1620.0,1589.5,1615.4,1604.4074049232004,44727.0,1650.0,71760330.0,17307.0,38.69,30.5,11.4,1567036800.0
2019-08-28,1600.0,1606.15,1590.8,1603.7,1599.325598041063,26545.0,1297.0,42454098.0,6503.0,24.5,15.35,3.7,1566950400.0
2019-08-27,1599.5,1606.75,1586.7,1601.15,1597.8263968203207,65667.0,2760.0,104924466.0,29423.0,44.81,20.05,1.65,1566864000.0
2019-08-26,1595.0,1601.3,1577.45,1597.9,1589.6851501537005,25374.0,1334.0,40336671.0,3949.0,15.56,23.85,2.9,1566777600.0
2019-08-23,1565.0,1583.1,1556.0,1579.75,1567.2187139081925,51085.0,1411.0,80061368.0,10280.0,20.12,27.1,14.75,1566518400.0
2019-08-22,1590.0,1593.9,1567.0,1570.35,1578.0781581038134,30208.0,1675.0,47670585.0,8843.0,29.27,26.9,-19.65,1566432000.0
2019-08-21,1590.0,1595.0,1580.0,1589.45,1587.8146976821606,24031.0,1190.0,38156775.0,6067.0,25.25,15.0,-0.55,1566345600.0
2019-08-20,1584.0,1599.05,1583.3,1595.05,1591.2670814115631,27969.0,1962.0,44506149.0,6928.0,24.77,15.75,11.05,1566259200.0
2019-08-19,1601.75,1609.4,1582.25,1586.55,1596.0752446203612,49771.0,2001.0,79438261.0,7992.0,16.06,27.15,-15.2,1566172800.0
2019-08-16,1568.0,1600.0,1561.0,1597.0,1582.7626930833499,45123.0,2294.0,71419001.0,12857.0,28.49,39.0,29.0,1565913600.0
2019-08-14,1572.85,1575.95,1553.75,1569.15,1566.614755004977,36164.0,1519.0,56655056.0,7497.0,20.73,22.2,-3.7,1565740800.0
2019-08-13,1575.0,1593.5,1567.6,1572.75,1582.4525997621936,89989.0,2595.0,142403327.0,46028.0,51.15,25.9,-2.25,1565654400.0
2019-08-09,1568.0,1581.55,1561.4,1575.2,1575.0390491925052,78081.0,2552.0,122980624.0,12729.0,16.3,20.15,7.2,1565308800.0
2019-08-08,1560.2,1570.05,1540.65,1566.3,1553.6717548920246,64135.0,2236.0,99644738.0,15479.0,24.14,29.4,6.1,1565222400.0
2019-08-07,1568.8,1575.0,1552.0,1559.0,1562.0772185055396,56502.0,3016.0,88260487.0,12343.0,21.85,23.0,-9.8,1565136000.0
2019-08-06,1520.0,1570.0,1520.0,1566.3,1554.1853796502426,71421.0,3677.0,111001474.0,19520.0,27.33,50.0,46.3,1565049600.0
2019-08-05,1540.0,1550.0,1522.2,1524.6,1530.6423034828103,66699.0,3394.0,102092311.0,15587.0,23.37,27.8,-15.4,1564963200.0
2019-08-02,1501.0,1549.0,1500.0,1545.2,1532.2409464411717,87866.0,4516.0,134631883.0,24534.0,27.92,49.0,44.2,1564704000.0
2019-08-01,1520.8,1531.2,1494.3,1504.45,1507.8755608804943,42567.0,2416.0,64185739.0,13140.0,30.87,36.9,-16.35,1564617600.0
2019-07-31,1508.0,1524.75,1496.1,1521.25,1512.6187313529638,77090.0,2318.0,116607778.0,11042.0,14.32,28.65,13.25,1564531200.0
2019-07-30,1513.1,1526.6,1503.3,1508.1,1513.8804671783025,53684.0,3213.0,81271159.0,11541.0,21.5,23.3,-5.0,1564444800.0
2019-07-29,1524.6,1538.35,1507.0,1513.1,1520.3484929552344,61677.0,3156.0,93770534.0,12826.0,20.8,31.35,-11.5,1564358400.0
2019-07-26,1495.0,1530.0,1486.1,1524.6,1512.2185998709338,83678.0,4480.0,126539428.0,30887.0,36.91,43.9,29.6,1564099200.0
2019-07-25,1483.0,1502.65,1459.1,1495.5,1487.1827937020587,123850.0,6921.0,184187589.0,30152.0,24.35,43.55,12.5,1564012800.0
2019-07-24,1430.0,1493.4,1396.0,1483.6,1452.3644015744085,319104.0,15108.0,463455290.0,56886.0,17.83,97.4,53.6,1563926400.0
2019-07-23,1410.0,1443.75,1402.0,1428.35,1426.7060394955445,105936.0,7396.0,151139531.0,38275.0,36.13,41.75,18.35,1563840000.0
2019-07-22,1385.0,1409.7,1359.4,1403.35,1394.7912507701785,73035.0,3151.0,101868579.0,16698.0,22.86,50.3,18.35,1563753600.0
2019-07-19,1389.95,1398.85,1365.0,1368.0,1376.7782430821765,31043.0,2517.0,42739327.0,10358.0,33.37,33.85,-21.95,1563494400.0
2019-07-18,1400.0,1400.0,1377.2,1383.7,1384.8009374809765,16427.0,1082.0,22748125.0,5271.0,32.09,22.8,-16.3,1563408000.0
2019-07-17,1375.05,1404.0,1375.05,1394.85,1390.1963482062495,69993.0,2935.0,97304013.0,18354.0,26.22,28.95,19.8,1563321600.0
2019-07-16,1354.95,1375.0,1346.0,1371.9,1368.0027955271564,52584.0,2423.0,71935059.0,26056.0,49.55,29.0,16.95,1563235200.0
2019-07-15,1370.0,1370.0,1348.2,1353.8,1356.98168349485,39418.0,2686.0,53489504.0,17280.0,43.84,21.8,-16.2,1563148800.0
2019-07-12,1331.0,1367.7,1326.2,1360.4,1348.061527006904,29548.0,1469.0,39832522.0,8231.0,27.86,41.5,29.4,1562889600.0
2019-07-11,1323.0,1336.45,1311.05,1332.7,1328.0866738894908,30459.0,1564.0,40452192.0,9174.0,30.12,25.4,9.7,1562803200.0
2019-07-10,1336.8,1338.45,1312.6,1322.85,1326.7761101373064,27384.0,1691.0,36332437.0,5354.0,19.55,25.85,-13.95,1562716800.0
2019-07-09,1342.05,1342.05,1291.45,1320.45,1309.5036431622352,67661.0,3416.0,88602326.0,18234.0,26.95,50.6,-21.6,1562630400.0
2019-07-08,1358.6,1361.35,1333.1,1339.75,1342.4428864200195,27813.0,1541.0,37337364.0,8569.0,30.81,28.25,-18.85,1562544000.0
2019-07-05,1360.6,1373.0,1353.95,1358.4,1364.3172700256653,29612.0,1490.0,40400163.0,9088.0,30.69,19.05,-2.2,1562284800.0
2019-07-04,1364.8,1366.65,1352.0,1359.8,1362.4466658220365,118395.0,1866.0,161306873.0,94856.0,80.12,14.65,-5.0,1562198400.0
2019-07-03,1353.6,1370.55,1350.25,1352.35,1358.4337279108718,53137.0,2299.0,72183093.0,16032.0,30.17,20.3,-1.25,1562112000.0
2019-07-02,1357.65,1359.5,1341.75,1345.95,1347.710837096214,28790.0,1543.0,38800595.0,12547.0,43.58,17.75,-11.7,1562025600.0
2019-07-01,1365.0,1371.75,1352.0,1354.15,1361.4477271942844,28973.0,1615.0,39445225.0,10974.0,37.88,19.75,-10.85,1561939200.0
2019-06-28,1365.0,1370.9,1350.0,1357.65,1357.535667271498,28107.0,1383.0,38156255.0,10059.0,35.79,20.9,-7.35,1561680000.0
2019-06-27,1366.9,1369.5,1357.95,1361.9,1365.4338067193346,468469.0,2040.0,639663410.0,438379.0,93.58,11.55,-5.0,1561593600.0
2019-06-26,1361.5,1370.1,1352.2,1359.9,1361.9628191508846,27299.0,1217.0,37180223.0,7851.0,28.76,17.9,-1.6,1561507200.0
2019-06-25,1374.9,1374.9,1360.15,1363.2,1364.381081011551,38871.0,1793.0,53034857.0,18108.0,46.58,14.75,-11.7,1561420800.0
2019-06-24,1383.15,1396.7,1368.7,1376.45,1376.5477686989313,25456.0,1156.0,35041400.0,8878.0,34.88,28.0,-6.7,1561334400.0
2019-06-21,1384.0,1394.0,1372.65,1382.95,1383.315504790402,34757.0,1287.0,48079897.0,15597.0,44.87,21.35,-1.05,1561075200.0
2019-06-20,1370.0,1404.15,1360.85,1390.1,1388.1683909582673,48619.0,1512.0,67491359.0,27141.0,55.82,43.3,20.1,1560988800.0
2019-06-19,1390.8,1396.8,1371.9,1381.75,1384.7147555823776,33140.0,1487.0,45889447.0,8790.0,26.52,24.9,-9.05,1560902400.0
2019-06-18,1413.85,1413.85,1376.65,1380.4,1384.3457884420914,80101.0,2953.0,110887482.0,56983.0,71.14,37.2,-33.45,1560816000.0
2019-06-17,1415.0,1424.6,1397.15,1401.8,1408.2720616946506,30732.0,1277.0,43279017.0,8953.0,29.13,27.45,-13.2,1560729600.0
2019-06-14,1430.0,1431.7,1411.0,1412.65,1418.9096986817324,42480.0,1839.0,60275284.0,17704.0,41.68,20.7,-17.35,1560470400.0
2019-06-13,1438.7,1438.7,1421.1,1427.15,1429.752373977786,40965.0,2942.0,58569806.0,10933.0,26.69,17.6,-11.55,1560384000.0
2019-06-12,1434.8,1439.8,1420.25,1425.55,1430.0024659123874,34470.0,1797.0,49292185.0,10550.0,30.61,19.55,-9.25,1560297600.0
2019-06-11,1435.0,1435.0,1411.0,1426.25,1423.7841642555084,35944.0,1580.0,51176498.0,11809.0,32.85,24.0,-8.75,1560211200.0
2019-06-10,1423.05,1442.0,1417.45,1422.0,1423.7014533796744,163137.0,5428.0,232258384.0,117998.0,72.33,24.55,-1.05,1560124800.0
2019-06-07,1427.5,1438.25,1413.35,1421.1,1422.7059037370943,68770.0,1705.0,97839485.0,32436.0,47.17,24.9,-6.4,1559865600.0
2019-06-06,1428.0,1459.55,1423.65,1427.8,1437.4989435131708,170376.0,4345.0,244915320.0,79833.0,46.86,35.9,-0.2,1559779200.0
2019-06-04,1459.0,1459.0,1417.55,1421.25,1426.9268808332904,58179.0,2765.0,83017179.0,22683.0,38.99,41.45,-37.75,1559606400.0
2019-06-03,1424.95,1464.9,1424.95,1458.0,1453.19043351677,237684.0,6587.0,345400115.0,149609.0,62.94,39.95,33.05,1559520000.0
2019-05-31,1377.2,1426.0,1377.2,1406.7,1412.6014408936185,181554.0,6939.0,256463442.0,36962.0,20.36,48.8,29.5,1559260800.0
2019-05-30,1359.35,1387.5,1353.6,1373.35,1373.2115861574964,111685.0,3047.0,153367136.0,45945.0,41.14,33.9,14.0,1559174400.0
2019-05-29,1364.0,1365.0,1347.8,1359.35,1354.7579915184774,28061.0,1630.0,38015864.0,12440.0,44.33,17.2,-4.65,1559088000.0
2019-05-28,1366.15,1387.8,1360.55,1366.3,1373.942194803783,36796.0,1866.0,50555577.0,11720.0,31.85,27.25,0.15,1559001600.0
2019-05-27,1393.2,1395.0,1362.0,1365.7,1372.2782659828165,122444.0,2378.0,168027240.0,88521.0,72.3,33.0,-27.5,1558915200.0
2019-05-24,1385.0,1399.0,1377.35,1385.55,1390.0052813325208,59076.0,1885.0,82115952.0,24231.0,41.02,21.65,0.55,1558656000.0
2019-05-23,1375.2,1386.9,1359.0,1369.45,1374.5630831893359,162040.0,2196.0,222734202.0,113382.0,69.97,27.9,-5.75,1558569600.0
2019-05-22,1379.0,1379.0,1349.0,1366.75,1364.5198199455651,28658.0,1353.0,39104409.0,7996.0,27.9,30.0,-12.25,1558483200.0
2019-05-21,1383.5,1383.85,1352.2,1358.55,1371.1260055511125,42514.0,2398.0,58292051.0,14416.0,33.91,31.65,-24.95,1558396800.0
2019-05-20,1335.15,1377.0,1335.15,1372.75,1356.5700651826344,40655.0,1827.0,55151356.0,11821.0,29.08,41.85,37.6,1558310400.0
2019-05-17,1306.9,1329.0,1301.75,1318.15,1317.6746792239321,54789.0,2250.0,72194078.0,20167.0,36.81,27.25,11.25,1558051200.0
2019-05-16,1311.7,1314.0,1294.5,1307.0,1303.3309197873061,26517.0,1325.0,34560426.0,7128.0,26.88,19.5,-4.7,1557964800.0
2019-05-15,1327.0,1328.6,1303.65,1307.15,1310.834492511039,34651.0,1699.0,45421726.0,12179.0,35.15,24.95,-19.85,1557878400.0
2019-05-14,1331.7,1333.45,1301.9,1318.85,1316.6496924683765,86170.0,3005.0,113455704.0,28630.0,33.22,31.55,-12.85,1557792000.0
2019-05-13,1340.0,1344.3,1324.25,1332.9,1333.4295772703426,36217.0,1996.0,48292819.0,14756.0,40.74,20.05,-7.1,1557705600.0
2019-05-10,1310.05,1355.0,1310.05,1340.95,1329.715212330217,321292.0,6160.0,427226860.0,220315.0,68.57,44.95,30.9,1557446400.0
2019-05-09,1390.0,1393.0,1347.0,1355.8,1367.8607322843418,152591.0,5151.0,208723237.0,73177.0,47.96,46.0,-34.2,1557360000.0
2019-05-08,1382.8,1399.0,1365.65,1387.6,1381.643477802244,75841.0,2235.0,104785223.0,33144.0,43.7,33.35,4.8,1557273600.0
2019-05-07,1431.5,1431.5,1377.15,1387.65,1390.9078427404322,93883.0,2799.0,130582601.0,12095.0,12.88,54.35,-43.85,1557187200.0
2019-05-06,1435.0,1447.75,1410.0,1414.9,1424.7599531357073,45237.0,1733.0,64451866.0,11568.0,25.57,37.75,-20.1,1557100800.0
2019-05-03,1441.0,1455.0,1433.4,1437.75,1443.7243257489235,22766.0,869.0,32867828.0,5890.0,25.87,21.6,-3.25,1556841600.0
2019-05-02,1471.9,1471.9,1433.0,1437.85,1449.0033329787616,28203.0,1360.0,40866241.0,7129.0,25.28,38.9,-34.05,1556755200.0
2019-04-30,1456.0,1476.9,1450.0,1463.0,1466.4981355240925,34326.0,1703.0,50339015.0,8976.0,26.15,26.9,7.0,1556582400.0
2019-04-26,1448.0,1456.6,1436.8,1448.05,1446.3579031623885,71212.0,1977.0,102998039.0,47764.0,67.07,19.8,0.05,1556236800.0
2019-04-25,1445.0,1459.7,1439.6,1448.25,1451.780033657239,18421.0,967.0,26743240.0,6016.0,32.66,20.1,3.25,1556150400.0
2019-04-24,1435.0,1458.45,1433.65,1449.15,1449.2842352099524,50321.0,1287.0,72929432.0,29688.0,59.0,24.8,14.15,1556064000.0
2019-04-23,1450.0,1454.1,1427.55,1431.3,1435.913982045816,33307.0,1273.0,47825987.0,12198.0,36.62,26.55,-18.7,1555977600.0
2019-04-22,1464.0,1464.0,1435.1,1443.25,1443.4938881928686,29533.0,1278.0,42630705.0,6571.0,22.25,28.9,-20.75,1555891200.0
2019-04-18,1462.0,1478.8,1460.3,1465.35,1467.7404381829867,37336.0,1671.0,54799557.0,10690.0,28.63,18.5,3.35,1555545600.0
2019-04-16,1449.9,1464.9,1442.05,1455.85,1457.0239618020685,56757.0,2382.0,82696309.0,16198.0,28.54,22.85,5.95,1555372800.0
2019-04-15,1446.95,1450.65,1427.0,1432.3,1438.3644795864059,39459.0,1482.0,56756424.0,9310.0,23.59,23.65,-14.65,1555286400.0
2019-04-12,1430.0,1444.8,1425.15,1437.6,1437.7317856805369,95241.0,3135.0,136931013.0,49569.0,52.05,19.65,7.6,1555027200.0
2019-04-11,1411.45,1431.6,1409.65,1422.65,1422.5757590080511,63471.0,3071.0,90292306.0,15246.0,24.02,21.95,11.2,1554940800.0
2019-04-10,1458.0,1458.0,1405.0,1412.45,1426.1627081851182,109638.0,4389.0,156361627.0,51496.0,46.97,53.0,-45.55,1554854400.0
2019-04-09,1470.0,1474.1,1439.7,1443.5,1458.372705835793,545787.0,8063.0,795960864.0,165163.0,30.26,34.4,-26.5,1554768000.0
2019-04-08,1519.9,1519.9,1486.95,1496.4,1496.9791062100985,24122.0,1245.0,36110130.0,8675.0,35.96,32.95,-23.5,1554681600.0
2019-04-05,1518.95,1523.7,1504.05,1514.75,1513.0023274998525,33942.0,1316.0,51354325.0,12607.0,37.14,19.65,-4.2,1554422400.0
2019-04-04,1510.0,1525.0,1504.0,1518.7,1516.984956699426,51385.0,2483.0,77950272.0,19485.0,37.92,21.0,8.7,1554336000.0
2019-04-03,1518.0,1529.95,1491.25,1496.95,1514.7583852135886,46421.0,2230.0,70316599.0,13340.0,28.74,38.7,-21.05,1554249600.0
2019-04-02,1490.2,1520.0,1485.0,1515.75,1508.7746344105435,55390.0,2446.0,83571027.0,18191.0,32.84,35.0,25.55,1554163200.0
2019-04-01,1497.55,1503.75,1487.85,1490.45,1496.0477927167817,18371.0,823.0,27483894.0,5606.0,30.52,15.9,-7.1,1554076800.0
2019-03-29,1500.7,1507.95,1485.0,1491.9,1493.0967722795776,33708.0,1150.0,50329306.0,12387.0,36.75,22.95,-8.8,1553817600.0
2019-03-28,1482.0,1505.0,1473.7,1494.5,1487.5884385603365,48039.0,1616.0,71462261.0,18740.0,39.01,31.3,12.5,1553731200.0
2019-03-27,1486.55,1495.0,1465.9,1472.9,1474.0687863318146,87561.0,2305.0,129070937.0,28511.0,32.56,29.1,-13.65,1553644800.0
2019-03-26,1465.95,1491.25,1458.0,1484.45,1483.1331358760574,162398.0,2328.0,240857855.0,116951.0,72.02,33.25,18.5,1553558400.0
2019-03-25,1466.5,1474.8,1452.3,1456.6,1458.191686736241,67266.0,1743.0,98086722.0,38626.0,57.42,22.5,-9.9,1553472000.0
2019-03-22,1465.0,1479.0,1454.1,1470.7,1468.174788014536,87506.0,2144.0,128474103.0,41132.0,47.0,24.9,5.7,1553212800.0
2019-03-20,1456.2,1464.8,1449.0,1454.95,1455.73612960081,53333.0,1610.0,77638775.0,36082.0,67.65,15.8,-1.25,1553040000.0
2019-03-19,1446.0,1458.95,1440.2,1453.9,1453.9716583308814,20394.0,1288.0,29652298.0,7947.0,38.97,18.75,7.9,1552953600.0
2019-03-18,1441.3,1459.0,1436.35,1445.8,1445.1977010270873,37582.0,1719.0,54313420.0,13122.0,34.92,22.65,4.5,1552867200.0
2019-03-15,1435.05,1456.65,1430.0,1432.25,1441.7142741347168,49348.0,1790.0,71145716.0,14423.0,29.23,26.65,-2.8,1552608000.0
2019-03-14,1435.2,1446.0,1420.45,1434.05,1434.4784323119159,54271.0,2096.0,77850579.0,21719.0,40.02,25.55,-1.15,1552521600.0
2019-03-13,1432.0,1434.8,1418.35,1428.45,1425.8078139463128,25928.0,1076.0,36968345.0,9865.0,38.05,16.45,-3.55,1552435200.0
2019-03-12,1418.5,1444.35,1418.5,1427.25,1431.7715269111548,49682.0,2081.0,71133273.0,20761.0,41.79,25.85,8.75,1552348800.0
2019-03-11,1383.6,1423.5,1383.6,1417.9,1412.2108041036097,225655.0,5291.0,318672429.0,138444.0,61.35,39.9,34.3,1552262400.0
2019-03-08,1397.25,1397.25,1380.7,1383.6,1386.445249039733,31762.0,1461.0,44036274.0,8894.0,28.0,16.55,-13.65,1552003200.0
2019-03-07,1399.05,1405.2,1392.05,1397.25,1398.7852363656225,36617.0,1533.0,51219319.0,12534.0,34.23,13.15,-1.8,1551916800.0
2019-03-06,1406.05,1408.0,1387.2,1393.75,1392.3837087905713,86206.0,2634.0,120031830.0,60074.0,69.69,20.8,-12.3,1551830400.0
2019-03-05,1394.5,1409.0,1384.8,1401.2,1399.5998903753627,49259.0,1821.0,68942891.0,30958.0,62.85,24.2,6.7,1551744000.0
2019-03-01,1407.6,1417.7,1388.15,1392.15,1400.3617724867725,40824.0,1971.0,57168369.0,10004.0,24.51,29.55,-15.45,1551398400.0
2019-02-28,1413.0,1415.45,1401.0,1405.05,1408.1248517755726,64092.0,1195.0,90249538.0,40692.0,63.49,14.45,-7.95,1551312000.0
2019-02-27,1401.25,1428.45,1395.4,1402.5,1405.530825171443,115782.0,2656.0,162735170.0,50800.0,43.88,33.05,1.25,1551225600.0
2019-02-26,1399.0,1406.5,1379.15,1401.25,1396.6328657314627,32435.0,1287.0,45299787.0,12094.0,37.29,27.35,2.25,1551139200.0
2019-02-25,1402.8,1405.8,1391.75,1398.75,1399.1143098793145,30741.0,1766.0,43010173.0,16801.0,54.65,14.05,-4.05,1551052800.0
2019-02-22,1400.0,1406.95,1383.95,1398.3,1401.8252728077716,115191.0,928.0,161477655.0,6726.0,5.84,23.0,-1.7,1550793600.0
2019-02-21,1398.55,1407.75,1392.0,1397.75,1399.4831412883768,77586.0,4201.0,108580299.0,44705.0,57.62,15.75,-0.8,1550707200.0
2019-02-20,1384.15,1396.4,1377.0,1394.4,1389.0601144690313,27431.0,1042.0,38103308.0,5405.0,19.7,19.4,10.25,1550620800.0
2019-02-19,1376.0,1397.0,1372.0,1378.95,1384.3747734972035,25386.0,1393.0,35143738.0,6245.0,24.6,25.0,2.95,1550534400.0
2019-02-18,1400.0,1400.0,1346.75,1379.75,1370.2343681035752,61173.0,2331.0,83821347.0,13876.0,22.68,53.25,-20.25,1550448000.0
2019-02-15,1399.45,1402.8,1373.0,1395.25,1386.0731517336535,44934.0,1345.0,62281811.0,4688.0,10.43,29.8,-4.2,1550188800.0
2019-02-14,1419.65,1422.45,1397.05,1399.45,1407.6774698033469,30053.0,1396.0,42304931.0,11080.0,36.87,25.4,-20.2,1550102400.0
2019-02-13,1455.9,1455.9,1416.75,1423.1,1433.3808582341046,22255.0,854.0,31899891.0,8249.0,37.07,39.15,-32.8,1550016000.0
2019-02-12,1435.0,1456.55,1434.55,1448.7,1447.704276598468,109386.0,2941.0,158358580.0,60686.0,55.48,22.0,13.7,1549929600.0
2019-02-11,1450.0,1456.15,1427.0,1437.95,1439.0416308729266,45399.0,2012.0,65331051.0,11255.0,24.79,29.15,-12.05,1549843200.0
2019-02-08,1475.0,1478.6,1445.0,1448.4,1458.0642721695488,44825.0,1602.0,65357731.0,9455.0,21.09,33.6,-26.6,1549584000.0
2019-02-07,1474.75,1476.0,1457.65,1472.05,1467.2037506697625,27995.0,1261.0,41074369.0,10163.0,36.3,18.35,-2.7,1549497600.0
2019-02-06,1468.7,1472.95,1433.85,1465.85,1465.9715315016877,48299.0,1967.0,70804959.0,16330.0,33.81,39.1,-2.85,1549411200.0
2019-02-05,1444.0,1465.95,1444.0,1450.45,1453.5946199378773,34126.0,1452.0,49605370.0,7193.0,21.08,21.95,6.45,1549324800.0
2019-02-04,1453.0,1453.0,1430.3,1448.4,1442.5450802799505,41293.0,2473.0,59567014.0,14894.0,36.07,22.7,-4.6,1549238400.0
2019-02-01,1416.0,1469.35,1409.5,1456.95,1447.6672725885119,144133.0,5202.0,208656627.0,37032.0,25.69,59.85,40.95,1548979200.0
2019-01-31,1396.45,1415.0,1392.05,1412.65,1407.5607561762922,62578.0,2446.0,88082337.0,30500.0,48.74,22.95,16.2,1548892800.0
2019-01-30,1394.0,1415.0,1373.5,1388.75,1390.8257446169516,76583.0,2549.0,106513608.0,14903.0,19.46,41.5,-5.25,1548806400.0
2019-01-29,1380.0,1400.0,1373.05,1392.5,1389.7682383274705,100064.0,3605.0,139065769.0,54646.0,54.61,26.95,12.5,1548720000.0
2019-01-28,1370.0,1390.0,1368.35,1379.2,1381.7590657286567,117696.0,1912.0,162627515.0,75302.0,63.98,21.65,9.2,1548633600.0
2019-01-25,1405.0,1415.0,1353.15,1372.2,1378.163863563231,93230.0,3800.0,128486217.0,23085.0,24.76,61.85,-32.8,1548374400.0
2019-01-24,1400.0,1413.3,1396.0,1400.25,1401.8513058205633,222006.0,4597.0,311219401.0,148880.0,67.06,17.3,0.25,1548288000.0
2019-01-23,1430.0,1430.0,1390.75,1396.05,1406.890564220353,134965.0,5175.0,189880985.0,37382.0,27.7,39.25,-33.95,1548201600.0
2019-01-22,1425.0,1431.5,1378.0,1406.55,1408.7859809013235,298450.0,8604.0,420452176.0,47061.0,15.77,53.5,-18.45,1548115200.0
2019-01-21,1399.8,1424.2,1396.5,1420.65,1410.8834252156914,369857.0,5639.0,521825111.0,242718.0,65.62,27.7,20.85,1548028800.0
2019-01-18,1399.75,1404.25,1384.05,1401.3,1398.5006845917248,151185.0,1524.0,211432326.0,121465.0,80.34,20.2,1.55,1547769600.0
2019-01-17,1397.0,1399.2,1385.2,1389.45,1391.167619378817,46009.0,1439.0,64006231.0,26105.0,56.74,14.0,-7.55,1547683200.0
2019-01-16,1407.0,1413.6,1386.3,1389.0,1394.1390880090073,79935.0,1084.0,111440508.0,59910.0,74.95,27.3,-18.0,1547596800.0
2019-01-15,1388.45,1414.0,1388.45,1406.05,1407.3882591206998,35551.0,1862.0,50034060.0,7813.0,21.98,25.55,17.6,1547510400.0
2019-01-14,1410.0,1410.25,1386.8,1388.4,1390.6866753965505,80948.0,1455.0,112573305.0,59726.0,73.78,23.45,-21.6,1547424000.0
2019-01-11,1397.0,1406.6,1394.0,1402.2,1401.4556860345026,26143.0,1345.0,36638256.0,5789.0,22.14,12.6,5.2,1547164800.0
2019-01-10,1387.1,1402.35,1387.1,1397.55,1394.9645151422449,32690.0,1162.0,45601390.0,8137.0,24.89,15.25,10.45,1547078400.0
2019-01-09,1411.95,1413.5,1390.0,1402.9,1407.1516342251432,263397.0,3955.0,370639519.0,189508.0,71.95,23.5,-9.05,1546992000.0
2019-01-08,1400.0,1412.75,1396.55,1401.25,1403.9907843573885,58379.0,2934.0,81963578.0,14371.0,24.62,16.2,1.25,1546905600.0
2019-01-07,1394.4,1404.05,1384.5,1394.8,1395.4368214497354,89437.0,1701.0,124803683.0,49155.0,54.96,19.55,0.4,1546819200.0
2019-01-04,1388.0,1401.3,1380.05,1385.3,1392.973763846066,70056.0,2724.0,97586170.0,20376.0,29.09,21.25,-2.7,1546560000.0
2019-01-03,1382.0,1392.0,1379.95,1385.15,1387.619864998081,132887.0,4403.0,184396641.0,77406.0,58.25,12.05,3.15,1546473600.0
2019-01-02,1371.0,1386.75,1363.3,1381.55,1375.7816484490397,84625.0,1513.0,116425522.0,42818.0,50.6,23.45,10.55,1546387200.0
2019-01-01,1380.0,1380.1,1351.6,1371.85,1368.8828574035215,43844.0,1165.0,60017300.0,12071.0,27.53,28.5,-8.15,1546300800.0
2018-12-31,1379.5,1379.5,1359.75,1373.7,1373.3365506799687,36987.0,1260.0,50795599.0,14541.0,39.31,19.75,-5.8,1546214400.0
2018-12-28,1372.1,1384.25,1361.0,1365.35,1366.7929314631226,65162.0,1975.0,89062961.0,19438.0,29.83,23.25,-6.75,1545955200.0
2018-12-27,1362.5,1385.0,1355.1,1367.05,1362.7843287197834,171307.0,4566.0,233454495.0,86472.0,50.48,29.9,4.55,1545868800.0
2018-12-26,1372.6,1373.6,1344.35,1362.2,1361.4991506767647,278457.0,3566.0,379118969.0,170332.0,61.17,29.25,-10.4,1545782400.0
2018-12-24,1390.0,1390.15,1352.2,1356.05,1359.5806989277182,143992.0,2374.0,195768744.0,91458.0,63.52,37.95,-33.95,1545609600.0
2018-12-21,1444.0,1444.0,1382.4,1387.8,1398.3856772143781,101349.0,3147.0,141724990.0,27844.0,27.47,61.6,-56.2,1545350400.0
2018-12-20,1392.0,1431.5,1389.8,1425.3,1419.4064102306893,348911.0,5122.0,495246510.0,232968.0,66.77,41.7,33.3,1545264000.0
2018-12-19,1370.0,1404.9,1369.9,1400.4,1396.1533971543165,335104.0,6281.0,467856588.0,179461.0,53.55,35.0,30.4,1545177600.0
2018-12-18,1344.5,1358.95,1330.0,1354.45,1344.254428917078,156641.0,2007.0,210565358.0,111164.0,70.97,28.95,9.95,1545091200.0
2018-12-17,1342.0,1350.0,1330.3,1334.85,1335.503178400292,134187.0,1925.0,179207165.0,84263.0,62.8,19.7,-7.15,1545004800.0
2018-12-14,1335.0,1349.55,1319.5,1340.05,1337.7098534844145,96372.0,3140.0,128917774.0,19741.0,20.48,30.05,5.05,1544745600.0
2018-12-13,1340.0,1342.0,1316.0,1320.15,1323.2807939078846,111751.0,1595.0,147877952.0,79430.0,71.08,26.0,-19.85,1544659200.0
2018-12-12,1323.95,1336.5,1312.3,1328.7,1327.6802348746985,333795.0,2675.0,443173024.0,203756.0,61.04,24.2,4.75,1544572800.0
2018-12-11,1263.0,1334.45,1254.35,1323.95,1310.2191619465873,137533.0,4933.0,180198372.0,18373.0,13.36,80.1,60.95,1544486400.0
2018-12-10,1299.0,1306.1,1263.3,1272.7,1276.04934145246,95741.0,2053.0,122170240.0,44120.0,46.08,42.8,-26.3,1544400000.0
2018-12-07,1311.8,1323.15,1300.0,1318.6,1318.6538807562747,143387.0,2595.0,189077824.0,93719.0,65.36,23.15,6.8,1544140800.0
2018-12-06,1330.0,1330.0,1287.0,1295.05,1300.9303232755485,68703.0,1939.0,89377816.0,32002.0,46.58,43.0,-34.95,1544054400.0
2018-12-05,1330.0,1342.2,1323.65,1328.3,1329.7158237627075,101613.0,1251.0,135116414.0,75072.0,73.88,18.55,-1.7,1543968000.0
2018-12-04,1346.0,1353.75,1326.5,1329.35,1333.4181242473496,118747.0,1635.0,158339402.0,83871.0,70.63,27.25,-16.65,1543881600.0
2018-12-03,1349.9,1360.0,1333.5,1339.9,1343.426346266368,49563.0,1494.0,66584240.0,11158.0,22.51,26.5,-10.0,1543795200.0
2018-11-30,1352.0,1361.75,1341.0,1344.9,1348.3228254079502,65633.0,1929.0,88494472.0,31401.0,47.84,20.75,-7.1,1543536000.0
2018-11-29,1332.2,1355.65,1332.0,1352.65,1347.2217688095416,66655.0,2001.0,89799067.0,15516.0,23.28,23.65,20.45,1543449600.0
2018-11-28,1341.0,1358.0,1318.15,1323.65,1334.059115662568,58394.0,2026.0,77901048.0,18800.0,32.2,39.85,-17.35,1543363200.0
2018-11-27,1305.05,1345.9,1305.05,1339.2,1335.7221663313212,131208.0,1463.0,175257434.0,97965.0,74.66,40.85,34.15,1543276800.0
2018-11-26,1330.0,1357.65,1323.0,1349.6,1346.0069818872716,587377.0,5369.0,790613543.0,414013.0,70.49,34.65,19.6,1543190400.0
2018-11-22,1330.0,1330.0,1309.45,1313.85,1314.6828430147452,112036.0,1249.0,147291807.0,80222.0,71.6,20.55,-16.15,1542844800.0
2018-11-21,1326.25,1341.8,1314.0,1322.9,1327.4351872314305,81450.0,2504.0,108119596.0,20117.0,24.7,27.8,-3.35,1542758400.0
2018-11-20,1321.0,1330.9,1304.05,1306.6,1316.681624477968,93864.0,2305.0,123589004.0,34876.0,37.16,26.85,-14.4,1542672000.0
2018-11-19,1332.9,1332.9,1305.3,1311.9,1309.6827979967345,91251.0,2456.0,119509865.0,51634.0,56.58,27.6,-21.0,1542585600.0
2018-11-16,1320.0,1332.0,1313.55,1320.45,1320.502221659064,118380.0,2100.0,156321053.0,65653.0,55.46,18.45,0.45,1542326400.0
2018-11-15,1319.9,1333.0,1311.0,1312.25,1313.383484054848,523482.0,2404.0,687532613.0,57065.0,10.9,22.0,-7.65,1542240000.0
2018-11-14,1322.0,1337.0,1290.0,1319.9,1324.1149718547952,286905.0,4496.0,379895206.0,160294.0,55.87,47.0,-2.1,1542153600.0
2018-11-13,1279.0,1299.0,1279.0,1284.8,1286.0645374614,173899.0,2409.0,223645337.0,118149.0,67.94,20.0,5.8,1542067200.0
2018-11-12,1298.9,1314.95,1272.85,1275.55,1288.9357568055648,89706.0,2844.0,115625271.0,16746.0,18.67,42.1,-23.35,1541980800.0
2018-11-09,1265.0,1307.25,1259.5,1298.2,1293.6719851226126,158630.0,4604.0,205215187.0,35757.0,22.54,47.75,33.2,1541721600.0
2018-11-07,1250.0,1253.4,1245.0,1250.85,1249.6480678778935,10843.0,489.0,13549934.0,5010.0,46.2,8.4,0.85,1541548800.0
2018-11-06,1242.0,1254.45,1232.1,1238.75,1241.8585946742692,51561.0,1238.0,64031471.0,19968.0,38.73,22.35,-3.25,1541462400.0
2018-11-05,1254.0,1260.25,1233.5,1242.15,1244.1143177513118,91858.0,2242.0,114281853.0,51486.0,56.05,26.75,-11.85,1541376000.0
2018-11-02,1240.0,1289.65,1227.8,1246.15,1256.673831344366,288173.0,6056.0,362139468.0,156573.0,54.33,61.85,6.15,1541116800.0
2018-11-01,1229.0,1244.05,1212.4,1217.2,1224.9346798828005,80205.0,2440.0,98245886.0,18792.0,23.43,31.65,-11.8,1541030400.0
2018-10-31,1210.0,1232.0,1185.0,1227.25,1206.3403888992427,112677.0,2270.0,135926816.0,55938.0,49.64,47.0,17.25,1540944000.0
2018-10-30,1192.0,1207.8,1176.75,1197.45,1199.7629226071485,45521.0,1659.0,54614408.0,14026.0,30.81,31.05,5.45,1540857600.0
2018-10-29,1190.25,1212.8,1187.0,1195.0,1196.1887203173515,90499.0,2391.0,108253883.0,34062.0,37.64,25.8,4.75,1540771200.0
2018-10-26,1203.0,1205.0,1168.8,1189.45,1186.5718302022167,204879.0,8145.0,243103650.0,76940.0,37.55,36.2,-13.55,1540512000.0
2018-10-25,1180.0,1211.15,1153.15,1200.6,1195.4046827321804,102248.0,3527.0,122227738.0,15812.0,15.46,58.0,20.6,1540425600.0
2018-10-24,1164.0,1199.2,1150.8,1189.95,1175.4341921094256,175754.0,6577.0,206587261.0,44638.0,25.4,48.4,25.95,1540339200.0
2018-10-23,1133.0,1190.0,1119.6,1138.8,1137.9734781212426,669485.0,20278.0,761856174.0,207597.0,31.01,70.4,5.8,1540252800.0
2018-10-22,1260.0,1260.0,1193.0,1201.45,1219.191239000578,77845.0,3191.0,94907942.0,12283.0,15.78,67.0,-58.55,1540166400.0
2018-10-19,1267.9,1287.4,1221.95,1237.95,1258.1780649005905,184590.0,8405.0,232247089.0,45561.0,24.68,65.45,-29.95,1539907200.0
2018-10-17,1278.1,1281.35,1253.0,1256.2,1266.343004374782,37259.0,1969.0,47182674.0,9986.0,26.8,28.35,-21.9,1539734400.0
2018-10-16,1272.05,1283.5,1255.0,1266.8,1269.3409501195374,61487.0,2071.0,78047967.0,18923.0,30.78,28.5,-5.25,1539648000.0
2018-10-15,1260.0,1260.0,1242.9,1246.55,1248.2406695794073,37994.0,1215.0,47425656.0,8823.0,23.22,17.1,-13.45,1539561600.0
2018-10-12,1235.0,1265.95,1235.0,1261.5,1253.1155738903055,61571.0,2301.0,77155579.0,14550.0,23.63,30.95,26.5,1539302400.0
2018-10-11,1208.0,1220.25,1194.2,1216.05,1210.1131227273424,65177.0,2789.0,78871543.0,10154.0,15.58,26.05,8.05,1539216000.0
2018-10-10,1215.0,1240.5,1181.2,1225.95,1217.7638695900187,68369.0,3843.0,83257298.0,11641.0,17.03,59.3,10.95,1539129600.0
2018-10-09,1256.0,1261.5,1191.45,1202.0,1213.309915956634,103399.0,3754.0,125455032.0,20922.0,20.23,70.05,-54.0,1539043200.0
2018-10-08,1216.0,1258.35,1200.0,1251.45,1234.3650473955545,108238.0,4980.0,133605204.0,30428.0,28.11,58.35,35.45,1538956800.0
2018-10-05,1223.95,1240.75,1198.0,1207.9,1217.0127910790425,54882.0,2239.0,66792096.0,15632.0,28.48,42.75,-16.05,1538697600.0
2018-10-04,1239.5,1239.5,1216.1,1227.9,1228.0980343036556,59877.0,2304.0,73534826.0,10366.0,17.31,23.4,-11.6,1538611200.0
2018-10-03,1270.0,1270.25,1240.6,1251.65,1258.3715250714472,73131.0,2672.0,92025968.0,19313.0,26.41,29.65,-18.35,1538524800.0
2018-10-01,1300.0,1307.5,1269.0,1278.6,1284.3443875611424,78914.0,2384.0,101352753.0,15126.0,19.17,38.5,-21.4,1538352000.0
2018-09-28,1305.0,1315.0,1285.0,1294.05,1301.5914022994452,77323.0,4796.0,100642952.0,18831.0,24.35,30.0,-10.95,1538092800.0
2018-09-27,1286.5,1312.35,1275.6,1286.6,1302.8368724669267,418464.0,9212.0,545190329.0,291432.0,69.64,36.75,0.1,1538006400.0
2018-09-26,1308.0,1308.0,1275.1,1280.55,1282.9069017288446,219800.0,3460.0,281982937.0,153259.0,69.73,32.9,-27.45,1537920000.0
2018-09-25,1271.9,1303.75,1259.55,1290.95,1283.9420536387954,72895.0,2620.0,93592956.0,6080.0,8.34,44.2,19.05,1537833600.0
2018-09-24,1305.0,1314.95,1245.85,1265.85,1273.1891866230615,94790.0,3811.0,120685603.0,11856.0,12.51,69.1,-39.15,1537747200.0
2018-09-21,1294.0,1324.0,1215.0,1303.1,1301.9425491403128,139702.0,3715.0,181883978.0,26485.0,18.96,109.0,9.1,1537488000.0
2018-09-19,1309.8,1317.0,1286.1,1289.35,1303.6212581445498,86254.0,2918.0,112442548.0,10884.0,12.62,30.9,-20.45,1537315200.0
2018-09-18,1314.75,1380.0,1284.1,1291.15,1315.4619224407716,336156.0,4117.0,442200418.0,258441.0,76.88,95.9,-23.6,1537228800.0
2018-09-17,1331.0,1331.0,1301.05,1305.3,1310.6036576444767,61515.0,2368.0,80621784.0,16659.0,27.08,29.95,-25.7,1537142400.0
2018-09-14,1280.55,1332.65,1280.55,1331.0,1322.7725856228826,66425.0,2233.0,87865169.0,11328.0,17.05,52.1,50.45,1536883200.0
2018-09-12,1297.0,1312.85,1280.0,1291.75,1291.3343074835616,38324.0,1337.0,49489096.0,7512.0,19.6,32.85,-5.25,1536710400.0
2018-09-11,1300.0,1312.75,1287.2,1295.85,1303.1570817435538,43245.0,1751.0,56355028.0,11205.0,25.91,25.55,-4.15,1536624000.0
2018-09-10,1310.4,1330.0,1280.15,1292.45,1293.0500515349715,103813.0,4113.0,134235405.0,30230.0,29.12,49.85,-17.95,1536537600.0
2018-09-07,1327.0,1337.0,1301.0,1317.35,1315.5498014803195,40802.0,2700.0,53677063.0,17337.0,42.49,36.0,-9.65,1536278400.0
2018-09-06,1330.2,1330.2,1308.5,1314.65,1317.1122767678385,37461.0,1635.0,49340343.0,13286.0,35.47,21.7,-15.55,1536192000.0
2018-09-05,1310.15,1330.4,1303.25,1317.3,1315.1041591374533,66408.0,2854.0,87333437.0,18358.0,27.64,27.15,7.15,1536105600.0
2018-09-04,1366.8,1368.95,1304.4,1312.05,1321.7170259498891,100617.0,3867.0,132987202.0,31411.0,31.22,64.55,-54.75,1536019200.0
2018-09-03,1375.0,1387.45,1353.0,1359.45,1371.3813788985346,65313.0,2634.0,89569032.0,17618.0,26.97,34.45,-15.55,1535932800.0
2018-08-31,1376.5,1392.45,1365.8,1371.1,1375.8457131288592,49395.0,1684.0,67959899.0,16852.0,34.12,26.65,-5.4,1535673600.0
2018-08-30,1394.0,1398.0,1373.3,1375.95,1379.1820522139444,66036.0,1579.0,91075666.0,29496.0,44.67,24.7,-18.05,1535587200.0
2018-08-29,1409.3,1412.75,1388.35,1392.0,1396.7418976006784,61309.0,1674.0,85632849.0,23763.0,38.76,24.4,-17.3,1535500800.0
2018-08-28,1400.1,1419.75,1400.1,1407.4,1412.533000183845,59833.0,1895.0,84516087.0,11076.0,18.51,19.65,7.3,1535414400.0
2018-08-27,1397.0,1406.0,1396.5,1399.6,1400.7951917653695,28368.0,1408.0,39737758.0,9128.0,32.18,9.5,2.6,1535328000.0
2018-08-24,1397.0,1410.0,1386.0,1392.5,1396.320921818255,74071.0,2189.0,103426887.0,19642.0,26.52,24.0,-4.5,1535068800.0
2018-08-23,1405.5,1412.7,1391.1,1393.9,1397.1614707872773,132990.0,2556.0,185808504.0,73232.0,55.07,21.6,-11.6,1534982400.0
2018-08-21,1414.65,1424.75,1397.0,1402.15,1407.4967563765204,115149.0,2695.0,162071844.0,51681.0,44.88,27.75,-12.5,1534809600.0
2018-08-20,1408.95,1431.35,1399.65,1408.9,1413.476221718557,100596.0,2402.0,142190054.0,43298.0,43.04,31.7,-0.05,1534723200.0
2018-08-17,1408.0,1408.0,1387.55,1399.8,1396.890079798404,59525.0,1518.0,83149882.0,15418.0,25.9,20.45,-8.2,1534464000.0
2018-08-16,1403.9,1410.0,1387.2,1392.35,1395.4328686100546,94680.0,2334.0,132119584.0,42995.0,45.41,22.8,-11.55,1534377600.0
2018-08-14,1412.0,1415.8,1391.1,1395.55,1404.2509476586133,52234.0,1207.0,73349644.0,14287.0,27.35,24.7,-16.45,1534204800.0
2018-08-13,1424.0,1424.0,1394.75,1398.4,1408.7995623656145,184172.0,2387.0,259461433.0,115388.0,62.65,29.25,-25.6,1534118400.0
2018-08-10,1416.0,1438.5,1409.35,1418.1,1428.1327675843193,69053.0,1997.0,98616852.0,14494.0,20.99,29.15,2.1,1533859200.0
2018-08-09,1426.0,1433.45,1412.65,1415.3,1419.3943693145345,45181.0,1201.0,64129657.0,14757.0,32.66,20.8,-10.7,1533772800.0
2018-08-08,1425.0,1447.0,1418.0,1425.2,1432.6218644150995,81484.0,2416.0,116735760.0,16309.0,20.01,29.0,0.2,1533686400.0
2018-08-07,1409.75,1437.8,1400.0,1419.6,1425.6694936448816,223914.0,3746.0,319227359.0,123397.0,55.11,37.8,9.85,1533600000.0
2018-08-06,1412.0,1421.0,1393.2,1396.8,1404.742417453979,51335.0,1289.0,72112452.0,14203.0,27.67,27.8,-15.2,1533513600.0
2018-08-03,1436.0,1436.0,1406.0,1411.35,1412.9590035169988,85300.0,2150.0,120525403.0,40013.0,46.91,30.0,-24.65,1533254400.0
2018-08-02,1431.0,1443.0,1412.0,1418.45,1427.5311092170948,32852.0,1362.0,46897252.0,8628.0,26.26,31.0,-12.55,1533168000.0
2018-08-01,1460.0,1461.05,1432.55,1437.75,1445.7779131759326,59085.0,1932.0,85423788.0,13892.0,23.51,28.5,-22.25,1533081600.0
2018-07-31,1435.4,1454.4,1428.0,1448.3,1447.083862885546,98983.0,3112.0,143236702.0,34793.0,35.15,26.4,12.9,1532995200.0
2018-07-30,1449.0,1450.9,1427.75,1430.8,1439.705023433268,42461.0,1611.0,61131315.0,7880.0,18.56,23.15,-18.2,1532908800.0
2018-07-27,1449.0,1452.3,1427.3,1433.25,1438.5907151788558,81574.0,2317.0,117351599.0,12203.0,14.96,25.0,-15.75,1532649600.0
2018-07-26,1451.85,1457.45,1422.35,1432.5,1432.338184536591,125742.0,6732.0,180105068.0,52756.0,41.96,35.1,-19.35,1532563200.0
2018-07-25,1454.0,1488.6,1423.45,1450.3,1455.273952044894,235220.0,8758.0,342309539.0,32000.0,13.6,65.15,-3.7,1532476800.0
2018-07-24,1440.0,1475.0,1428.0,1466.7,1455.2580562338221,190846.0,7602.0,277730179.0,30987.0,16.24,47.0,26.7,1532390400.0
2018-07-23,1421.55,1465.1,1396.1,1433.7,1429.4156234420875,144424.0,5509.0,206441922.0,35605.0,24.65,69.0,12.15,1532304000.0
2018-07-20,1400.0,1404.95,1382.2,1396.9,1394.6627415224646,51548.0,2317.0,71892075.0,21888.0,42.46,22.75,-3.1,1532044800.0
2018-07-19,1398.0,1408.0,1394.65,1399.45,1401.6549472726192,50543.0,1748.0,70843846.0,11134.0,22.03,13.35,1.45,1531958400.0
2018-07-18,1385.6,1399.45,1379.75,1391.4,1390.4272143347125,48107.0,2793.0,66889282.0,8106.0,16.85,19.7,5.8,1531872000.0
2018-07-17,1361.3,1383.1,1354.6,1377.9,1373.2393482710045,37623.0,2105.0,51665384.0,8410.0,22.35,28.5,16.6,1531785600.0
2018-07-16,1370.0,1393.5,1351.55,1358.6,1377.0330531861514,271048.0,3013.0,373242055.0,30959.0,11.42,41.95,-11.4,1531699200.0
2018-07-13,1358.0,1374.95,1358.0,1368.5,1362.6720266010436,219841.0,1164.0,299571181.0,196723.0,89.48,16.95,10.5,1531440000.0
2018-07-12,1370.0,1379.15,1347.0,1357.25,1361.4468416735028,48760.0,1560.0,66384148.0,13897.0,28.5,32.15,-12.75,1531353600.0
2018-07-11,1367.0,1383.7,1355.05,1358.3,1369.0575096822113,37698.0,2051.0,51610730.0,8798.0,23.34,28.65,-8.7,1531267200.0
2018-07-10,1362.0,1375.85,1356.5,1369.45,1367.9086393891273,59194.0,2323.0,80971984.0,12141.0,20.51,19.35,7.45,1531180800.0
2018-07-09,1334.0,1370.65,1326.05,1364.0,1354.2471491901856,113915.0,5448.0,154269064.0,40026.0,35.14,44.6,30.0,1531094400.0
2018-07-06,1327.5,1335.6,1309.75,1322.8,1324.3265330733825,49753.0,1793.0,65889218.0,14949.0,30.05,25.85,-4.7,1530835200.0
2018-07-05,1306.3,1326.0,1279.35,1321.85,1308.862625211396,61496.0,2066.0,80489816.0,16993.0,27.63,46.65,15.55,1530748800.0
2018-07-04,1298.0,1299.7,1283.25,1291.55,1290.7897989475105,37055.0,1150.0,47830216.0,8343.0,22.52,16.45,-6.45,1530662400.0
2018-07-03,1294.0,1309.2,1288.35,1291.9,1299.349243339254,70375.0,2566.0,91441703.0,19441.0,27.62,20.85,-2.1,1530576000.0
2018-07-02,1265.05,1298.5,1261.8,1293.5,1286.9781404051669,55582.0,2312.0,71532819.0,12812.0,23.05,36.7,28.45,1530489600.0
2018-06-29,1264.85,1270.95,1252.05,1264.1,1261.6800293001265,30034.0,3360.0,37893298.0,9557.0,31.82,18.9,-0.75,1530230400.0
2018-06-28,1270.0,1272.5,1250.8,1267.45,1262.9125428826542,21279.0,799.0,26873516.0,5406.0,25.41,21.7,-2.55,1530144000.0
2018-06-27,1278.0,1284.5,1262.2,1265.25,1274.701012005159,20158.0,773.0,25695423.0,5095.0,25.28,22.3,-12.75,1530057600.0
2018-06-26,1259.0,1280.0,1254.05,1273.7,1267.9364837525286,40037.0,2148.0,50764373.0,9529.0,23.8,25.95,14.7,1529971200.0
2018-06-25,1273.0,1279.8,1250.25,1254.05,1258.0428582904885,24896.0,975.0,31320235.0,7788.0,31.28,29.55,-18.95,1529884800.0
2018-06-22,1263.75,1273.75,1243.05,1268.2,1261.6706006142645,35164.0,870.0,44365385.0,6223.0,17.7,30.7,4.45,1529625600.0
2018-06-21,1272.05,1278.45,1248.65,1254.4,1260.3381782945735,29928.0,999.0,37719401.0,8679.0,29.0,29.8,-17.65,1529539200.0
2018-06-20,1270.0,1275.5,1260.0,1272.1,1267.810683951721,17896.0,710.0,22688740.0,4170.0,23.3,15.5,2.1,1529452800.0
2018-06-19,1277.0,1286.8,1266.0,1268.65,1274.3965517241381,29580.0,757.0,37696650.0,9767.0,33.02,20.8,-8.35,1529366400.0
2018-06-18,1290.0,1290.75,1271.95,1276.7,1284.9137767298687,30537.0,1400.0,39237412.0,7780.0,25.48,18.8,-13.3,1529280000.0
2018-06-15,1298.0,1298.0,1269.0,1281.05,1277.0489076758975,25313.0,846.0,32325939.0,8774.0,34.66,29.0,-16.95,1529020800.0
2018-06-14,1280.1,1288.65,1275.0,1285.85,1282.025925925926,23220.0,1436.0,29768642.0,8948.0,38.54,13.65,5.75,1528934400.0
2018-06-13,1294.85,1294.85,1280.05,1282.4,1287.0938382099828,14525.0,616.0,18695038.0,4828.0,33.24,14.8,-12.45,1528848000.0
2018-06-12,1281.0,1292.0,1275.3,1284.45,1284.7591507099128,23031.0,789.0,29589288.0,6766.0,29.38,16.7,3.45,1528761600.0
2018-06-11,1280.0,1296.0,1277.25,1284.9,1289.3064187362206,24039.0,1020.0,30993637.0,8800.0,36.61,18.75,4.9,1528675200.0
2018-06-08,1278.6,1287.0,1270.85,1277.4,1278.5408801321378,16952.0,693.0,21673825.0,4004.0,23.62,16.15,-1.2,1528416000.0
2018-06-07,1265.0,1294.55,1263.05,1287.7,1283.361900686676,49077.0,1417.0,62983552.0,11414.0,23.26,31.5,22.7,1528329600.0
2018-06-06,1272.9,1272.9,1246.7,1263.75,1255.870608373555,71272.0,1106.0,89508410.0,36367.0,51.03,26.2,-9.15,1528243200.0
2018-06-05,1281.0,1291.95,1270.1,1273.05,1280.8769075197647,21756.0,890.0,27866758.0,6536.0,30.04,21.85,-7.95,1528156800.0
2018-06-04,1295.0,1295.0,1266.1,1281.8,1277.627551872958,347098.0,1086.0,443461968.0,5688.0,1.64,28.9,-13.2,1528070400.0
2018-06-01,1305.6,1313.1,1291.25,1293.5,1297.5370281564706,14597.0,534.0,18940148.0,4698.0,32.18,21.85,-12.1,1527811200.0
2018-05-31,1311.9,1311.9,1287.0,1305.6,1296.9099679518947,30267.0,1013.0,39253574.0,8701.0,28.75,24.9,-6.3,1527724800.0
2018-05-30,1295.0,1300.45,1284.65,1291.9,1292.2595474427994,23776.0,797.0,30724763.0,5813.0,24.45,15.8,-3.1,1527638400.0
2018-05-29,1325.0,1329.4,1290.25,1299.15,1307.260213718337,38649.0,1175.0,50524300.0,10375.0,26.84,39.15,-25.85,1527552000.0
2018-05-28,1299.0,1335.1,1290.0,1319.5,1316.1148518358193,50822.0,1951.0,66887589.0,12726.0,25.04,45.1,20.5,1527465600.0
2018-05-25,1295.0,1309.5,1281.4,1289.65,1288.9054664921075,40483.0,1422.0,52178760.0,10253.0,25.33,28.1,-5.35,1527206400.0
2018-05-24,1280.0,1302.95,1264.3,1290.2,1279.0118663406681,30675.0,1194.0,39233689.0,10438.0,34.03,38.65,10.2,1527120000.0
2018-05-23,1287.9,1289.4,1271.2,1278.2,1278.3989390890802,27335.0,929.0,34945035.0,7460.0,27.29,18.2,-9.7,1527033600.0
2018-05-22,1301.85,1301.85,1278.25,1286.1,1298.9982187321973,373891.0,1104.0,485683743.0,345480.0,92.4,23.6,-15.75,1526947200.0
2018-05-21,1307.0,1314.0,1291.25,1300.0,1299.5654169192135,23098.0,864.0,30017362.0,6272.0,27.15,22.75,-7.0,1526860800.0
2018-05-18,1309.0,1316.0,1286.5,1306.95,1301.4543958270028,39492.0,1484.0,51397037.0,8190.0,20.74,29.5,-2.05,1526601600.0
2018-05-17,1323.0,1328.0,1305.0,1309.7,1316.2165851349216,25348.0,991.0,33363458.0,5450.0,21.5,23.0,-13.3,1526515200.0
2018-05-16,1303.0,1328.9,1285.55,1320.8,1305.3269272532918,354559.0,1936.0,462815410.0,310364.0,87.54,43.35,17.8,1526428800.0
2018-05-15,1296.0,1322.55,1234.0,1310.05,1310.2096084308894,232858.0,1808.0,305092789.0,193806.0,83.23,88.55,14.05,1526342400.0
2018-05-14,1280.0,1306.7,1270.0,1298.45,1289.8388729640615,120706.0,1937.0,155691291.0,63548.0,52.65,36.7,18.45,1526256000.0
2018-05-11,1235.0,1294.4,1227.2,1289.6,1275.7764956483102,306088.0,13114.0,390499876.0,86738.0,28.34,67.2,54.6,1525996800.0
2018-05-10,1234.0,1238.7,1201.55,1214.7,1222.2453373411074,110452.0,2966.0,134999442.0,26862.0,24.32,37.15,-19.3,1525910400.0
2018-05-09,1200.0,1229.05,1198.0,1224.1,1223.1367674036885,165712.0,2594.0,202688440.0,118769.0,71.67,31.05,24.1,1525824000.0
2018-05-08,1216.0,1223.8,1204.05,1205.6,1211.5212109630925,36632.0,1071.0,44380445.0,9379.0,25.6,19.75,-10.4,1525737600.0
2018-05-07,1194.25,1216.9,1180.55,1212.9,1195.067918054294,29727.0,1149.0,35525784.0,6998.0,23.54,36.35,18.65,1525651200.0
2018-05-04,1206.0,1206.0,1180.55,1194.25,1190.443905468958,33809.0,1256.0,40247718.0,5168.0,15.29,25.45,-11.75,1525392000.0
2018-05-03,1221.75,1230.0,1200.0,1206.5,1215.5011860051393,40472.0,1257.0,49193764.0,8964.0,22.15,30.0,-15.25,1525305600.0
2018-05-02,1200.0,1226.65,1197.5,1221.75,1215.6177029701678,306683.0,3656.0,372809284.0,31176.0,10.17,29.15,21.75,1525219200.0
2018-04-30,1185.0,1206.15,1182.75,1200.15,1195.9652382563754,32507.0,1177.0,38877242.0,12279.0,37.77,23.4,15.15,1525046400.0
2018-04-27,1163.0,1198.85,1163.0,1184.45,1184.19969339359,62621.0,1880.0,74155769.0,21767.0,34.76,35.85,21.45,1524787200.0
2018-04-26,1163.8,1176.0,1152.8,1159.85,1162.9602076124568,31212.0,1172.0,36298314.0,5399.0,17.3,23.2,-3.95,1524700800.0
2018-04-25,1160.05,1172.55,1156.8,1165.25,1163.2162760656947,16257.0,599.0,18910407.0,2465.0,15.16,15.75,5.2,1524614400.0
2018-04-24,1176.0,1181.95,1163.5,1173.1,1173.6897203535887,17987.0,720.0,21111157.0,4201.0,23.36,18.45,-2.9,1524528000.0
2018-04-23,1150.05,1180.9,1150.0,1178.6,1165.5017909235255,27081.0,1065.0,31562954.0,8791.0,32.46,30.9,28.55,1524441600.0
2018-04-20,1167.0,1167.0,1144.25,1159.1,1153.4018661098787,30652.0,1086.0,35354074.0,5426.0,17.7,22.75,-7.9,1524182400.0
2018-04-19,1180.0,1185.75,1164.75,1166.8,1172.6260764802996,22411.0,855.0,26279723.0,5340.0,23.83,21.0,-13.2,1524096000.0
2018-04-18,1176.0,1188.0,1167.05,1171.25,1172.5322587886678,22273.0,1244.0,26115811.0,6977.0,31.32,20.95,-4.75,1524009600.0
2018-04-17,1183.9,1186.65,1169.15,1175.15,1180.2183508893775,25917.0,823.0,30587719.0,8565.0,33.05,17.5,-8.75,1523923200.0
2018-04-16,1160.0,1186.95,1155.0,1177.9,1175.9357517482515,36608.0,1397.0,43048656.0,10193.0,27.84,31.95,17.9,1523836800.0
2018-04-13,1169.9,1175.0,1151.5,1162.8,1166.3522937998869,24806.0,998.0,28932535.0,8391.0,33.83,23.5,-7.1,1523577600.0
2018-04-12,1165.0,1167.65,1146.05,1164.15,1159.2157229536895,41697.0,1013.0,48335818.0,25286.0,60.64,21.6,-0.85,1523491200.0
2018-04-11,1156.0,1159.5,1142.0,1155.5,1151.7396226415096,16960.0,679.0,19533504.0,2664.0,15.71,17.5,-0.5,1523404800.0
2018-04-10,1158.5,1166.5,1152.0,1155.3,1158.2265089646107,21306.0,903.0,24677174.0,4243.0,19.91,14.5,-3.2,1523318400.0
2018-04-09,1150.0,1175.0,1140.85,1158.05,1163.165066144047,61230.0,1851.0,71220597.0,16131.0,26.34,34.15,8.05,1523232000.0
2018-04-06,1145.2,1151.6,1135.3,1143.8,1142.8372138652715,15290.0,639.0,17473981.0,2307.0,15.09,16.3,-1.4,1522972800.0
2018-04-05,1153.05,1156.45,1136.25,1145.2,1145.9147371714646,38352.0,1660.0,43948122.0,13009.0,33.92,20.2,-7.85,1522886400.0
2018-04-04,1159.95,1160.0,1127.4,1137.6,1139.5547599638678,45389.0,1546.0,51723251.0,15533.0,34.22,32.6,-22.35,1522800000.0
2018-04-03,1150.0,1157.6,1138.6,1152.9,1149.5355763927193,30821.0,903.0,35429836.0,8973.0,29.11,19.0,2.9,1522713600.0
2018-04-02,1125.0,1152.0,1112.6,1149.15,1135.5506618604793,33013.0,1070.0,37487934.0,13698.0,41.49,39.4,24.15,1522627200.0
2018-03-28,1121.05,1129.7,1115.5,1120.7,1119.9842472878584,40374.0,1147.0,45218244.0,17218.0,42.65,14.2,-0.35,1522195200.0
2018-03-27,1118.0,1139.0,1116.0,1131.75,1128.5696527736604,50601.0,1351.0,57106753.0,21742.0,42.97,23.0,13.75,1522108800.0
2018-03-26,1110.0,1122.75,1100.0,1118.8,1107.2071416118877,97513.0,1511.0,107967090.0,60704.0,62.25,22.75,8.8,1522022400.0
2018-03-23,1082.0,1119.0,1082.0,1107.65,1107.3327124026468,56367.0,1487.0,62417023.0,21735.0,38.56,37.0,25.65,1521763200.0
2018-03-22,1102.1,1110.0,1101.7,1107.35,1106.4970156677443,80420.0,1081.0,88984490.0,49503.0,61.56,8.3,5.25,1521676800.0
2018-03-21,1100.0,1116.15,1100.0,1103.85,1110.9715519465528,73643.0,1131.0,81815278.0,41419.0,56.24,16.15,3.85,1521590400.0
2018-03-20,1103.0,1116.8,1094.95,1106.55,1106.6394440829229,21514.0,603.0,23808241.0,8981.0,41.74,21.85,3.55,1521504000.0
2018-03-19,1125.5,1130.0,1100.5,1102.5,1105.6197677723194,49262.0,1254.0,54465041.0,22433.0,45.54,29.5,-23.0,1521417600.0
2018-03-16,1160.0,1160.0,1121.5,1125.45,1140.1718658618672,90623.0,2401.0,103325795.0,42338.0,46.72,38.5,-34.55,1521158400.0
2018-03-15,1135.0,1163.65,1133.9,1160.95,1153.3316883710304,43770.0,1730.0,50481328.0,19187.0,43.84,29.75,25.95,1521072000.0
2018-03-14,1140.0,1144.55,1131.35,1136.6,1136.6433093253854,408337.0,1037.0,464133519.0,365543.0,89.52,13.2,-3.4,1520985600.0
2018-03-13,1130.95,1141.9,1107.0,1137.8,1138.0421138091372,67745.0,1099.0,77096663.0,35203.0,51.96,34.9,6.85,1520899200.0
2018-03-12,1134.15,1134.15,1120.35,1130.95,1130.2817695068884,49867.0,960.0,56363761.0,27846.0,55.84,13.8,-3.2,1520812800.0
2018-03-09,1129.5,1138.0,1121.1,1127.75,1129.681795153255,94744.0,1722.0,107030572.0,55120.0,58.18,16.9,-1.75,1520553600.0
2018-03-08,1113.35,1129.5,1108.35,1125.6,1117.3285011513499,152864.0,1427.0,170799304.0,119426.0,78.13,21.15,12.25,1520467200.0
2018-03-07,1102.55,1110.0,1095.9,1107.95,1104.9565161414916,124276.0,1615.0,137319576.0,90863.0,73.11,14.1,5.4,1520380800.0
2018-03-06,1108.85,1108.85,1088.0,1102.75,1102.8149587123228,88283.0,1257.0,97359813.0,62469.0,70.76,20.85,-6.1,1520294400.0
2018-03-05,1118.55,1118.55,1100.55,1104.3,1105.3004878374766,29928.0,743.0,33079433.0,14082.0,47.05,18.0,-14.25,1520208000.0
2018-03-01,1120.25,1124.1,1108.45,1119.6,1119.2554298009475,103641.0,1248.0,116000752.0,74547.0,71.93,15.65,-0.65,1519862400.0
2018-02-28,1110.4,1122.95,1100.05,1118.85,1115.3517448211485,50349.0,958.0,56156845.0,29235.0,58.06,22.9,8.45,1519776000.0
2018-02-27,1103.05,1112.95,1100.55,1110.2,1107.9199153140437,35425.0,872.0,39248063.0,11463.0,32.36,12.4,7.15,1519689600.0
2018-02-26,1102.1,1115.0,1096.1,1106.25,1101.5658644508187,77743.0,1343.0,85639035.0,43507.0,55.96,18.9,4.15,1519603200.0
2018-02-23,1119.9,1119.9,1100.95,1101.9,1106.2931812295294,610022.0,2371.0,674863179.0,561195.0,92.0,18.95,-18.0,1519344000.0
2018-02-22,1125.65,1125.65,1102.55,1116.35,1111.890753609067,77998.0,2224.0,86725255.0,40177.0,51.51,23.1,-9.3,1519257600.0
2018-02-21,1129.0,1130.4,1115.05,1125.55,1123.5739024697052,23849.0,1137.0,26796114.0,9951.0,41.73,15.35,-3.45,1519171200.0
2018-02-20,1122.0,1134.55,1113.65,1126.7,1128.7990136542635,81513.0,1060.0,92011794.0,55021.0,67.5,20.9,4.7,1519084800.0
2018-02-19,1145.0,1145.0,1107.0,1122.45,1128.1525201400834,80809.0,1789.0,91164877.0,41255.0,51.05,38.0,-22.55,1518998400.0
2018-02-16,1136.7,1146.15,1132.0,1143.7,1139.9765055157034,66356.0,1548.0,75644281.0,39039.0,58.83,14.15,7.0,1518739200.0
2018-02-15,1155.0,1155.0,1124.0,1136.7,1133.6523967144785,40785.0,1066.0,46236013.0,20078.0,49.23,31.0,-18.3,1518652800.0
2018-02-14,1145.0,1145.0,1128.0,1140.65,1134.3383519802992,356537.0,2329.0,404433593.0,296519.0,83.17,17.0,-4.35,1518566400.0
2018-02-12,1134.8,1149.5,1112.35,1145.45,1142.60591554208,177769.0,1696.0,203119911.0,115467.0,64.95,37.15,10.65,1518393600.0
2018-02-09,1110.0,1141.85,1105.0,1131.55,1128.9224247491638,59800.0,1151.0,67509561.0,22484.0,37.6,36.85,21.55,1518134400.0
2018-02-08,1125.3,1129.4,1110.45,1124.0,1119.3466195584776,85477.0,1696.0,95678391.0,35498.0,41.53,18.95,-1.3,1518048000.0
2018-02-07,1115.0,1130.0,1108.2,1121.0,1118.1548456679163,38942.0,790.0,43543186.0,21548.0,55.33,21.8,6.0,1517961600.0
2018-02-06,1113.55,1116.2,1090.55,1110.85,1102.4021888608756,52356.0,1836.0,57717369.0,17849.0,34.09,25.65,-2.7,1517875200.0
2018-02-05,1125.0,1135.85,1114.0,1134.35,1126.2692877703994,70174.0,1457.0,79034821.0,34327.0,48.92,21.85,9.35,1517788800.0
2018-02-02,1146.0,1146.8,1123.0,1138.3,1138.5033080691765,95524.0,1787.0,108754390.0,49893.0,52.23,23.8,-7.7,1517529600.0
2018-02-01,1149.5,1155.1,1133.3,1152.45,1140.9926893362285,240881.0,1553.0,274843460.0,202139.0,83.92,21.8,2.95,1517443200.0
2018-01-31,1130.0,1139.7,1125.15,1131.05,1132.4957146867619,181667.0,1490.0,205737099.0,140479.0,77.33,14.55,1.05,1517356800.0
2018-01-30,1150.0,1150.0,1124.0,1128.9,1129.5302254815356,664489.0,2334.0,750560410.0,617552.0,92.94,26.0,-21.1,1517270400.0
2018-01-29,1151.0,1165.0,1145.05,1154.5,1153.1714429676504,383037.0,2862.0,441707330.0,328447.0,85.75,19.95,3.5,1517184000.0
2018-01-25,1152.0,1160.0,1143.55,1149.75,1147.281523678235,295968.0,1288.0,339558618.0,274140.0,92.62,16.45,-2.25,1516838400.0
2018-01-24,1170.0,1170.0,1144.5,1150.95,1150.3364233818038,686397.0,2372.0,789587470.0,644565.0,93.91,25.5,-19.05,1516752000.0
2018-01-23,1177.0,1178.0,1157.45,1167.7,1164.482923471993,135127.0,3929.0,157353084.0,69681.0,51.57,20.55,-9.3,1516665600.0
2018-01-22,1195.0,1195.0,1165.0,1176.7,1174.430659970879,67306.0,1936.0,79046230.0,20825.0,30.94,30.0,-18.3,1516579200.0
2018-01-19,1192.0,1197.0,1178.3,1193.4,1191.1332712588305,49403.0,1193.0,58845557.0,28443.0,57.57,18.7,1.4,1516320000.0
2018-01-18,1195.0,1204.0,1181.4,1189.75,1189.8001223491028,24520.0,732.0,29173899.0,6355.0,25.92,22.6,-5.25,1516233600.0
2018-01-17,1189.55,1198.95,1150.75,1194.15,1185.1680836592416,23524.0,961.0,27879894.0,8855.0,37.64,48.2,4.6,1516147200.0
2018-01-16,1201.25,1201.25,1184.75,1190.35,1190.6294893098482,45135.0,832.0,53739062.0,28226.0,62.54,16.5,-10.9,1516060800.0
2018-01-15,1192.0,1206.3,1188.0,1201.7,1198.9907620369138,52609.0,1402.0,63077705.0,17259.0,32.81,18.3,9.7,1515974400.0
2018-01-12,1195.0,1195.0,1177.4,1189.65,1185.4049123956115,30535.0,831.0,36196339.0,11758.0,38.51,17.6,-5.35,1515715200.0
2018-01-11,1178.0,1190.0,1171.25,1188.85,1184.1235911761873,31143.0,813.0,36877161.0,9562.0,30.7,18.75,10.85,1515628800.0
2018-01-10,1191.9,1191.9,1171.5,1177.4,1176.290528977289,246003.0,2360.0,289370999.0,195799.0,79.59,20.4,-14.5,1515542400.0
2018-01-09,1180.0,1195.95,1174.3,1191.9,1188.1691723231486,55541.0,977.0,65992104.0,33519.0,60.35,21.65,11.9,1515456000.0
2018-01-08,1184.0,1192.0,1173.75,1183.1,1180.00046919551,27707.0,768.0,32694273.0,10017.0,36.15,18.25,-0.9,1515369600.0
2018-01-05,1172.0,1191.0,1168.55,1183.75,1184.288934006688,58612.0,1550.0,69413543.0,33478.0,57.12,22.45,11.75,1515110400.0
2018-01-04,1149.5,1178.7,1148.2,1172.05,1163.6148912252859,75615.0,1630.0,87986740.0,35075.0,46.39,30.5,22.55,1515024000.0
2018-01-03,1150.0,1150.0,1136.0,1141.1,1140.0548062893338,636697.0,4974.0,725869475.0,610880.0,95.95,14.0,-8.9,1514937600.0
2018-01-02,1145.0,1149.4,1134.95,1142.85,1140.7209323458585,22009.0,667.0,25106127.0,10915.0,49.59,14.45,-2.15,1514851200.0
2018-01-01,1160.0,1165.55,1140.0,1146.5,1153.8218221895665,21776.0,873.0,25125624.0,8548.0,39.25,25.55,-13.5,1514764800.0
2017-12-29,1139.2,1170.0,1139.2,1157.9,1164.5647467892995,160479.0,1914.0,186888186.0,109203.0,68.05,30.8,18.7,1514505600.0
2017-12-28,1144.0,1155.0,1142.25,1144.6,1147.3465920621575,34493.0,975.0,39575426.0,18071.0,52.39,12.75,0.6,1514419200.0
2017-12-27,1158.0,1158.0,1142.95,1148.45,1147.4506570022093,51598.0,1053.0,59206159.0,21399.0,41.47,15.05,-9.55,1514332800.0
2017-12-26,1141.9,1152.8,1141.05,1149.65,1148.1467947379413,28734.0,807.0,32990850.0,8943.0,31.12,11.75,7.75,1514246400.0
2017-12-22,1139.0,1141.75,1125.0,1136.5,1137.3678648404366,28766.0,797.0,32717524.0,8790.0,30.56,16.75,-2.5,1513900800.0
2017-12-21,1143.9,1143.9,1132.0,1137.1,1137.6778581839567,39107.0,981.0,44491168.0,7057.0,18.05,11.9,-6.8,1513814400.0
2017-12-20,1136.7,1141.7,1127.2,1134.35,1135.9250204533425,20779.0,626.0,23603386.0,6876.0,33.09,14.5,-2.35,1513728000.0
2017-12-19,1155.0,1155.0,1132.0,1136.7,1138.6761536336005,32571.0,1133.0,37087821.0,6910.0,21.22,23.0,-18.3,1513641600.0
2017-12-18,1134.0,1139.4,1110.2,1136.75,1131.2146933364074,34696.0,1411.0,39248625.0,15127.0,43.6,29.2,2.75,1513555200.0
2017-12-15,1129.0,1134.1,1115.15,1119.95,1122.9641708363117,22384.0,1113.0,25136430.0,7375.0,32.95,18.95,-9.05,1513296000.0
2017-12-14,1117.1,1130.0,1116.0,1125.05,1123.7375456089014,27681.0,912.0,31106179.0,10513.0,37.98,14.0,7.95,1513209600.0
2017-12-13,1117.0,1137.9,1111.05,1116.55,1123.1368643270696,47843.0,1398.0,53734237.0,13822.0,28.89,26.85,-0.45,1513123200.0
2017-12-12,1135.7,1135.7,1102.6,1118.5,1112.3986903430953,68873.0,2452.0,76614235.0,13755.0,19.97,33.1,-17.2,1513036800.0
2017-12-11,1135.0,1142.0,1125.5,1128.1,1130.175563377726,27557.0,1269.0,31144248.0,12275.0,44.54,16.5,-6.9,1512950400.0
2017-12-08,1145.0,1152.45,1130.5,1134.35,1138.4027681125801,38799.0,1131.0,44168889.0,11030.0,28.43,21.95,-10.65,1512691200.0
2017-12-07,1120.0,1149.7,1109.05,1143.4,1125.034011139936,52424.0,1565.0,58978783.0,15544.0,29.65,40.65,23.4,1512604800.0
2017-12-06,1139.0,1139.0,1100.05,1104.15,1105.9606676243243,43857.0,1346.0,48504117.0,18653.0,42.53,38.95,-34.85,1512518400.0
2017-12-05,1122.0,1122.8,1109.5,1114.25,1113.4848972757131,31054.0,1033.0,34578160.0,10402.0,33.5,13.3,-7.75,1512432000.0
2017-12-04,1141.0,1141.0,1118.6,1122.8,1124.917839897878,54053.0,1479.0,60805184.0,22659.0,41.92,22.4,-18.2,1512345600.0
2017-12-01,1147.0,1154.9,1133.0,1136.1,1144.1947075058176,36958.0,1094.0,42287148.0,15450.0,41.8,21.9,-10.9,1512086400.0
2017-11-30,1153.95,1157.0,1123.15,1147.75,1145.1712687515892,58995.0,1448.0,67559379.0,22532.0,38.19,33.85,-6.2,1512000000.0
2017-11-29,1170.0,1175.0,1151.0,1156.2,1166.2527793659867,31482.0,857.0,36715970.0,13572.0,43.11,24.0,-13.8,1511913600.0
2017-11-28,1157.0,1172.2,1150.8,1169.95,1165.2243570529345,33362.0,998.0,38874215.0,7300.0,21.88,21.4,12.95,1511827200.0
2017-11-27,1159.6,1162.0,1148.0,1158.2,1154.252402676399,32880.0,1015.0,37951819.0,14822.0,45.08,14.0,-1.4,1511740800.0
2017-11-24,1162.0,1163.7,1149.4,1160.05,1156.7228517261144,22681.0,862.0,26235631.0,9019.0,39.76,14.3,-1.95,1511481600.0
2017-11-23,1174.3,1174.3,1158.0,1161.25,1162.2313476908541,25399.0,785.0,29519514.0,8195.0,32.27,16.3,-13.05,1511395200.0
2017-11-22,1196.0,1196.0,1156.0,1174.35,1169.893716928064,41954.0,1274.0,49081721.0,15349.0,36.59,40.0,-21.65,1511308800.0
2017-11-21,1157.6,1170.0,1157.6,1161.35,1162.992486370092,21827.0,612.0,25384637.0,10918.0,50.02,12.4,3.75,1511222400.0
2017-11-20,1160.0,1176.0,1160.0,1168.1,1167.3974440158886,17371.0,545.0,20278861.0,4880.0,28.09,16.0,8.1,1511136000.0
2017-11-17,1180.0,1193.15,1165.0,1171.1,1177.8846487424112,41508.0,1135.0,48891636.0,19336.0,46.58,28.15,-8.9,1510876800.0
2017-11-16,1180.0,1187.25,1174.25,1180.05,1179.2137769906171,26537.0,1117.0,31292796.0,4055.0,15.28,13.0,0.05,1510790400.0
2017-11-15,1165.0,1187.1,1151.8,1176.85,1168.757739770513,32333.0,1316.0,37789444.0,10291.0,31.83,35.3,11.85,1510704000.0
2017-11-14,1175.0,1175.0,1152.0,1154.25,1159.0600011278411,35466.0,1542.0,41107222.0,13361.0,37.67,23.0,-20.75,1510617600.0
2017-11-13,1180.1,1187.55,1171.85,1175.1,1179.8969973215546,21281.0,795.0,25109388.0,5040.0,23.68,15.7,-5.0,1510531200.0
2017-11-10,1190.5,1191.0,1160.6,1176.45,1170.3088645458588,74217.0,2822.0,86856813.0,22745.0,30.65,30.4,-14.05,1510272000.0
2017-11-09,1172.2,1197.9,1172.2,1195.25,1190.578666568548,54356.0,2863.0,64715094.0,15239.0,28.04,25.7,23.05,1510185600.0
2017-11-08,1147.05,1177.0,1145.1,1170.95,1168.9660194174755,83018.0,2479.0,97045221.0,24413.0,29.41,31.9,23.9,1510099200.0
2017-11-07,1160.05,1163.75,1132.05,1142.3,1144.2732951738967,68834.0,2693.0,78764908.0,34150.0,49.61,31.7,-17.75,1510012800.0
2017-11-06,1169.0,1172.95,1157.3,1162.4,1164.7077958185052,35968.0,2694.0,41892210.0,15456.0,42.97,15.65,-6.6,1509926400.0
2017-11-03,1181.25,1181.3,1168.05,1173.4,1172.9286843044301,19617.0,1462.0,23009342.0,9200.0,46.9,13.25,-7.85,1509667200.0
2017-11-02,1174.7,1182.0,1166.15,1178.5,1174.9149019950994,22856.0,1519.0,26853855.0,6914.0,30.25,15.85,3.8,1509580800.0
2017-11-01,1185.0,1188.0,1172.1,1174.7,1178.868434472208,17649.0,1201.0,20805849.0,6985.0,39.58,15.9,-10.3,1509494400.0
2017-10-31,1190.0,1190.0,1176.65,1180.7,1180.6122696795312,18941.0,872.0,22361977.0,5148.0,27.18,13.35,-9.3,1509408000.0
2017-10-30,1180.1,1197.55,1178.0,1183.2,1186.8214019242087,25465.0,1000.0,30222407.0,7823.0,30.72,19.55,3.1,1509321600.0
2017-10-27,1212.0,1212.0,1180.1,1187.1,1186.8238046543336,32271.0,1970.0,38299991.0,8650.0,26.8,31.9,-24.9,1509062400.0
2017-10-26,1200.0,1202.0,1181.15,1191.0,1189.1214334868455,37782.0,1763.0,44927386.0,9985.0,26.43,20.85,-9.0,1508976000.0
2017-10-25,1220.0,1231.75,1195.05,1202.6,1211.0350421450369,55048.0,1917.0,66665057.0,17518.0,31.82,36.7,-17.4,1508889600.0
2017-10-24,1173.0,1233.0,1173.0,1220.5,1210.8636780366253,212695.0,6323.0,257544650.0,50570.0,23.78,60.0,47.5,1508803200.0
2017-10-23,1181.0,1191.5,1161.0,1172.4,1171.2811071195297,73488.0,1940.0,86075106.0,7297.0,9.93,30.5,-8.6,1508716800.0
2017-10-19,1178.0,1183.65,1172.3,1180.2,1179.2927851047325,6445.0,340.0,7600542.0,2866.0,44.47,11.35,2.2,1508371200.0
2017-10-18,1193.0,1196.15,1170.8,1180.0,1182.2714616303376,26792.0,836.0,31675417.0,6048.0,22.57,25.35,-13.0,1508284800.0
2017-10-17,1171.5,1197.0,1171.5,1194.4,1186.533108218184,67521.0,1640.0,80115902.0,28244.0,41.83,25.5,22.9,1508198400.0
2017-10-16,1176.0,1187.0,1167.05,1170.25,1174.5961489578035,31472.0,923.0,36966890.0,9375.0,29.79,19.95,-5.75,1508112000.0
2017-10-13,1167.95,1175.0,1154.55,1171.9,1168.8073541701488,29915.0,933.0,34964872.0,9446.0,31.58,20.45,3.95,1507852800.0
2017-10-12,1164.0,1164.0,1147.5,1160.1,1154.7087617165594,37447.0,1178.0,43240379.0,10052.0,26.84,16.5,-3.9,1507766400.0
2017-10-11,1166.0,1173.95,1157.65,1160.45,1165.5864454252248,23564.0,804.0,27465879.0,7821.0,33.19,16.3,-5.55,1507680000.0
2017-10-10,1159.45,1166.7,1155.0,1162.45,1162.3792080542944,22249.0,1003.0,25861775.0,9970.0,44.81,11.7,3.0,1507593600.0
2017-10-09,1169.0,1169.0,1155.5,1159.35,1162.9750283054473,31796.0,1253.0,36977954.0,11395.0,35.84,13.5,-9.65,1507507200.0
2017-10-06,1161.0,1169.0,1119.95,1158.9,1159.5069436571816,35284.0,1050.0,40912043.0,12722.0,36.06,49.05,-2.1,1507248000.0
2017-10-05,1155.0,1160.95,1147.5,1152.3,1154.8884936692336,30644.0,871.0,35390403.0,5866.0,19.14,13.45,-2.7,1507161600.0
2017-10-04,1140.0,1166.7,1140.0,1154.6,1159.2694969706115,46379.0,1905.0,53765760.0,13780.0,29.71,26.7,14.6,1507075200.0
2017-10-03,1132.0,1159.9,1132.0,1147.45,1143.1085912478509,327531.0,2568.0,374403500.0,282049.0,86.11,27.9,15.45,1506988800.0
2017-09-29,1139.9,1175.0,1088.6,1117.05,1129.2071864072445,133836.0,2480.0,151128573.0,12978.0,9.7,86.4,-22.85,1506643200.0
2017-09-28,1160.0,1162.9,1123.55,1129.25,1133.4675997974125,108595.0,3468.0,123088914.0,24820.0,22.86,39.35,-30.75,1506556800.0
2017-09-27,1184.0,1184.0,1155.05,1161.0,1167.3080778548156,23942.0,1097.0,27947690.0,5611.0,23.44,28.95,-23.0,1506470400.0
2017-09-26,1190.0,1190.0,1164.5,1172.2,1173.1272884710538,56588.0,1929.0,66384927.0,17608.0,31.12,25.5,-17.8,1506384000.0
2017-09-25,1240.0,1240.0,1193.3,1196.25,1201.807358896482,31608.0,877.0,37986727.0,15793.0,49.97,46.7,-43.75,1506297600.0
2017-09-22,1229.8,1238.95,1206.0,1215.15,1216.3092141114032,42207.0,1183.0,51336763.0,15128.0,35.84,32.95,-14.65,1506038400.0
2017-09-21,1239.0,1247.3,1225.5,1229.8,1241.9399718257935,303824.0,1108.0,377331170.0,276243.0,90.92,21.8,-9.2,1505952000.0
2017-09-20,1253.05,1255.6,1236.5,1238.75,1242.5399854237064,45279.0,1174.0,56260968.0,11575.0,25.56,19.1,-14.3,1505865600.0
2017-09-19,1256.0,1259.15,1250.1,1253.05,1252.881451951322,42894.0,964.0,53741097.0,7473.0,17.42,9.05,-2.95,1505779200.0
2017-09-18,1244.25,1260.0,1244.0,1255.85,1255.5436451860048,58735.0,1316.0,73744356.0,11374.0,19.36,16.0,11.6,1505692800.0
2017-09-15,1243.0,1248.5,1228.05,1244.15,1235.7773638921872,61477.0,1630.0,75971885.0,9979.0,16.23,20.45,1.15,1505433600.0
2017-09-14,1252.0,1261.25,1241.0,1245.25,1248.2996199324325,37888.0,1075.0,47295576.0,5937.0,15.67,20.25,-6.75,1505347200.0
2017-09-13,1255.0,1260.95,1249.5,1252.25,1254.0133912482693,52721.0,1555.0,66112840.0,9494.0,18.01,11.45,-2.75,1505260800.0
2017-09-12,1237.15,1258.0,1237.15,1255.2,1251.3525078559344,330960.0,2470.0,414147626.0,266265.0,80.45,20.85,18.05,1505174400.0
2017-09-11,1203.65,1239.45,1200.0,1236.85,1224.5060934430255,65152.0,2007.0,79779021.0,25422.0,39.02,39.45,33.2,1505088000.0
2017-09-08,1199.6,1204.95,1191.05,1202.65,1198.4530093419776,19589.0,658.0,23476496.0,6165.0,31.47,13.9,3.05,1504828800.0
2017-09-07,1214.05,1225.0,1195.85,1199.6,1202.363750786658,34958.0,1157.0,42032232.0,12324.0,35.25,29.15,-14.45,1504742400.0
2017-09-06,1206.0,1212.7,1197.0,1205.4,1206.597116313143,30031.0,976.0,36235318.0,9169.0,30.53,15.7,-0.6,1504656000.0
2017-09-05,1195.05,1222.65,1195.05,1204.9,1209.1381484295434,61861.0,2362.0,74798495.0,20125.0,32.53,27.6,9.85,1504569600.0
2017-09-04,1216.0,1218.75,1192.0,1196.5,1201.2050783031775,65770.0,1881.0,79003258.0,17710.0,26.93,26.75,-19.5,1504483200.0
2017-09-01,1171.0,1218.0,1166.8,1214.55,1201.5224864246927,174950.0,4386.0,210206359.0,49065.0,28.05,51.2,43.55,1504224000.0
2017-08-31,1149.0,1172.4,1144.05,1168.15,1156.9387990281152,144050.0,1735.0,166657034.0,30228.0,20.98,28.35,19.15,1504137600.0
2017-08-30,1159.0,1159.95,1145.6,1153.3,1154.7055809112019,24978.0,728.0,28842236.0,9969.0,39.91,14.35,-5.7,1504051200.0
2017-08-29,1155.0,1155.0,1140.2,1151.9,1147.4316525878835,34449.0,970.0,39527873.0,13292.0,38.58,14.8,-3.1,1503964800.0
2017-08-28,1137.0,1158.5,1126.65,1155.25,1145.5062014548143,40555.0,2360.0,46456004.0,18321.0,45.18,31.85,18.25,1503878400.0
2017-08-24,1154.0,1154.0,1130.05,1136.35,1136.6446375860935,18294.0,703.0,20793777.0,5448.0,29.78,23.95,-17.65,1503532800.0
2017-08-23,1130.0,1143.4,1115.05,1140.25,1130.0827496382049,34550.0,1180.0,39044359.0,6224.0,18.01,28.35,10.25,1503446400.0
2017-08-22,1135.0,1142.35,1125.55,1129.85,1130.310675325415,70218.0,1716.0,79368155.0,44261.0,63.03,16.8,-5.15,1503360000.0
2017-08-21,1126.05,1139.9,1126.05,1135.45,1134.093462246777,36924.0,1166.0,41875267.0,11584.0,31.37,13.85,9.4,1503273600.0
2017-08-18,1135.0,1143.7,1124.75,1139.9,1132.378707932426,22553.0,777.0,25538537.0,7208.0,31.96,18.95,4.9,1503014400.0
2017-08-17,1142.4,1143.0,1132.5,1133.6,1135.9677545131985,25647.0,937.0,29134165.0,8324.0,32.46,10.5,-8.8,1502928000.0
2017-08-16,1159.9,1159.9,1130.0,1142.4,1139.872986487518,52396.0,1673.0,59724785.0,15864.0,30.28,29.9,-17.5,1502841600.0
2017-08-14,1145.0,1162.15,1144.6,1154.0,1152.727469421228,57311.0,1460.0,66063964.0,25749.0,44.93,17.55,9.0,1502668800.0
2017-08-11,1136.0,1147.8,1121.95,1144.45,1134.146426793714,70315.0,2012.0,79747506.0,25268.0,35.94,25.85,8.45,1502409600.0
2017-08-10,1150.4,1159.8,1145.65,1152.25,1152.8385519935607,50939.0,1492.0,58724443.0,19373.0,38.03,14.15,1.85,1502323200.0
2017-08-09,1140.0,1159.0,1140.0,1155.25,1152.1004386193933,76604.0,1619.0,88255502.0,42379.0,55.32,19.0,15.25,1502236800.0
2017-08-08,1150.0,1150.4,1140.0,1145.65,1143.7930966235206,25263.0,686.0,28895645.0,8811.0,34.88,10.4,-4.35,1502150400.0
2017-08-07,1169.0,1169.0,1143.1,1149.6,1147.8678113201636,63833.0,1471.0,73271846.0,20159.0,31.58,25.9,-19.4,1502064000.0
2017-08-04,1155.0,1159.0,1142.25,1156.8,1148.268038538719,80231.0,1445.0,92126693.0,40214.0,50.12,16.75,1.8,1501804800.0
2017-08-03,1134.0,1149.95,1127.3,1146.4,1140.7163054017706,63942.0,2699.0,72939682.0,31359.0,49.04,22.65,12.4,1501718400.0
2017-08-02,1150.0,1151.1,1135.05,1143.75,1138.8545886644376,325683.0,2218.0,370905579.0,259557.0,79.7,16.05,-6.25,1501632000.0
2017-08-01,1160.6,1163.45,1140.0,1148.1,1144.2022769789348,180678.0,1973.0,206732179.0,99593.0,55.12,23.45,-12.5,1501545600.0
2017-07-31,1152.8,1163.0,1146.0,1159.45,1151.3235097732531,109329.0,2280.0,125873048.0,51915.0,47.49,17.0,6.65,1501459200.0
2017-07-28,1150.0,1156.25,1140.5,1152.85,1145.3876644152147,101268.0,1391.0,115991118.0,69738.0,68.86,15.75,2.85,1501200000.0
2017-07-27,1146.0,1152.0,1136.0,1148.55,1144.3993763576484,57084.0,1549.0,65326894.0,23403.0,41.0,16.0,2.55,1501113600.0
2017-07-26,1128.5,1144.7,1126.55,1133.55,1131.243133925526,269732.0,4122.0,305132473.0,173951.0,64.49,18.15,5.05,1501027200.0
2017-07-25,1161.0,1164.0,1140.25,1151.95,1152.2144470071707,206811.0,5509.0,238290622.0,38536.0,18.63,23.75,-9.05,1500940800.0
2017-07-24,1111.0,1159.95,1111.0,1156.05,1148.9752725213534,63573.0,2082.0,73043805.0,17561.0,27.62,48.95,45.05,1500854400.0
2017-07-21,1160.0,1171.0,1148.65,1155.85,1158.7072185020206,135596.0,3106.0,157116064.0,60237.0,44.42,22.35,-4.15,1500595200.0
2017-07-20,1155.0,1158.05,1133.3,1156.9,1148.2740414226193,165610.0,2022.0,190165664.0,126610.0,76.45,24.75,1.9,1500508800.0
2017-07-19,1152.0,1158.0,1146.3,1156.1,1154.2597422794936,45010.0,2092.0,51953231.0,18998.0,42.21,11.7,4.1,1500422400.0
2017-07-18,1123.6,1149.85,1123.6,1146.0,1141.2132484158108,93581.0,1984.0,106795877.0,52458.0,56.06,26.25,22.4,1500336000.0
2017-07-17,1118.1,1128.0,1115.3,1125.5,1122.9916225493048,34378.0,1247.0,38606206.0,14084.0,40.97,12.7,7.4,1500249600.0
2017-07-14,1124.15,1124.15,1113.0,1118.1,1117.6641699506747,38317.0,1565.0,42825538.0,14404.0,37.59,11.15,-6.05,1499990400.0
2017-07-13,1132.7,1143.9,1121.0,1124.15,1134.433761650128,112767.0,1904.0,127926692.0,59418.0,52.69,22.9,-8.55,1499904000.0
2017-07-12,1135.0,1136.25,1126.0,1132.7,1130.1698954283415,29836.0,1373.0,33719749.0,9911.0,33.22,10.25,-2.3,1499817600.0
2017-07-11,1131.0,1135.0,1123.45,1130.2,1129.6457243249436,26183.0,1080.0,29577514.0,8995.0,34.35,11.55,-0.8,1499731200.0
2017-07-10,1120.0,1134.0,1110.45,1130.7,1127.3135268849553,179487.0,6747.0,202338123.0,112262.0,62.55,23.55,10.7,1499644800.0
2017-07-07,1131.0,1132.3,1113.0,1117.15,1119.3423054896507,36669.0,1316.0,41045163.0,11691.0,31.88,19.3,-13.85,1499385600.0
2017-07-06,1144.95,1144.95,1127.9,1130.7,1135.151199760863,36799.0,1166.0,41772429.0,11171.0,30.36,17.05,-14.25,1499299200.0
2017-07-05,1112.65,1133.0,1109.1,1126.3,1121.4053998712925,34186.0,1441.0,38336365.0,12472.0,36.48,23.9,13.65,1499212800.0
2017-07-04,1121.0,1121.0,1107.05,1108.75,1112.0265262336648,25635.0,899.0,28506800.0,7446.0,29.05,13.95,-12.25,1499126400.0
2017-07-03,1096.8,1121.0,1096.8,1118.2,1114.3067263279443,48496.0,1464.0,54039419.0,18296.0,37.73,24.2,21.4,1499040000.0
2017-06-30,1103.0,1120.0,1084.6,1104.15,1101.1527700296099,46606.0,1516.0,51320326.0,13225.0,28.38,35.4,1.15,1498780800.0
2017-06-29,1113.55,1126.0,1101.0,1103.7,1111.3292402340821,39986.0,1846.0,44437611.0,16705.0,41.78,25.0,-9.85,1498694400.0
2017-06-28,1134.0,1134.0,1098.95,1109.15,1108.6096309453324,70938.0,2272.0,78642550.0,25268.0,35.62,35.05,-24.85,1498608000.0
2017-06-27,1153.95,1167.05,1130.6,1134.0,1141.056454492492,53211.0,2078.0,60716755.0,16368.0,30.76,36.45,-19.95,1498521600.0
2017-06-23,1163.7,1166.3,1145.95,1153.95,1152.3702266255802,51274.0,1545.0,59086631.0,20699.0,40.37,20.35,-9.75,1498176000.0
2017-06-22,1158.75,1169.95,1158.75,1163.7,1164.9141261755485,51040.0,1684.0,59457217.0,16093.0,31.53,11.2,4.95,1498089600.0
2017-06-21,1150.8,1160.8,1149.7,1155.5,1154.991909774436,33250.0,1089.0,38403481.0,9306.0,27.99,11.1,4.7,1498003200.0
2017-06-20,1158.0,1158.0,1146.0,1150.8,1149.8413113681884,48926.0,1642.0,56257136.0,21274.0,43.48,12.0,-7.2,1497916800.0
2017-06-19,1145.5,1157.95,1139.45,1153.65,1147.877052818464,36048.0,1758.0,41378672.0,8462.0,23.47,18.5,8.15,1497830400.0
2017-06-16,1143.0,1148.6,1129.8,1144.8,1141.4550104753353,73506.0,2117.0,83903792.0,31953.0,43.47,18.8,1.8,1497571200.0
2017-06-15,1152.0,1152.1,1134.7,1141.2,1139.5291052689313,54698.0,1750.0,62329963.0,22681.0,41.47,17.4,-10.8,1497484800.0
2017-06-14,1150.0,1154.0,1126.25,1148.5,1139.7990179656765,104477.0,3168.0,119082782.0,26217.0,25.09,27.75,-1.5,1497398400.0
2017-06-13,1151.3,1153.9,1143.6,1150.4,1149.8563663962655,61267.0,847.0,70448250.0,44232.0,72.2,10.3,-0.9,1497312000.0
2017-06-12,1153.05,1158.3,1143.7,1150.4,1149.9233292660972,49993.0,1376.0,57488117.0,14848.0,29.7,14.6,-2.65,1497225600.0
2017-06-09,1144.05,1156.0,1133.0,1154.3,1144.9735677897936,44756.0,1566.0,51244437.0,11045.0,24.68,23.0,10.25,1496966400.0
2017-06-08,1172.0,1179.0,1141.55,1143.6,1150.9428083608175,282891.0,2365.0,325591362.0,231029.0,81.67,37.45,-28.4,1496880000.0
2017-06-07,1154.6,1167.0,1146.25,1162.3,1161.0223634772765,38858.0,1208.0,45115007.0,11239.0,28.92,20.75,7.7,1496793600.0
2017-06-06,1163.0,1166.3,1141.45,1154.6,1150.1353009601912,428977.0,1485.0,493381591.0,392296.0,91.45,24.85,-8.4,1496707200.0
2017-06-05,1164.3,1175.15,1158.1,1162.05,1165.512499567788,28921.0,1139.0,33707787.0,7888.0,27.27,17.05,-2.25,1496620800.0
2017-06-02,1160.0,1174.0,1160.0,1162.85,1167.201959672848,37047.0,1487.0,43241331.0,9941.0,26.83,14.0,2.85,1496361600.0
2017-06-01,1160.0,1162.0,1134.0,1158.95,1148.807963370292,66831.0,2141.0,76775985.0,13281.0,19.87,28.0,-1.05,1496275200.0
2017-05-31,1156.0,1164.0,1144.0,1152.6,1157.8737514253135,65775.0,2045.0,76159146.0,29206.0,44.4,20.0,-3.4,1496188800.0
2017-05-30,1145.8,1165.0,1145.8,1158.5,1155.5814025189227,64869.0,2232.0,74961410.0,17909.0,27.61,19.2,12.7,1496102400.0
2017-05-29,1131.9,1149.7,1130.05,1145.15,1141.013746981237,64596.0,2093.0,73704924.0,21583.0,33.41,19.65,13.25,1496016000.0
2017-05-26,1122.0,1149.9,1122.0,1131.9,1136.4211213245576,53633.0,2052.0,60949674.0,15485.0,28.87,27.9,9.9,1495756800.0
2017-05-25,1100.0,1120.0,1090.3,1112.35,1104.040930451128,42560.0,1310.0,46987982.0,13332.0,31.33,29.7,12.35,1495670400.0
2017-05-24,1099.45,1104.45,1081.45,1093.0,1092.0863501095523,61158.0,2257.0,66789817.0,21926.0,35.85,23.0,-6.45,1495584000.0
2017-05-23,1115.15,1126.0,1091.5,1099.45,1102.795304507498,45746.0,1772.0,50448474.0,10217.0,22.33,34.5,-15.7,1495497600.0
2017-05-22,1140.0,1140.0,1105.0,1115.15,1115.6704812506387,48935.0,1792.0,54595335.0,9238.0,18.88,35.0,-24.85,1495411200.0
2017-05-19,1148.0,1150.0,1101.0,1122.2,1122.1393721344368,248206.0,6943.0,278521725.0,122764.0,49.46,49.0,-25.8,1495152000.0
2017-05-18,1150.0,1159.45,1140.7,1150.15,1150.8433089949688,65192.0,1937.0,75025777.0,26564.0,40.75,18.75,0.15,1495065600.0
2017-05-17,1144.0,1157.7,1138.05,1153.85,1150.0670874055315,50546.0,1740.0,58131291.0,13336.0,26.38,19.65,9.85,1494979200.0
2017-05-16,1147.25,1149.05,1130.3,1143.75,1137.7030259217183,48415.0,1599.0,55081892.0,14399.0,29.74,18.75,-3.5,1494892800.0
2017-05-15,1142.0,1150.0,1135.8,1147.25,1144.6663278669298,51161.0,1857.0,58562274.0,15750.0,30.79,14.2,5.25,1494806400.0
2017-05-12,1168.0,1178.6,1128.5,1132.3,1135.198085638994,1121732.0,6570.0,1273388019.0,945868.0,84.32,50.1,-35.7,1494547200.0
2017-05-11,1157.65,1178.95,1153.85,1167.8,1167.8167376382974,102858.0,3424.0,120119294.0,22022.0,21.41,25.1,10.15,1494460800.0
2017-05-10,1169.7,1181.65,1147.0,1157.65,1165.250097117551,77226.0,2580.0,89987604.0,18708.0,24.23,34.65,-12.05,1494374400.0
2017-05-09,1170.0,1176.9,1162.65,1165.2,1170.3881335397455,178284.0,1294.0,208661478.0,151484.0,84.97,14.25,-4.8,1494288000.0
2017-05-08,1150.0,1172.5,1146.0,1166.9,1157.6210788510934,64235.0,2055.0,74359790.0,27678.0,43.09,26.5,16.9,1494201600.0
2017-05-05,1135.0,1158.9,1134.55,1146.2,1148.5176377682405,145625.0,4672.0,167252881.0,51473.0,35.35,24.35,11.2,1493942400.0
2017-05-04,1118.9,1134.0,1118.0,1130.35,1126.4695895385069,81518.0,2375.0,91827548.0,30845.0,37.84,16.0,11.45,1493856000.0
2017-05-03,1117.3,1122.0,1112.95,1115.9,1117.2398700771416,36945.0,1311.0,41276427.0,10714.0,29.0,9.05,-1.4,1493769600.0
2017-05-02,1120.0,1136.7,1101.3,1115.7,1117.3977110940752,73048.0,2670.0,81623668.0,22221.0,30.42,35.4,-4.3,1493683200.0
2017-04-28,1108.0,1123.2,1107.0,1119.6,1117.1198794260229,71989.0,1901.0,80420343.0,28453.0,39.52,16.2,11.6,1493337600.0
2017-04-27,1106.0,1106.0,1092.7,1102.65,1098.9782696945815,41877.0,1543.0,46021913.0,13511.0,32.26,13.3,-3.35,1493251200.0
2017-04-26,1100.25,1120.65,1093.3,1105.05,1108.0238263741448,156843.0,5425.0,173785781.0,51951.0,33.12,27.35,4.8,1493164800.0
2017-04-25,1070.0,1099.0,1069.9,1097.05,1088.8132784857462,104289.0,3540.0,113551248.0,32992.0,31.64,29.1,27.05,1493078400.0
2017-04-24,1066.0,1074.0,1063.85,1068.4,1068.8565006582537,31143.0,1198.0,33287398.0,12055.0,38.71,10.15,2.4,1492992000.0
2017-04-21,1060.5,1068.7,1054.7,1062.9,1057.6432678884917,1512928.0,1623.0,1600138114.0,1482311.0,97.98,14.0,2.4,1492732800.0
2017-04-20,1050.0,1063.65,1043.5,1058.35,1052.7612623181603,34096.0,1541.0,35894948.0,8173.0,23.97,20.15,8.35,1492646400.0
2017-04-19,1043.0,1058.75,1033.85,1049.1,1044.162011406606,47867.0,2199.0,49980903.0,16559.0,34.59,24.9,6.1,1492560000.0
2017-04-18,1059.0,1068.15,1038.85,1040.95,1053.0419247973946,53429.0,1833.0,56262977.0,18169.0,34.01,29.3,-18.05,1492473600.0
2017-04-17,1072.0,1078.7,1056.5,1058.7,1062.8527119874877,71608.0,2186.0,76108757.0,29749.0,41.54,22.2,-13.3,1492387200.0
2017-04-13,1068.35,1081.0,1067.0,1077.65,1073.8230421686746,33200.0,1212.0,35650925.0,13494.0,40.64,14.0,9.3,1492041600.0
2017-04-12,1072.5,1081.5,1063.25,1072.4,1074.148881365911,95116.0,1680.0,102168745.0,56297.0,59.19,18.25,-0.1,1491955200.0
2017-04-11,1060.2,1076.0,1056.8,1072.85,1068.1021276595745,45355.0,1703.0,48443772.0,11982.0,26.42,19.2,12.65,1491868800.0
2017-04-10,1078.65,1080.55,1058.25,1060.05,1066.0743070173214,39431.0,1869.0,42036376.0,13777.0,34.94,22.3,-18.6,1491782400.0
2017-04-07,1083.0,1088.0,1074.5,1080.65,1082.4800439212481,39161.0,1200.0,42391001.0,15367.0,39.24,13.5,-2.35,1491523200.0
2017-04-06,1080.45,1087.9,1073.0,1085.0,1079.0124786110764,23961.0,960.0,25854218.0,5748.0,23.99,14.9,4.55,1491436800.0
2017-04-05,1091.1,1093.7,1068.2,1080.45,1079.8903950790052,95753.0,3761.0,103402745.0,48983.0,51.16,25.5,-10.65,1491350400.0
2017-04-03,1075.0,1100.95,1068.55,1091.1,1084.31547314074,50746.0,1644.0,55024673.0,23523.0,46.35,32.4,16.1,1491177600.0
2017-03-31,1069.0,1076.5,1060.0,1071.2,1070.4868170401737,82417.0,1852.0,88226312.0,14329.0,17.39,16.5,2.2,1490918400.0
2017-03-30,1073.0,1073.9,1062.8,1069.25,1067.6690008806568,70402.0,2760.0,75166033.0,25617.0,36.39,11.1,-3.75,1490832000.0
2017-03-29,1060.0,1078.85,1059.3,1068.15,1070.3874694190708,138158.0,3364.0,147882592.0,42134.0,30.5,19.55,8.15,1490745600.0
2017-03-28,1048.0,1063.0,1048.0,1057.65,1055.7510279160354,46210.0,2106.0,48786255.0,19678.0,42.58,15.0,9.65,1490659200.0
2017-03-27,1066.0,1066.0,1040.0,1043.9,1050.099257242763,85223.0,4232.0,89492609.0,38151.0,44.77,26.0,-22.1,1490572800.0
2017-03-24,1062.0,1073.75,1062.0,1066.0,1068.578921063318,64026.0,2194.0,68416834.0,33101.0,51.7,11.75,4.0,1490313600.0
2017-03-23,1060.5,1070.65,1055.15,1061.6,1061.0981203286335,121351.0,1735.0,128765318.0,94343.0,77.74,15.5,1.1,1490227200.0
2017-03-22,1064.0,1064.0,1050.0,1060.0,1056.3760436772734,90665.0,2220.0,95776334.0,47537.0,52.43,14.0,-4.0,1490140800.0
2017-03-21,1084.0,1084.9,1064.0,1067.45,1071.3117489133217,62576.0,2528.0,67038404.0,17074.0,27.29,20.9,-16.55,1490054400.0
2017-03-20,1092.0,1092.0,1067.0,1077.85,1074.8535639923803,45146.0,1428.0,48525339.0,24899.0,55.15,25.0,-14.15,1489968000.0
2017-03-17,1088.0,1100.0,1074.95,1078.0,1080.4937224534233,56949.0,1624.0,61533037.0,25565.0,44.89,25.05,-10.0,1489708800.0
2017-03-16,1068.75,1090.0,1068.75,1087.6,1082.4840579066563,90076.0,2157.0,97505834.0,52936.0,58.77,21.25,18.85,1489622400.0
2017-03-15,1069.0,1074.25,1060.7,1063.9,1065.5393292879737,61964.0,2167.0,66025079.0,24581.0,39.67,13.55,-5.1,1489536000.0
2017-03-14,1043.0,1077.5,1041.45,1069.1,1061.9605697370655,253029.0,4551.0,268706821.0,174509.0,68.97,36.05,26.1,1489449600.0
2017-03-10,1032.0,1037.5,1026.8,1029.9,1029.9041144435257,245501.0,1707.0,252842490.0,223052.0,90.86,10.7,-2.1,1489104000.0
2017-03-09,1025.0,1040.2,1025.0,1031.1,1033.3967038990002,52911.0,2023.0,54678053.0,17999.0,34.02,15.2,6.1,1489017600.0
2017-03-08,1024.0,1034.0,1016.0,1022.2,1021.7896367023752,42940.0,1422.0,43875647.0,13277.0,30.92,18.0,-1.8,1488931200.0
2017-03-07,1028.0,1030.6,1021.0,1022.85,1024.1639976523852,23854.0,1031.0,24430408.0,8679.0,36.38,9.6,-5.15,1488844800.0
2017-03-06,1015.0,1032.05,1015.0,1026.75,1024.4838643790847,127296.0,4598.0,130412698.0,64276.0,50.49,17.05,11.75,1488758400.0
2017-03-03,1027.9,1027.9,1007.0,1014.5,1014.1690303368697,53730.0,2084.0,54491302.0,11486.0,21.38,20.9,-13.4,1488499200.0
2017-03-02,1032.0,1043.9,1025.5,1028.3,1035.7345555643499,101072.0,4726.0,104683763.0,42488.0,42.04,18.4,-3.7,1488412800.0
2017-03-01,1029.0,1039.4,1026.3,1030.8,1032.3062685964999,99145.0,3691.0,102348005.0,44012.0,44.39,13.1,1.8,1488326400.0
2017-02-28,1001.7,1025.9,999.3,1024.45,1015.2000077108928,77812.0,3171.0,78994743.0,29885.0,38.41,26.6,22.75,1488240000.0
2017-02-27,1014.9,1017.95,999.5,1001.55,1004.853493950025,55868.0,1916.0,56139155.0,22442.0,40.17,18.45,-13.35,1488153600.0
2017-02-23,1028.0,1030.0,1006.1,1008.8,1015.963632597863,82079.0,3152.0,83389279.0,26117.0,31.82,23.9,-19.2,1487808000.0
2017-02-22,991.0,1027.0,991.0,1020.05,1010.6657571322047,181045.0,6482.0,182975982.0,64588.0,35.68,36.0,29.05,1487721600.0
2017-02-21,980.0,994.0,977.7,991.15,987.1534899159133,63268.0,2827.0,62455227.0,25462.0,40.24,16.3,11.15,1487635200.0
2017-02-20,963.0,980.0,954.0,975.4,969.4475658962664,323425.0,2597.0,313543579.0,271484.0,83.94,26.0,12.4,1487548800.0
2017-02-17,974.95,974.95,957.0,960.95,964.3824250651368,91346.0,3788.0,88092477.0,38279.0,41.91,17.95,-14.0,1487289600.0
2017-02-16,981.4,988.45,968.0,969.75,974.1295497768657,53107.0,2988.0,51733098.0,22822.0,42.97,20.45,-11.65,1487203200.0
2017-02-15,980.4,986.35,976.0,981.35,981.7760555699073,34839.0,1287.0,34204096.0,11277.0,32.37,10.35,0.95,1487116800.0
2017-02-14,986.1,986.5,970.0,980.3,977.6177334116264,44278.0,2203.0,43286958.0,14221.0,32.12,16.5,-5.8,1487030400.0
2017-02-13,1008.0,1008.0,982.15,984.3,993.5087532740476,318795.0,1717.0,316725623.0,286925.0,90.0,25.85,-23.7,1486944000.0
2017-02-10,1008.25,1008.5,990.0,992.7,996.6540772908716,45594.0,2341.0,45441446.0,16144.0,35.41,18.5,-15.55,1486684800.0
2017-02-09,998.0,1005.0,992.0,1002.35,998.845904563052,45978.0,2368.0,45924937.0,14471.0,31.47,13.0,4.35,1486598400.0
2017-02-08,1005.0,1009.85,985.0,997.75,997.5199496059996,84137.0,3607.0,83928336.0,19938.0,23.7,24.85,-7.25,1486512000.0
2017-02-07,993.0,1003.4,991.0,996.8,997.5355253030592,41576.0,1694.0,41473537.0,10699.0,25.73,12.4,3.8,1486425600.0
2017-02-06,988.55,1005.0,986.5,991.85,996.7069985244444,82003.0,2749.0,81732964.0,15629.0,19.06,18.5,3.3,1486339200.0
2017-02-03,994.0,994.0,980.8,985.35,985.1958530000552,54449.0,2224.0,53642929.0,19245.0,35.35,13.2,-8.65,1486080000.0
2017-02-02,994.0,995.55,982.15,989.1,988.0792083293218,72707.0,2081.0,71840275.0,15983.0,21.98,13.4,-4.9,1485993600.0
2017-02-01,975.0,998.65,970.25,990.35,987.7907584583928,103684.0,3626.0,102418097.0,27744.0,26.76,28.4,15.35,1485907200.0
2017-01-31,976.0,977.4,965.0,970.8,971.5642339704068,77856.0,2073.0,75642105.0,29599.0,38.02,12.4,-5.2,1485820800.0
2017-01-30,970.0,979.65,964.0,971.45,970.48948470584,55871.0,2053.0,54222218.0,14212.0,25.44,15.65,1.45,1485734400.0
2017-01-27,981.0,989.0,965.0,969.1,975.2256605520028,95072.0,2850.0,92716654.0,32356.0,34.03,24.0,-11.9,1485475200.0
2017-01-25,976.15,981.25,970.0,977.2,977.35932563791,65840.0,2194.0,64349338.0,18474.0,28.06,11.25,1.05,1485302400.0
2017-01-24,962.25,979.0,953.8,973.85,965.9991529789817,114519.0,3700.0,110625257.0,24187.0,21.12,25.2,11.6,1485216000.0
2017-01-23,969.0,973.5,958.0,964.25,963.959569641584,77145.0,2791.0,74364661.0,14660.0,19.0,15.5,-4.75,1485129600.0
2017-01-20,960.0,977.4,945.0,965.8,967.4014357922496,68255.0,2429.0,66029985.0,15499.0,22.71,32.4,5.8,1484870400.0
2017-01-19,962.7,965.0,954.45,960.05,959.487080023808,48723.0,1761.0,46749089.0,14865.0,30.51,10.55,-2.65,1484784000.0
2017-01-18,960.0,971.2,956.55,961.15,965.3960385042576,108040.0,2799.0,104301388.0,62364.0,57.72,14.65,1.15,1484697600.0
2017-01-17,947.0,963.5,937.75,960.15,952.3993637644984,126997.0,4678.0,120951862.0,43253.0,34.06,25.75,13.15,1484611200.0
2017-01-16,932.85,941.6,927.0,934.75,936.572409398646,62775.0,2446.0,58793333.0,20450.0,32.58,14.6,1.9,1484524800.0
2017-01-13,938.95,938.95,927.5,932.85,932.1861973748912,52874.0,1741.0,49288413.0,9221.0,17.44,11.45,-6.1,1484265600.0
2017-01-12,934.1,939.5,925.3,932.75,932.5159976983293,92107.0,2865.0,85891251.0,13411.0,14.56,14.2,-1.35,1484179200.0
2017-01-11,927.5,939.5,922.5,934.1,932.2278636790096,82071.0,2752.0,76508873.0,28047.0,34.17,17.0,6.6,1484092800.0
2017-01-10,918.4,928.0,908.5,924.35,919.5128058809707,89373.0,3976.0,82179618.0,23210.0,25.97,19.5,5.95,1484006400.0
2017-01-09,930.0,933.85,907.0,910.3,915.9520137983427,97403.0,3506.0,89216474.0,36224.0,37.19,26.85,-19.7,1483920000.0
2017-01-06,916.0,931.4,916.0,927.7,926.6714767147673,99999.0,3832.0,92666221.0,28322.0,28.32,15.4,11.7,1483660800.0
2017-01-05,914.0,919.8,902.2,916.45,909.3796494058304,176044.0,4096.0,160090831.0,101911.0,57.89,17.6,2.45,1483574400.0
2017-01-04,902.45,914.8,900.0,906.15,906.705747796064,116723.0,4661.0,105833415.0,27948.0,23.94,14.8,3.7,1483488000.0
2017-01-03,912.8,912.8,896.05,898.55,902.843453251438,102570.0,3294.0,92604653.0,28081.0,27.38,16.75,-14.25,1483401600.0
2017-01-02,895.0,908.35,882.8,903.55,897.4889039017986,78451.0,2863.0,70408902.0,16819.0,21.44,25.55,8.55,1483315200.0
2016-12-30,884.0,894.5,883.3,891.35,890.4729384085733,92659.0,2530.0,82510332.0,34153.0,36.86,11.2,7.35,1483056000.0
2016-12-29,880.0,886.5,877.5,881.3,882.264518280131,68982.0,2352.0,60860371.0,20468.0,29.67,9.0,1.3,1482969600.0
2016-12-28,880.0,890.85,871.0,876.6,882.6122682038176,91945.0,3205.0,81151785.0,26964.0,29.33,19.85,-3.4,1482883200.0
2016-12-27,870.0,878.0,864.0,876.35,871.580528042778,65828.0,2432.0,57374403.0,18299.0,27.8,14.0,6.35,1482796800.0
2016-12-26,874.0,884.0,860.25,867.15,872.5180446679483,81132.0,3272.0,70789134.0,21080.0,25.98,23.75,-6.85,1482710400.0
2016-12-23,871.0,884.95,862.6,873.75,875.1569241130678,100966.0,3408.0,88361094.0,30556.0,30.26,22.35,2.75,1482451200.0
2016-12-22,868.0,874.0,850.1,869.55,861.2542039562128,130175.0,4733.0,112113766.0,38111.0,29.28,23.9,1.55,1482364800.0
2016-12-21,868.7,876.0,862.15,866.3,871.4071547947061,66417.0,2749.0,57876249.0,22191.0,33.41,13.85,-2.4,1482278400.0
2016-12-20,879.7,882.3,862.0,868.7,870.9464270018457,91016.0,3928.0,79270060.0,32744.0,35.98,20.3,-11.0,1482192000.0
2016-12-19,906.0,906.0,876.55,879.7,886.2039628677474,120973.0,5655.0,107206752.0,49841.0,41.2,29.45,-26.3,1482105600.0
2016-12-16,913.0,913.0,899.5,900.9,905.5786445940064,186173.0,2758.0,168594293.0,139775.0,75.08,13.5,-12.1,1481846400.0
2016-12-15,912.95,917.0,903.75,905.8,912.0822765933376,388932.0,3604.0,354737984.0,328971.0,84.58,13.25,-7.15,1481760000.0
2016-12-14,910.0,922.8,910.0,913.25,916.7308563475605,73288.0,2549.0,67185371.0,14604.0,19.93,12.8,3.25,1481673600.0
2016-12-13,920.0,920.0,895.75,908.95,903.9713073596623,97586.0,3552.0,88214944.0,19264.0,19.74,24.25,-11.05,1481587200.0
2016-12-12,934.0,936.8,908.3,910.25,918.1947575028493,86867.0,5980.0,79760824.0,44484.0,51.21,28.5,-23.75,1481500800.0
2016-12-09,937.0,954.0,936.6,941.65,943.0744675759752,83580.0,3361.0,78822164.0,16770.0,20.06,17.4,4.65,1481241600.0
2016-12-08,944.9,946.7,930.5,935.4,937.0784090521021,87847.0,3249.0,82319527.0,26224.0,29.85,16.2,-9.5,1481155200.0
2016-12-07,937.0,947.85,929.3,932.7,938.5776192276712,60829.0,2161.0,57092738.0,14566.0,23.95,18.55,-4.3,1481068800.0
2016-12-06,937.95,943.95,925.0,934.1,934.0594587578688,77045.0,2865.0,71964611.0,19186.0,24.9,18.95,-3.85,1480982400.0
2016-12-05,910.0,940.0,895.55,937.95,923.4272417580372,107438.0,4160.0,99211176.0,23834.0,22.18,44.45,27.95,1480896000.0
2016-12-02,936.6,936.6,902.2,905.55,917.7324099891356,131623.0,5568.0,120794693.0,56264.0,42.75,34.4,-31.05,1480636800.0
2016-12-01,968.0,968.0,936.5,939.05,944.5893353114703,115934.0,4361.0,109510020.0,46248.0,39.89,31.5,-28.95,1480550400.0
2016-11-30,969.0,974.05,955.05,969.85,966.4166039090904,200507.0,5215.0,193773294.0,98410.0,49.08,19.0,0.85,1480464000.0
2016-11-29,942.0,965.0,935.8,958.4,955.4854127870888,106326.0,5844.0,101592942.0,33123.0,31.15,29.2,16.4,1480377600.0
2016-11-28,950.0,967.75,936.0,938.0,947.0734967289573,95841.0,3718.0,90768471.0,22841.0,23.83,31.75,-12.0,1480291200.0
2016-11-25,946.85,953.2,940.2,945.15,946.5698031402327,79803.0,4648.0,75539110.0,27658.0,34.66,13.0,-1.7,1480032000.0
2016-11-24,939.15,966.0,931.0,937.7,951.6797421783647,175315.0,8009.0,166843734.0,43915.0,25.05,35.0,-1.45,1479945600.0
2016-11-23,915.0,947.0,912.3,942.5,933.7715128667434,109818.0,6272.0,102544920.0,36729.0,33.45,34.7,27.5,1479859200.0
2016-11-22,901.0,915.0,895.0,907.35,903.906727101552,103031.0,6364.0,93130414.0,37555.0,36.45,20.0,6.35,1479772800.0
2016-11-21,925.0,925.0,891.75,899.7,902.6471550590668,99633.0,4187.0,89933444.0,31790.0,31.91,33.25,-25.3,1479686400.0
2016-11-18,930.0,930.0,901.0,907.25,916.4677333704764,114871.0,4047.0,105275565.0,37595.0,32.73,29.0,-22.75,1479427200.0
2016-11-17,934.35,948.3,915.0,918.25,932.5187654839124,319283.0,6220.0,297737389.0,213104.0,66.74,33.3,-16.1,1479340800.0
2016-11-16,921.0,943.5,903.4,934.35,927.0301074564276,183144.0,5790.0,169780002.0,59509.0,32.49,40.1,13.35,1479254400.0
2016-11-15,970.0,975.0,871.8,892.2,894.9718758447235,425435.0,10878.0,380752360.0,203960.0,47.94,103.2,-77.8,1479168000.0
2016-11-11,1000.0,1005.0,958.55,963.6,973.4277980712347,212986.0,8523.0,207326493.0,85965.0,40.36,46.45,-36.4,1478822400.0
2016-11-10,1060.0,1060.0,1010.0,1014.5,1027.7802598053547,119705.0,5066.0,123030436.0,35916.0,30.0,50.0,-45.5,1478736000.0
2016-11-09,1025.0,1058.0,952.4,1051.3,1020.0697416240456,181054.0,10717.0,184687707.0,43558.0,24.06,105.6,26.3,1478649600.0
2016-11-08,1040.3,1059.5,1040.3,1056.5,1049.2692806509497,56287.0,2219.0,59060220.0,17807.0,31.64,19.2,16.2,1478563200.0
2016-11-07,1047.45,1060.0,1028.0,1037.65,1044.1335673549113,108537.0,4501.0,113327125.0,36465.0,33.6,32.0,-9.8,1478476800.0
2016-11-04,1039.55,1054.45,1034.6,1042.65,1043.8138674171598,103754.0,4431.0,108299864.0,26765.0,25.8,19.85,3.1,1478217600.0
2016-11-03,1060.0,1067.35,1034.0,1036.95,1046.3137590120236,88909.0,3864.0,93026710.0,34057.0,38.31,33.35,-23.05,1478131200.0
2016-11-02,1069.0,1082.35,1056.3,1062.05,1069.2934728682173,64500.0,2850.0,68969429.0,22146.0,34.33,26.05,-6.95,1478044800.0
2016-11-01,1075.0,1087.4,1072.45,1075.8,1079.531907038203,51462.0,2936.0,55554871.0,22760.0,44.23,14.95,0.8,1477958400.0
2016-10-30,1079.0,1085.0,1073.1,1075.35,1076.3623329830357,26644.0,1132.0,28678598.0,15229.0,57.16,11.9,-3.65,1477785600.0
2016-10-28,1085.0,1095.45,1067.0,1070.0,1076.0808485416287,104603.0,4167.0,112561285.0,26113.0,24.96,28.45,-15.0,1477612800.0
2016-10-27,1124.9,1131.4,1081.2,1086.35,1090.7106784252878,124391.0,8247.0,135674592.0,38500.0,30.95,50.2,-38.55,1477526400.0
2016-10-26,1159.0,1159.0,1112.8,1122.7,1123.6454507233361,104654.0,5554.0,117593991.0,34264.0,32.74,46.2,-36.3,1477440000.0
2016-10-25,1130.0,1156.9,1117.2,1140.0,1134.7021865561605,182433.0,6815.0,207007124.0,44304.0,24.29,39.7,10.0,1477353600.0
2016-10-24,1165.0,1165.45,1124.0,1127.55,1135.9430157078439,100905.0,4709.0,114622330.0,44093.0,43.7,41.45,-37.45,1477267200.0
2016-10-21,1167.2,1170.05,1144.0,1153.5,1151.855639225308,153248.0,5617.0,176519573.0,43183.0,28.18,26.05,-13.7,1477008000.0
2016-10-20,1173.0,1176.9,1164.15,1167.2,1170.434965692666,46783.0,3336.0,54756459.0,9757.0,20.86,12.75,-5.8,1476921600.0
2016-10-19,1188.5,1188.5,1164.0,1169.45,1176.5459227438,287951.0,4456.0,338787575.0,220077.0,76.43,24.5,-19.05,1476835200.0
2016-10-18,1197.9,1197.9,1166.2,1177.15,1175.284181160864,70258.0,4519.0,82573116.0,16710.0,23.78,31.7,-20.75,1476748800.0
2016-10-17,1210.0,1210.0,1180.25,1182.9,1188.0091354996935,48930.0,2474.0,58129287.0,18595.0,38.0,29.75,-27.1,1476662400.0
2016-10-14,1215.1,1220.0,1205.9,1207.85,1210.3052899485674,56579.0,1285.0,68477863.0,9720.0,17.18,14.1,-7.25,1476403200.0
2016-10-13,1226.95,1230.0,1208.25,1212.9,1214.2729965320086,53345.0,2136.0,64775393.0,12420.0,23.28,21.75,-14.05,1476316800.0
2016-10-10,1188.0,1217.6,1188.0,1211.95,1207.9762187564552,38728.0,2215.0,46782503.0,10098.0,26.07,29.6,23.95,1476057600.0
2016-10-07,1208.0,1210.0,1181.0,1185.6,1202.2367148223595,535070.0,4968.0,643280799.0,449684.0,84.04,29.0,-22.4,1475798400.0
2016-10-06,1209.0,1222.45,1200.1,1208.05,1213.9039099353847,75679.0,3215.0,91867034.0,14559.0,19.24,22.35,-0.95,1475712000.0
2016-10-05,1192.0,1222.0,1186.0,1208.85,1210.4595379596944,89516.0,3816.0,108355496.0,24990.0,27.92,36.0,16.85,1475625600.0
2016-10-04,1192.55,1200.0,1181.1,1192.3,1193.5684208577145,54004.0,2452.0,64457469.0,7738.0,14.33,18.9,-0.25,1475539200.0
2016-10-03,1175.0,1196.95,1166.0,1191.6,1184.142841450521,72829.0,2280.0,86239939.0,39371.0,54.06,30.95,16.6,1475452800.0
2016-09-30,1174.0,1180.0,1156.45,1162.1,1162.3692026455244,48686.0,2307.0,56591107.0,15798.0,32.45,23.55,-11.9,1475193600.0
2016-09-29,1196.0,1202.95,1161.1,1167.95,1178.1623001849985,90271.0,3213.0,106353889.0,29837.0,33.05,41.85,-28.05,1475107200.0
2016-09-28,1190.0,1199.2,1189.0,1194.15,1194.229840322991,27493.0,1028.0,32832961.0,6669.0,24.26,10.2,4.15,1475020800.0
2016-09-27,1180.4,1202.0,1180.4,1193.85,1193.336577172492,115501.0,4395.0,137831568.0,52804.0,45.72,21.6,13.45,1474934400.0
2016-09-26,1190.0,1190.0,1174.8,1180.4,1181.4442567418166,113063.0,2901.0,133577632.0,65703.0,58.11,15.2,-9.6,1474848000.0
2016-09-23,1195.0,1204.2,1186.0,1189.35,1191.6995638648284,327880.0,5600.0,390734453.0,231762.0,70.69,18.2,-5.65,1474588800.0
2016-09-22,1187.0,1195.35,1174.8,1192.35,1184.18221462709,141026.0,3956.0,167000481.0,71961.0,51.03,20.55,5.35,1474502400.0
2016-09-21,1166.75,1176.0,1165.35,1169.3,1171.1831088626054,43881.0,2687.0,51392686.0,9649.0,21.99,10.65,2.55,1474416000.0
2016-09-20,1165.0,1173.0,1164.0,1166.75,1168.32885321988,31026.0,1205.0,36248571.0,8064.0,25.99,9.0,1.75,1474329600.0
2016-09-19,1160.0,1171.75,1158.75,1163.45,1165.3894068830853,40970.0,2805.0,47746004.0,21231.0,51.82,13.0,3.45,1474243200.0
2016-09-16,1170.3,1180.9,1152.0,1155.95,1167.930085985684,88852.0,3580.0,103772924.0,26509.0,29.84,28.9,-14.35,1473984000.0
2016-09-15,1166.0,1175.45,1158.4,1170.3,1169.0127107811556,97791.0,4286.0,114318922.0,12371.0,12.65,17.05,4.3,1473897600.0
2016-09-14,1154.0,1179.05,1153.0,1163.0,1168.238608732424,66213.0,2663.0,77352583.0,15199.0,22.95,26.05,9.0,1473811200.0
2016-09-12,1165.0,1165.0,1137.95,1154.45,1153.4753649256313,72275.0,3558.0,83367432.0,15950.0,22.07,27.05,-10.55,1473638400.0
2016-09-09,1183.0,1183.0,1167.35,1171.6,1174.3330371107636,56264.0,2714.0,66072674.0,13373.0,23.77,15.65,-11.4,1473379200.0
2016-09-08,1178.0,1189.45,1171.0,1183.5,1178.303432060224,101222.0,4949.0,119270230.0,14551.0,14.38,18.45,5.5,1473292800.0
2016-09-07,1205.0,1207.0,1172.55,1177.7,1181.0677188853435,82429.0,6978.0,97354231.0,27639.0,33.53,34.45,-27.3,1473206400.0
2016-09-06,1170.0,1212.95,1170.0,1200.7,1191.622455495356,103360.0,4514.0,123166097.0,39421.0,38.14,42.95,30.7,1473120000.0
2016-09-02,1160.0,1170.0,1152.1,1166.05,1165.246955070633,86291.0,4198.0,100550325.0,13138.0,15.23,17.9,6.05,1472774400.0
2016-09-01,1157.1,1163.25,1142.75,1155.35,1151.7678901564684,88708.0,5147.0,102171026.0,19341.0,21.8,20.5,-1.75,1472688000.0
2016-08-31,1150.0,1172.6,1147.95,1159.25,1160.4949434586742,108770.0,4842.0,126227035.0,30566.0,28.1,24.65,9.25,1472601600.0
2016-08-30,1118.0,1150.0,1111.0,1146.8,1132.30441036119,148786.0,4840.0,168471044.0,55432.0,37.26,39.0,28.8,1472515200.0
2016-08-29,1126.0,1126.0,1105.75,1111.2,1111.0043769391502,126344.0,5075.0,140368737.0,18762.0,14.85,20.25,-14.8,1472428800.0
2016-08-26,1101.1,1127.9,1091.0,1123.15,1105.8056846871186,107341.0,4324.0,118698288.0,37190.0,34.65,36.9,22.05,1472169600.0
2016-08-25,1120.15,1126.2,1102.5,1107.3,1114.9270117442366,34485.0,2364.0,38448258.0,14554.0,42.2,23.7,-12.85,1472083200.0
2016-08-24,1124.5,1130.0,1117.0,1119.0,1121.9678197116568,60969.0,2876.0,68405256.0,6733.0,11.04,13.0,-5.5,1471996800.0
2016-08-23,1122.05,1128.5,1109.7,1124.45,1119.8578790152471,141274.0,2734.0,158206802.0,90225.0,63.87,18.8,2.4,1471910400.0
2016-08-22,1120.0,1122.0,1105.25,1113.45,1109.878927851983,77937.0,3767.0,86500634.0,14890.0,19.11,16.75,-6.55,1471824000.0
2016-08-19,1108.55,1127.0,1103.4,1115.25,1116.8239361346784,89814.0,3770.0,100306425.0,12892.0,14.35,23.6,6.7,1471564800.0
2016-08-18,1114.0,1120.0,1102.5,1108.55,1107.7070033349212,88158.0,5309.0,97653234.0,24928.0,28.28,17.5,-5.45,1471478400.0
2016-08-17,1130.0,1130.0,1109.0,1113.4,1120.0280019876711,74459.0,4183.0,83396165.0,22720.0,30.51,21.0,-16.6,1471392000.0
2016-08-16,1137.95,1147.95,1127.25,1129.3,1138.6961509471469,120731.0,5703.0,137475925.0,10837.0,8.98,20.7,-8.65,1471305600.0
2016-08-12,1133.0,1159.6,1126.75,1137.95,1142.6353500573864,128079.0,6323.0,146347593.0,23606.0,18.43,32.85,4.95,1470960000.0
2016-08-11,1130.3,1150.0,1119.25,1144.45,1128.487852119442,130105.0,6283.0,146821912.0,13226.0,10.17,30.75,14.15,1470873600.0
2016-08-10,1147.05,1147.05,1128.0,1130.3,1139.8395789108868,92332.0,3540.0,105243668.0,15534.0,16.82,19.05,-16.75,1470787200.0
2016-08-09,1149.0,1153.0,1134.3,1145.9,1141.8826417247176,66608.0,3789.0,76058519.0,14835.0,22.27,18.7,-3.1,1470700800.0
2016-08-08,1154.0,1154.0,1136.1,1149.0,1141.8638652817126,76248.0,3966.0,87064836.0,16581.0,21.75,17.9,-5.0,1470614400.0
2016-08-05,1130.0,1145.0,1129.0,1142.95,1138.0028921868734,47369.0,2414.0,53906059.0,12705.0,26.82,16.0,12.95,1470355200.0
2016-08-04,1155.0,1160.0,1117.8,1126.7,1135.4297639181475,101109.0,3738.0,114802168.0,18276.0,18.08,42.2,-28.3,1470268800.0
2016-08-03,1130.0,1147.25,1122.25,1143.4,1138.529362601706,81362.0,3237.0,92633026.0,26596.0,32.69,25.0,13.4,1470182400.0
2016-08-02,1124.0,1142.0,1119.15,1123.1,1128.5863917142724,107655.0,4724.0,121497968.0,27621.0,25.66,22.85,-0.9,1470096000.0
2016-08-01,1120.0,1134.0,1116.0,1120.35,1123.397614952651,96518.0,4813.0,108428091.0,16516.0,17.11,18.0,0.35,1470009600.0
2016-07-29,1136.0,1137.2,1102.25,1114.7,1118.5729833064893,66433.0,2780.0,74310159.0,17599.0,26.49,34.95,-21.3,1469750400.0
2016-07-28,1072.0,1152.65,1067.25,1126.95,1109.3005641607574,558706.0,16014.0,619772881.0,210416.0,37.66,85.4,54.95,1469664000.0
2016-07-27,1068.0,1075.0,1052.25,1061.8,1062.3389018771136,88114.0,4337.0,93606930.0,20864.0,23.68,22.75,-6.2,1469577600.0
2016-07-26,1074.7,1075.0,1054.75,1060.65,1062.0399348701687,35007.0,1519.0,37178832.0,10604.0,30.29,20.25,-14.05,1469491200.0
2016-07-25,1047.8,1072.0,1047.2,1068.85,1059.9476974660777,57263.0,3831.0,60695785.0,21003.0,36.68,24.8,21.05,1469404800.0
2016-07-22,1043.0,1053.2,1042.0,1045.3,1047.2871619571592,49439.0,2818.0,51776830.0,10995.0,22.24,11.2,2.3,1469145600.0
2016-07-21,1029.3,1044.0,1026.3,1040.25,1038.6297150610583,44220.0,2605.0,45928206.0,11018.0,24.92,17.7,10.95,1469059200.0
2016-07-20,1027.0,1036.45,1020.5,1029.35,1027.3966597808196,28561.0,1495.0,29343476.0,5350.0,18.73,15.95,2.35,1468972800.0
2016-07-19,1030.0,1036.95,1021.6,1027.15,1029.9781813843904,167655.0,2799.0,172680992.0,116376.0,69.41,15.35,-2.85,1468886400.0
2016-07-18,1031.0,1080.0,1023.15,1029.05,1036.28218627435,122894.0,3716.0,127352863.0,58535.0,47.63,56.85,-1.95,1468800000.0
2016-07-15,1019.05,1031.0,1019.05,1025.0,1025.2880459834994,106299.0,3125.0,108987094.0,58025.0,54.59,11.95,5.95,1468540800.0
2016-07-14,1009.5,1025.0,1009.5,1019.05,1019.3200726085696,65557.0,2929.0,66823566.0,28075.0,42.83,15.5,9.55,1468454400.0
2016-07-13,1025.0,1025.0,1006.95,1009.5,1012.0230262116307,157907.0,4212.0,159805520.0,99917.0,63.28,18.05,-15.5,1468368000.0
2016-07-12,1028.75,1037.65,1017.0,1018.65,1023.2887681862268,77325.0,3006.0,79125804.0,31018.0,40.11,20.65,-10.1,1468281600.0
2016-07-11,1013.0,1033.4,1013.0,1027.05,1027.751786565031,98653.0,4606.0,101390797.0,43080.0,43.67,20.4,14.05,1468195200.0
2016-07-08,991.0,1013.85,989.0,1010.9,1007.5728422777887,145211.0,4631.0,146310660.0,97260.0,66.98,24.85,19.9,1467936000.0
2016-07-07,986.05,997.15,985.0,987.4,991.6743665849358,46494.0,1671.0,46106908.0,14414.0,31.0,12.15,1.35,1467849600.0
2016-07-05,1001.0,1001.1,983.55,985.2,987.8021553268828,39066.0,2240.0,38589479.0,18086.0,46.3,17.55,-15.8,1467676800.0
2016-07-04,1004.25,1016.5,998.0,1001.0,1007.4441084906717,44649.0,1594.0,44981372.0,18029.0,40.38,18.5,-3.25,1467590400.0
2016-07-01,1003.55,1010.0,996.3,1002.35,1002.0091198119237,126757.0,3914.0,127011670.0,66672.0,52.6,13.7,-1.2,1467331200.0
2016-06-30,1002.0,1008.75,996.4,1003.65,1003.4031452634716,67085.0,2888.0,67313300.0,37566.0,56.0,12.35,1.65,1467244800.0
2016-06-29,983.6,998.45,981.7,992.85,992.4567917694376,90006.0,3189.0,89327066.0,39433.0,43.81,16.75,9.25,1467158400.0
2016-06-28,974.05,984.5,974.05,980.0,979.998855144564,144123.0,2926.0,141240375.0,100874.0,69.99,10.45,5.95,1467072000.0
2016-06-27,975.0,993.05,971.0,974.05,978.9894535958217,139384.0,4651.0,136455466.0,54501.0,39.1,22.05,-0.95,1466985600.0
2016-06-24,970.0,992.9,964.0,988.7,977.2588871407802,100426.0,5142.0,98142201.0,28106.0,27.99,28.9,18.7,1466726400.0
2016-06-23,984.1,990.0,980.4,983.95,984.6440683414501,62217.0,3063.0,61261600.0,27401.0,44.04,9.6,-0.15,1466640000.0
2016-06-22,983.0,988.7,978.05,985.05,984.4414259900155,32651.0,1565.0,32142997.0,6849.0,20.98,10.65,2.05,1466553600.0
2016-06-21,991.5,991.5,977.5,980.95,981.5812853671664,61321.0,3620.0,60191546.0,30866.0,50.34,14.0,-10.55,1466467200.0
2016-06-20,995.0,996.75,986.4,991.9,990.6751723763504,36838.0,2050.0,36494492.0,8959.0,24.32,10.35,-3.1,1466380800.0
2016-06-17,1010.45,1016.0,994.25,997.85,1004.3976067350287,56659.0,2779.0,56908164.0,12040.0,21.25,21.75,-12.6,1466121600.0
2016-06-16,998.4,1010.0,986.75,1006.8,1000.3162667549228,90645.0,3161.0,90673668.0,26901.0,29.68,23.25,8.4,1466035200.0
2016-06-15,986.0,1002.0,983.0,998.35,995.4100077205172,62172.0,2752.0,61886631.0,25360.0,40.79,19.0,12.35,1465948800.0
2016-06-14,998.0,999.5,979.95,985.65,984.6394450575436,50744.0,2384.0,49964544.0,18834.0,37.12,19.55,-12.35,1465862400.0
2016-06-13,991.0,996.6,983.85,994.55,990.517661225582,52318.0,2126.0,51821903.0,21702.0,41.48,12.75,3.55,1465776000.0
2016-06-10,996.95,999.25,989.15,991.7,992.9201959503592,76550.0,3048.0,76008041.0,35089.0,45.84,10.1,-5.25,1465516800.0
2016-06-09,1019.0,1019.0,996.75,999.55,1004.9664927698607,57122.0,3362.0,57405696.0,19340.0,33.86,22.25,-19.45,1465430400.0
2016-06-08,1031.5,1031.5,1011.0,1019.3,1017.9468342290863,50051.0,3031.0,50949257.0,12059.0,24.09,20.5,-12.2,1465344000.0
2016-06-07,1022.35,1037.3,1022.35,1031.95,1031.7978608399396,122104.0,4449.0,125986646.0,62100.0,50.86,14.95,9.6,1465257600.0
2016-06-06,1022.0,1031.85,1017.5,1025.1,1024.6008804428363,45886.0,2550.0,47014836.0,11890.0,25.91,14.35,3.1,1465171200.0
2016-06-03,1020.0,1031.5,1013.0,1025.6,1021.2092461972244,219182.0,4459.0,223830685.0,145956.0,66.59,18.5,5.6,1464912000.0
2016-06-02,1010.0,1023.85,1002.0,1021.35,1016.9886295238408,91377.0,4666.0,92929370.0,20155.0,22.06,21.85,11.35,1464825600.0
2016-06-01,990.0,1022.45,989.0,1018.95,1013.6057937047017,133973.0,6327.0,135795809.0,30396.0,22.69,33.45,28.95,1464739200.0
2016-05-31,985.0,995.5,981.5,984.1,985.9856570540896,85617.0,1943.0,84417134.0,49488.0,57.8,14.0,-0.9,1464652800.0
2016-05-30,990.0,1003.85,979.0,985.05,987.8879665756633,90473.0,3659.0,89377188.0,32757.0,36.21,24.85,-4.95,1464566400.0
2016-05-27,990.0,1001.15,987.3,998.05,996.5552276214232,85383.0,3641.0,85088875.0,24350.0,28.52,13.85,8.05,1464307200.0
2016-05-26,985.0,998.95,973.8,991.5,982.5055292125315,118100.0,3330.0,116033903.0,66408.0,56.23,25.15,6.5,1464220800.0
2016-05-25,962.0,985.0,962.0,982.45,974.6828152946292,103435.0,5339.0,100816317.0,50531.0,48.85,23.0,20.45,1464134400.0
2016-05-24,946.7,962.0,942.0,956.25,949.7034213830935,45391.0,2196.0,43107988.0,15551.0,34.26,20.0,9.55,1464048000.0
2016-05-23,955.0,961.0,943.55,947.15,950.1466448324716,54349.0,1928.0,51639520.0,20813.0,38.3,17.45,-7.85,1463961600.0
2016-05-20,957.05,963.0,950.6,956.15,956.5670869614385,70744.0,2700.0,67671382.0,39037.0,55.18,12.4,-0.9,1463702400.0
2016-05-19,965.0,966.0,952.35,956.95,957.1642119565216,73600.0,2366.0,70447286.0,27811.0,37.79,13.65,-8.05,1463616000.0
2016-05-18,966.15,972.0,952.8,964.0,959.4906410550084,61118.0,3172.0,58642149.0,12997.0,21.27,19.2,-2.15,1463529600.0
2016-05-17,951.0,974.0,951.0,969.9,964.9104093944452,105424.0,3612.0,101724715.0,41183.0,39.06,23.0,18.9,1463443200.0
2016-05-16,945.05,957.0,944.55,951.6,951.6326708507672,68832.0,3058.0,65502780.0,15223.0,22.12,12.45,6.55,1463356800.0
2016-05-13,927.0,948.0,927.0,942.5,938.7413633235388,242657.0,5120.0,227792163.0,115569.0,47.63,21.0,15.5,1463097600.0
2016-05-12,920.0,931.5,915.0,926.75,924.7729527760524,511986.0,8243.0,473470805.0,345725.0,67.53,16.5,6.75,1463011200.0
2016-05-11,895.9,919.6,886.55,907.4,905.2762870976984,205909.0,7785.0,186404535.0,31121.0,15.11,33.05,11.5,1462924800.0
2016-05-10,901.1,908.5,893.75,898.65,901.5202447545386,49519.0,2311.0,44642381.0,14871.0,30.03,14.75,-2.45,1462838400.0
2016-05-09,889.4,913.4,889.4,906.15,906.0490214305028,118336.0,6411.0,107218217.0,42154.0,35.62,24.0,16.75,1462752000.0
2016-05-06,864.9,890.0,861.95,888.4,880.5126784930409,77454.0,2911.0,68199229.0,28518.0,36.82,28.05,23.5,1462492800.0
2016-05-05,872.0,874.45,863.0,868.35,869.3370478190321,41908.0,1752.0,36432177.0,9924.0,23.68,11.45,-3.65,1462406400.0
2016-05-04,875.0,879.6,865.55,873.15,873.1943679351299,45383.0,1981.0,39628180.0,7468.0,16.46,14.05,-1.85,1462320000.0
2016-05-03,874.9,886.0,867.6,871.55,876.6951980362576,78218.0,4046.0,68573345.0,12043.0,15.4,18.4,-3.35,1462233600.0
2016-05-02,866.0,867.55,861.0,862.75,863.3488241224883,42649.0,2263.0,36820964.0,16053.0,37.64,6.55,-3.25,1462147200.0
2016-04-29,878.6,878.6,862.65,868.1,868.3007731472751,53030.0,3166.0,46045990.0,10586.0,19.96,15.95,-10.5,1461888000.0
2016-04-28,889.5,894.0,870.0,874.05,881.1416614931827,43491.0,2368.0,38321732.0,8462.0,19.46,24.0,-15.45,1461801600.0
2016-04-27,876.9,890.75,872.55,889.6,885.1232033962332,55591.0,2562.0,49204884.0,20293.0,36.5,18.2,12.7,1461715200.0
2016-04-26,863.0,879.75,858.1,876.9,873.9950460169975,45418.0,2338.0,39695107.0,16590.0,36.53,21.65,13.9,1461628800.0
2016-04-25,881.0,881.0,857.5,862.75,861.5953443790222,36515.0,2836.0,31461154.0,9214.0,25.23,23.5,-18.25,1461542400.0
2016-04-22,887.95,892.95,869.6,871.6,876.3460146265793,40611.0,2900.0,35589288.0,11763.0,28.97,23.35,-16.35,1461283200.0
2016-04-21,885.55,894.6,882.1,887.95,891.2450638538987,45886.0,2882.0,40895671.0,15534.0,33.85,12.5,2.4,1461196800.0
2016-04-20,884.3,887.25,875.3,885.55,882.3313968968605,41313.0,2007.0,36451757.0,12325.0,29.83,11.95,1.25,1461110400.0
2016-04-18,878.0,886.1,874.35,884.05,881.2839106082463,53383.0,3502.0,47045579.0,17444.0,32.68,11.75,6.05,1460937600.0
2016-04-13,869.0,875.6,867.25,873.1,871.5872408983793,41586.0,2298.0,36245827.0,13947.0,33.54,8.35,4.1,1460505600.0
2016-04-12,862.0,869.2,859.6,865.4,864.9922423609793,42152.0,1927.0,36461153.0,12249.0,29.06,9.6,3.4,1460419200.0
2016-04-11,852.0,861.9,843.05,859.8,853.3451668584581,52140.0,2663.0,44493417.0,8125.0,15.58,18.85,7.8,1460332800.0
2016-04-08,857.0,861.75,850.0,852.25,853.6482314746254,35114.0,3735.0,29975004.0,9565.0,27.24,11.75,-4.75,1460073600.0
2016-04-07,868.95,869.0,854.5,856.95,858.7480678066147,54213.0,2575.0,46555309.0,27196.0,50.17,14.5,-12.0,1459987200.0
2016-04-06,872.0,874.85,861.0,864.4,866.4523323527646,33314.0,2162.0,28864993.0,8755.0,26.28,13.85,-7.6,1459900800.0
2016-04-05,885.0,885.0,862.55,869.25,872.8734843967403,50310.0,2791.0,43914265.0,12106.0,24.06,22.45,-15.75,1459814400.0
2016-04-04,875.0,888.0,865.95,885.6,877.8413378058405,50680.0,2842.0,44488999.0,15357.0,30.3,22.05,10.6,1459728000.0
2016-04-01,860.0,883.7,860.0,869.95,874.2761172191797,47842.0,2564.0,41827118.0,12857.0,26.87,23.7,9.95,1459468800.0
2016-03-31,880.0,880.0,865.0,868.7,871.1461171059615,39571.0,2282.0,34472123.0,13523.0,34.17,15.0,-11.3,1459382400.0
2016-03-30,863.9,884.0,862.0,881.4,872.9502951505642,66915.0,3347.0,58413469.0,23584.0,35.24,22.0,17.5,1459296000.0
2016-03-29,837.0,859.2,837.0,854.05,852.3931506611298,57553.0,3085.0,49057783.0,20404.0,35.45,22.2,17.05,1459209600.0
2016-03-28,853.75,857.2,842.2,845.35,848.0718767544004,60562.0,2912.0,51360929.0,27073.0,44.7,15.0,-8.4,1459123200.0
2016-03-23,854.0,857.55,846.5,850.0,850.8983210050487,42585.0,3244.0,36235505.0,14963.0,35.14,11.05,-4.0,1458691200.0
2016-03-22,860.1,860.8,846.3,854.0,852.5199001541397,86934.0,4152.0,74112965.0,29079.0,33.45,14.5,-6.1,1458604800.0
2016-03-21,875.05,875.05,852.5,859.55,857.5390477096512,105115.0,4976.0,90140217.0,34198.0,32.53,22.55,-15.5,1458518400.0
2016-03-18,867.6,878.0,861.25,874.9,870.8296232333107,78749.0,3005.0,68576962.0,34875.0,44.29,16.75,7.3,1458259200.0
2016-03-17,871.0,875.95,865.2,870.75,870.7392745602979,36502.0,2254.0,31783725.0,8860.0,24.27,10.75,-0.25,1458172800.0
2016-03-16,879.9,881.15,863.75,866.85,868.1422476029786,61639.0,3933.0,53511420.0,15211.0,24.68,17.4,-13.05,1458086400.0
2016-03-15,905.0,906.75,877.5,886.1,889.4934075497102,60903.0,3568.0,54172817.0,9965.0,16.36,29.25,-18.9,1458000000.0
2016-03-14,900.0,901.95,888.5,897.3,896.3790140671779,48766.0,3106.0,43712819.0,12717.0,26.08,13.45,-2.7,1457913600.0
2016-03-11,899.8,903.1,893.75,896.15,898.1447243241663,68323.0,3341.0,61363942.0,20461.0,29.95,9.35,-3.65,1457654400.0
2016-03-10,874.0,894.0,871.0,893.15,877.7105282364622,726171.0,4815.0,637367932.0,654779.0,90.17,23.0,19.15,1457568000.0
2016-03-09,870.5,888.75,870.5,877.0,883.1713669164445,101023.0,3525.0,89220621.0,38248.0,37.86,18.25,6.5,1457481600.0
2016-03-08,870.0,878.95,859.25,872.9,869.6419653577158,119103.0,4856.0,103576967.0,47994.0,40.3,19.7,2.9,1457395200.0
2016-03-04,884.0,890.0,860.65,867.1,870.6718458856766,99822.0,6059.0,86912205.0,20855.0,20.89,29.35,-16.9,1457049600.0
2016-03-03,875.0,896.0,872.5,880.1,884.8855490566867,90956.0,4822.0,80485650.0,18556.0,20.4,23.5,5.1,1456963200.0
2016-03-02,872.25,881.0,867.0,871.8,874.4437298671941,88475.0,5615.0,77366409.0,27063.0,30.59,14.0,-0.45,1456876800.0
2016-03-01,856.0,874.0,849.25,872.25,863.8436250555309,49522.0,2816.0,42779264.0,14906.0,30.1,24.75,16.25,1456790400.0
2016-02-29,866.0,868.1,843.95,848.55,854.8800246547502,60029.0,3935.0,51317593.0,12067.0,20.1,24.15,-17.45,1456704000.0
2016-02-26,863.0,873.0,854.3,860.9,862.0148614837367,33173.0,1796.0,28595619.0,3545.0,10.69,18.7,-2.1,1456444800.0
2016-02-25,874.0,884.25,858.5,862.65,871.0023501384328,62124.0,3459.0,54110150.0,13880.0,22.34,25.75,-11.35,1456358400.0
2016-02-24,875.0,885.0,874.8,879.0,879.8983224682477,71176.0,3740.0,62627643.0,19112.0,26.85,10.2,4.0,1456272000.0
2016-02-23,870.85,877.5,865.05,874.5,872.9684079425673,98759.0,4331.0,86213487.0,33594.0,34.02,12.45,3.65,1456185600.0
2016-02-22,854.15,872.2,854.15,868.95,866.0783664988412,62565.0,2994.0,54186193.0,23305.0,37.25,18.05,14.8,1456099200.0
2016-02-19,835.9,856.95,829.9,854.1,845.1229707535847,63324.0,4738.0,53516567.0,19032.0,30.05,27.05,18.2,1455840000.0
2016-02-18,856.0,862.55,831.0,835.95,855.7232347942627,247719.0,3899.0,211978904.0,195611.0,78.96,31.55,-20.05,1455753600.0
2016-02-17,841.0,857.4,827.2,853.8,840.1590889158949,79817.0,4907.0,67058978.0,22021.0,27.59,30.2,12.8,1455667200.0
2016-02-16,858.0,862.0,835.65,841.0,845.1008004183675,68839.0,4023.0,58175894.0,18811.0,27.33,26.35,-17.0,1455580800.0
2016-02-15,865.0,872.65,852.0,857.75,859.3764581665844,58721.0,3064.0,50463445.0,17910.0,30.5,20.65,-7.25,1455494400.0
2016-02-12,855.0,873.25,846.75,856.15,857.0094631841449,76190.0,3180.0,65295551.0,16206.0,21.27,26.5,1.15,1455235200.0
2016-02-11,878.5,878.5,851.1,855.3,861.1560714433946,72281.0,4210.0,62245222.0,26900.0,37.22,27.4,-23.2,1455148800.0
2016-02-10,880.1,888.0,867.5,876.95,875.9459621435349,40046.0,1716.0,35078132.0,6742.0,16.84,20.5,-3.15,1455062400.0
2016-02-09,885.0,893.4,879.0,884.2,885.585769362159,61473.0,2084.0,54439614.0,26147.0,42.53,14.4,-0.8,1454976000.0
2016-02-08,899.25,907.85,885.0,887.2,895.6634731857727,72648.0,3585.0,65068160.0,27558.0,37.93,22.85,-12.05,1454889600.0
2016-02-05,890.0,903.0,888.0,897.15,896.5060083858856,88959.0,4260.0,79752278.0,23146.0,26.02,15.0,7.15,1454630400.0
2016-02-04,884.0,893.5,866.55,888.7,885.7509611277229,110027.0,4317.0,97456521.0,25949.0,23.58,26.95,4.7,1454544000.0
2016-02-03,875.0,883.35,858.65,863.4,872.4726022234784,53070.0,2345.0,46302121.0,15831.0,29.83,24.7,-11.6,1454457600.0
2016-02-02,887.4,894.7,877.0,880.7,883.9499643027133,50424.0,2616.0,44572293.0,9948.0,19.73,17.7,-6.7,1454371200.0
2016-02-01,873.55,890.0,872.45,887.25,885.1925069380203,54050.0,3166.0,47844655.0,18180.0,33.64,17.55,13.7,1454284800.0
2016-01-29,861.0,874.35,861.0,868.85,868.2746535306874,42428.0,1941.0,36839157.0,15621.0,36.82,13.35,7.85,1454025600.0
2016-01-28,857.0,864.9,852.65,859.65,859.1775326870053,44972.0,2008.0,38638932.0,11871.0,26.4,12.25,2.65,1453939200.0
2016-01-27,880.0,881.9,855.5,858.7,862.146241692013,142032.0,3039.0,122452355.0,99167.0,69.82,26.4,-21.3,1453852800.0
2016-01-25,872.55,881.95,868.45,877.4,877.3891872654332,61816.0,3423.0,54236690.0,21316.0,34.48,13.5,4.85,1453680000.0
2016-01-22,851.05,873.1,849.75,869.5,862.2920102691769,102832.0,4204.0,88671212.0,29842.0,29.02,23.35,18.45,1453420800.0
2016-01-21,854.0,855.9,841.55,843.9,848.6083830983088,79708.0,3216.0,67640877.0,13502.0,16.94,14.35,-10.1,1453334400.0
2016-01-20,839.0,855.8,830.0,839.35,842.3928521535257,164637.0,6625.0,138689032.0,46611.0,28.31,25.8,0.35,1453248000.0
2016-01-19,870.9,871.0,825.0,845.2,843.8376449523938,239044.0,9113.0,201714326.0,40481.0,16.93,46.0,-25.7,1453161600.0
2016-01-18,882.0,892.75,841.1,850.6,867.8060978070148,163567.0,6566.0,141944440.0,26889.0,16.44,51.65,-31.4,1453075200.0
2016-01-15,896.0,898.0,875.0,879.5,884.6018975927233,89271.0,4232.0,78969296.0,18710.0,20.96,23.0,-16.5,1452816000.0
2016-01-14,865.0,897.25,851.25,890.2,877.222694496553,126339.0,4591.0,110827438.0,34369.0,27.2,46.0,25.2,1452729600.0
2016-01-13,878.0,883.0,849.75,869.4,867.3993400712611,72129.0,2663.0,62564647.0,12745.0,17.67,33.25,-8.6,1452643200.0
2016-01-12,877.5,885.05,870.55,873.15,874.4617471033932,33919.0,1579.0,29660868.0,6788.0,20.01,14.5,-4.35,1452556800.0
2016-01-11,875.0,883.5,862.1,873.75,873.8007685306906,49445.0,2065.0,43205079.0,9393.0,19.0,21.4,-1.25,1452470400.0
2016-01-08,875.1,882.6,867.05,875.2,875.1209617166252,66922.0,3099.0,58564845.0,15976.0,23.87,15.55,0.1,1452211200.0
2016-01-07,885.0,891.1,868.0,871.55,880.5494101469203,69085.0,2490.0,60832756.0,17291.0,25.03,23.1,-13.45,1452124800.0
2016-01-06,906.0,912.0,883.95,886.55,896.9917170479665,187735.0,7265.0,168396740.0,84752.0,45.14,28.05,-19.45,1452038400.0
2016-01-05,881.0,905.0,881.0,900.85,899.1203531201393,117014.0,4258.0,105209669.0,34760.0,29.71,24.0,19.85,1451952000.0
2016-01-04,880.0,891.8,871.95,880.65,880.6246586031994,56386.0,3335.0,49654902.0,13051.0,23.15,19.85,0.65,1451865600.0
2016-01-01,882.95,885.5,878.5,880.15,881.0119122978651,17377.0,795.0,15309344.0,4012.0,23.09,7.0,-2.8,1451606400.0
2015-12-31,876.45,886.0,875.45,883.85,880.7471820578947,34511.0,1218.0,30395466.0,9773.0,28.32,10.55,7.4,1451520000.0
2015-12-30,882.0,882.0,874.7,877.1,877.4417563371127,27694.0,1264.0,24299872.0,7662.0,27.67,7.3,-4.9,1451433600.0
2015-12-29,883.7,884.8,878.5,879.85,880.9374523264684,28842.0,983.0,25407998.0,10459.0,36.26,6.3,-3.85,1451347200.0
2015-12-28,880.0,885.8,875.05,880.0,880.0595278532608,35328.0,1437.0,31090743.0,8572.0,24.26,10.75,0.0,1451260800.0
2015-12-24,880.0,883.4,874.0,881.9,879.4511649392267,34637.0,1100.0,30461550.0,9323.0,26.92,9.4,1.9,1450915200.0
2015-12-23,880.0,882.5,874.2,878.1,877.8327108963092,36416.0,1458.0,31967156.0,9456.0,25.97,8.3,-1.9,1450828800.0
2015-12-22,875.0,885.7,873.6,879.7,879.4261993428257,68475.0,2579.0,60218709.0,17412.0,25.43,12.1,4.7,1450742400.0
2015-12-21,880.0,883.5,867.1,875.05,875.0548499016478,101167.0,4028.0,88526674.0,28537.0,28.21,16.4,-4.95,1450656000.0
2015-12-18,875.0,888.0,867.75,880.9,878.5156827062035,112098.0,3960.0,98479851.0,26936.0,24.03,20.25,5.9,1450396800.0
2015-12-17,870.2,877.9,863.5,875.45,872.0472590350328,135445.0,3673.0,118114441.0,30736.0,22.69,14.4,5.25,1450310400.0
2015-12-16,879.0,883.45,859.9,867.1,868.1491270158605,75030.0,3558.0,65137229.0,13524.0,18.02,23.55,-11.9,1450224000.0
2015-12-15,876.0,878.6,866.0,876.3,873.9329730662613,92709.0,3298.0,81021452.0,20500.0,22.11,12.6,0.3,1450137600.0
2015-12-14,855.0,877.0,853.45,874.2,868.7616922079822,95662.0,3615.0,83107481.0,24647.0,25.76,23.55,19.2,1450051200.0
2015-12-11,861.2,862.9,846.95,856.4,854.1963050943132,85036.0,2608.0,72637437.0,33515.0,39.41,15.95,-4.8,1449792000.0
2015-12-10,842.0,860.0,842.0,858.95,852.0135129932628,51950.0,1868.0,44262102.0,11486.0,22.11,18.0,16.95,1449705600.0
2015-12-09,860.0,864.75,837.0,840.25,847.7845912551164,52282.0,1845.0,44323874.0,,,27.75,-19.75,1449619200.0
2015-12-08,871.0,878.0,857.2,860.45,868.1368075442407,95331.0,2975.0,82760350.0,17395.0,18.25,20.8,-10.55,1449532800.0
2015-12-07,843.8,875.0,843.8,870.9,863.4637231753243,133832.0,5728.0,115559077.0,43072.0,32.18,31.2,27.1,1449446400.0
2015-12-04,842.0,842.0,830.0,836.1,834.9848342831433,53344.0,1727.0,44541431.0,9402.0,17.63,12.0,-5.9,1449187200.0
2015-12-03,848.0,848.95,838.95,842.65,842.9611999570677,55902.0,1721.0,47123217.0,16089.0,28.78,10.0,-5.35,1449100800.0
2015-12-02,844.6,866.95,844.6,848.95,857.0004407409958,72605.0,3045.0,62222517.0,13951.0,19.21,22.35,4.35,1449014400.0
2015-12-01,840.0,848.9,832.5,843.85,838.2144759734563,64949.0,2416.0,54441192.0,12031.0,18.52,16.4,3.85,1448928000.0
2015-11-30,860.0,860.0,836.1,840.45,845.6913322457857,45975.0,2042.0,38880659.0,11577.0,25.18,23.9,-19.55,1448841600.0
2015-11-27,865.0,865.0,852.35,857.7,857.6166443265922,34318.0,1469.0,29431688.0,6913.0,20.14,12.65,-7.3,1448582400.0
2015-11-26,858.0,865.0,851.8,861.7,857.9403292181073,51516.0,1849.0,44197654.0,17020.0,33.04,13.2,3.7,1448496000.0
2015-11-24,851.0,862.0,846.0,856.5,855.7474292401082,68365.0,2824.0,58503173.0,19274.0,28.19,16.0,5.5,1448323200.0
2015-11-23,837.0,853.0,836.2,850.75,846.6863597983777,117249.0,5230.0,99273129.0,38356.0,32.71,16.8,13.75,1448236800.0
2015-11-20,823.0,831.0,818.8,826.85,827.2494428210588,40382.0,1663.0,33405987.0,9271.0,22.96,12.2,3.85,1447977600.0
2015-11-19,825.0,833.0,819.5,822.9,828.4229825418905,398955.0,2565.0,330503491.0,342495.0,85.85,13.5,-2.1,1447891200.0
2015-11-18,809.0,824.4,807.75,819.65,819.2728524664183,88590.0,3097.0,72579382.0,22170.0,25.03,16.65,10.65,1447804800.0
2015-11-17,805.0,814.0,800.5,807.0,806.733268775554,46470.0,1666.0,37488895.0,9603.0,20.66,13.5,2.0,1447718400.0
2015-11-16,801.25,809.65,795.0,801.85,804.7325373025162,54688.0,2105.0,44009213.0,14773.0,27.01,14.65,0.6,1447632000.0
2015-11-13,804.5,806.25,793.0,800.15,799.4678200692042,49130.0,1778.0,39277854.0,14130.0,28.76,13.25,-4.35,1447372800.0
2015-11-11,803.4,807.35,803.0,805.9,805.5235643774547,18842.0,853.0,15177675.0,9377.0,49.77,4.35,2.5,1447200000.0
2015-11-10,815.4,815.5,796.1,798.25,802.9255861487088,84151.0,2973.0,67566991.0,22357.0,26.57,19.4,-17.15,1447113600.0
2015-11-09,797.0,817.5,785.0,815.4,803.7954939838518,69729.0,2817.0,56047856.0,15558.0,22.31,32.5,18.4,1447027200.0
2015-11-06,807.0,816.0,801.0,802.2,808.306799701112,68253.0,2664.0,55169364.0,22959.0,33.64,15.0,-4.8,1446768000.0
2015-11-05,810.0,810.95,797.1,806.55,804.2612995675807,138523.0,3401.0,111408688.0,27635.0,19.95,13.85,-3.45,1446681600.0
2015-11-04,816.0,822.0,802.5,803.75,806.8336067607257,124957.0,3977.0,100819507.0,29063.0,23.26,19.5,-12.25,1446595200.0
2015-11-03,831.0,833.0,812.9,815.5,817.968264175209,79311.0,3281.0,64873881.0,20783.0,26.2,20.1,-15.5,1446508800.0
2015-11-02,828.0,836.9,825.5,830.6,831.3527355651507,53499.0,1890.0,44476540.0,19037.0,35.58,11.4,2.6,1446422400.0
2015-10-30,831.8,839.0,825.35,828.7,832.6181608754079,62508.0,2444.0,52045296.0,16243.0,25.99,13.65,-3.1,1446163200.0
2015-10-29,828.35,834.5,820.0,829.75,829.0645850497827,71611.0,3028.0,59370144.0,11869.0,16.57,14.5,1.4,1446076800.0
2015-10-28,825.0,837.75,823.75,827.35,830.4423079291953,81181.0,3090.0,67416137.0,17722.0,21.83,14.0,2.35,1445990400.0
2015-10-27,816.1,832.0,816.1,827.85,823.7631586606324,412314.0,3975.0,339649083.0,321546.0,77.99,15.9,11.75,1445904000.0
2015-10-26,834.0,844.05,812.5,816.95,820.9033403960045,350198.0,11713.0,287478708.0,104552.0,29.86,31.55,-17.05,1445817600.0
2015-10-23,865.0,866.75,850.5,856.75,857.6417374469148,224168.0,7674.0,192255833.0,51490.0,22.97,16.25,-8.25,1445558400.0
2015-10-21,875.0,880.0,848.4,855.95,855.6699462272333,144125.0,4445.0,123323431.0,57020.0,39.56,31.6,-19.05,1445385600.0
2015-10-20,873.0,887.4,872.45,874.65,878.9259717868338,63800.0,3216.0,56075477.0,16563.0,25.96,14.95,1.65,1445299200.0
2015-10-19,885.0,892.0,868.55,879.05,877.8232187584875,66274.0,2730.0,58176856.0,13252.0,20.0,23.45,-5.95,1445212800.0
2015-10-16,869.5,884.0,865.95,882.2,877.0834714167357,67592.0,3338.0,59283826.0,17124.0,25.33,18.05,12.7,1444953600.0
2015-10-15,865.05,877.5,865.05,869.35,871.776010154432,70905.0,2647.0,61813278.0,22927.0,32.33,12.45,4.3,1444867200.0
2015-10-14,865.3,869.15,859.6,862.6,864.1326174659508,32967.0,1302.0,28487860.0,7532.0,22.85,9.55,-2.7,1444780800.0
2015-10-13,863.0,867.5,858.0,865.65,862.93640466661,58715.0,2121.0,50667311.0,10914.0,18.59,9.5,2.65,1444694400.0
2015-10-12,858.0,864.0,846.0,859.05,853.807109239834,82653.0,2557.0,70569719.0,23453.0,28.38,18.0,1.05,1444608000.0
2015-10-09,881.0,883.45,846.1,853.65,858.7369683712891,113378.0,3498.0,97361880.0,28989.0,25.57,37.35,-27.35,1444348800.0
2015-10-08,870.0,880.0,861.0,875.05,870.2880224124036,104228.0,3672.0,90708380.0,28314.0,27.17,19.0,5.05,1444262400.0
2015-10-07,860.5,867.75,852.2,865.7,861.7399480675122,100130.0,3174.0,86286021.0,21202.0,21.17,15.55,5.2,1444176000.0
2015-10-06,860.0,864.3,849.9,853.05,858.5234729067292,75683.0,2424.0,64975632.0,19300.0,25.5,14.4,-6.95,1444089600.0
2015-10-05,840.0,856.75,840.0,855.0,850.5092969113766,96645.0,3286.0,82197471.0,23710.0,24.53,16.75,15.0,1444003200.0
2015-10-01,846.0,848.45,834.6,838.85,840.9639109367102,67278.0,2236.0,56578370.0,13212.0,19.64,13.85,-7.15,1443657600.0
2015-09-30,805.0,844.9,805.0,841.1,827.879045964422,158862.0,4575.0,131518521.0,51839.0,32.63,39.9,36.1,1443571200.0
2015-09-29,808.0,809.45,785.0,805.25,798.956806349661,97769.0,3199.0,78113208.0,15354.0,15.7,24.45,-2.75,1443484800.0
2015-09-28,809.0,811.7,792.3,797.0,802.1674970435997,103166.0,3231.0,82756412.0,27978.0,27.12,19.4,-12.0,1443398400.0
2015-09-24,795.0,814.0,786.0,806.05,800.8949048128343,116875.0,4186.0,93604592.0,24446.0,20.92,28.0,11.05,1443052800.0
2015-09-23,798.0,804.0,786.25,794.05,795.9382879537584,223522.0,5872.0,177909718.0,80644.0,36.08,17.75,-3.95,1442966400.0
2015-09-22,830.0,839.5,800.0,804.0,814.9688928879666,108914.0,4316.0,88761522.0,37584.0,34.51,39.5,-26.0,1442880000.0
2015-09-21,841.3,841.3,825.0,829.6,830.1754642656161,62195.0,2492.0,51632763.0,15614.0,25.1,16.3,-11.7,1442793600.0
2015-09-18,825.0,847.9,825.0,841.3,840.5090992858787,95502.0,3001.0,80270300.0,18921.0,19.81,22.9,16.3,1442534400.0
2015-09-16,836.0,840.0,820.25,824.7,827.702395201874,77697.0,2550.0,64309993.0,26573.0,34.2,19.75,-11.3,1442361600.0
2015-09-15,843.0,848.25,824.15,829.45,833.8728232614847,86942.0,2298.0,72498571.0,24276.0,27.92,24.1,-13.55,1442275200.0
2015-09-14,820.8,841.0,819.05,838.95,832.0297190095627,101854.0,3917.0,84745555.0,25726.0,25.26,21.95,18.15,1442188800.0
2015-09-11,814.9,824.65,810.8,814.5,817.8185638729782,91134.0,2918.0,74531077.0,25608.0,28.1,13.85,-0.4,1441929600.0
2015-09-10,818.0,818.0,801.25,807.75,807.6431911550328,105642.0,3652.0,85321042.0,21691.0,20.53,16.75,-10.25,1441843200.0
2015-09-09,800.0,822.0,796.6,820.55,810.7638419826927,116367.0,3890.0,94346156.0,23803.0,20.46,25.4,20.55,1441756800.0
2015-09-08,791.0,800.0,778.75,792.7,790.7603208624578,125038.0,4029.0,98875089.0,16600.0,13.28,21.25,1.7,1441670400.0
2015-09-07,816.0,819.95,784.25,789.5,802.3949085909802,129473.0,5260.0,103888476.0,33744.0,26.06,35.7,-26.5,1441584000.0
2015-09-04,826.6,827.0,792.4,812.5,805.1715116279069,135192.0,5394.0,108852747.0,35910.0,26.56,34.6,-14.1,1441324800.0
2015-09-03,812.0,832.25,806.9,826.15,822.0268085348074,105638.0,3068.0,86837268.0,40945.0,38.76,25.35,14.15,1441238400.0
2015-09-02,825.0,830.9,799.35,806.25,811.7246899712102,134423.0,3886.0,109114468.0,40225.0,29.92,31.55,-18.75,1441152000.0
2015-09-01,847.0,847.0,803.0,816.0,818.9711736581385,301391.0,4718.0,246830541.0,217445.0,72.15,44.0,-31.0,1441065600.0
2015-08-31,856.5,862.75,845.15,848.6,853.9344454041603,55572.0,2269.0,47454845.0,9451.0,17.01,17.6,-7.9,1440979200.0
2015-08-28,856.1,874.2,850.35,856.3,862.8987131099086,109955.0,3755.0,94880028.0,25284.0,22.99,23.85,0.2,1440720000.0
2015-08-27,870.0,871.0,851.25,854.85,857.9604526648819,73962.0,2731.0,63456471.0,18594.0,25.14,19.75,-15.15,1440633600.0
2015-08-26,852.15,868.0,848.1,854.15,856.9304026708937,112921.0,3862.0,96765438.0,25788.0,22.84,19.9,2.0,1440547200.0
2015-08-25,840.0,864.4,812.75,851.85,844.1200807036632,176448.0,6225.0,148943300.0,36815.0,20.86,51.65,11.85,1440460800.0
2015-08-24,869.0,877.0,826.1,838.8,852.7941023134572,153450.0,5938.0,130861255.0,43452.0,28.32,50.9,-30.2,1440374400.0
2015-08-21,879.45,891.0,865.0,886.55,874.788080142596,88642.0,2746.0,77542965.0,21410.0,24.15,26.0,7.1,1440115200.0
2015-08-20,905.0,914.0,880.0,883.45,898.5864676826434,113979.0,3658.0,102419987.0,25714.0,22.56,34.0,-21.55,1440028800.0
2015-08-19,900.0,902.25,882.25,899.25,893.6876663043885,80049.0,2396.0,71538804.0,14063.0,17.57,20.0,-0.75,1439942400.0
2015-08-18,903.0,915.0,892.65,901.25,904.3562670483699,74054.0,2395.0,66971199.0,12586.0,17.0,22.35,-1.75,1439856000.0
2015-08-17,896.0,907.9,895.0,900.05,901.052363718616,61894.0,2187.0,55769735.0,14323.0,23.14,12.9,4.05,1439769600.0
2015-08-14,880.0,899.5,880.0,895.45,894.1766312716755,74681.0,2554.0,66778005.0,21271.0,28.48,19.5,15.45,1439510400.0
2015-08-13,875.0,886.95,862.5,874.1,875.4717794875412,141670.0,4833.0,124028087.0,29161.0,20.58,24.45,-0.9,1439424000.0
2015-08-12,885.0,893.45,867.15,871.0,881.1728431783459,73963.0,2878.0,65174187.0,11823.0,15.99,26.3,-14.0,1439337600.0
2015-08-11,902.15,904.9,881.7,885.3,889.2914180335243,66698.0,3111.0,59313959.0,14577.0,21.86,23.2,-16.85,1439251200.0
2015-08-10,907.9,916.75,896.4,900.95,906.2697555156384,72929.0,2899.0,66093347.0,13090.0,17.95,20.35,-6.95,1439164800.0
2015-08-07,916.0,924.45,896.35,899.65,907.836392546584,100625.0,3078.0,91351037.0,24397.0,24.25,28.1,-16.35,1438905600.0
2015-08-06,920.0,924.0,910.0,914.45,915.8985470913336,87755.0,3187.0,80374677.0,11986.0,13.66,14.0,-5.55,1438819200.0
2015-08-05,905.0,924.65,886.05,921.45,908.1778209985497,177898.0,6286.0,161563018.0,30119.0,16.93,38.6,16.45,1438732800.0
2015-08-04,882.2,907.8,879.1,904.75,898.1710893291505,235567.0,9070.0,211579469.0,65436.0,27.78,28.7,22.55,1438646400.0
2015-08-03,884.0,887.45,875.15,877.05,881.3012989674874,78062.0,2549.0,68796142.0,16967.0,21.74,12.3,-6.95,1438560000.0
2015-07-31,857.55,884.8,855.2,881.45,862.5657090359679,903445.0,6700.0,779280677.0,770862.0,85.32,29.6,23.9,1438300800.0
2015-07-30,851.7,865.5,847.55,857.25,858.1953202567371,127913.0,4317.0,109774338.0,36232.0,28.33,17.95,5.55,1438214400.0
2015-07-29,836.5,851.0,826.65,846.55,838.9267018911032,98038.0,3342.0,82246696.0,16506.0,16.84,24.35,10.05,1438128000.0
2015-07-28,853.0,858.25,826.0,835.05,842.7439450686643,104130.0,4452.0,87754927.0,25564.0,24.55,32.25,-17.95,1438041600.0
2015-07-27,849.5,858.9,836.45,851.25,851.4616282753316,110485.0,4415.0,94073738.0,26234.0,23.74,22.45,1.75,1437955200.0
2015-07-24,846.5,855.0,844.1,847.25,850.2344694373481,112343.0,3249.0,95517891.0,32749.0,29.15,10.9,0.75,1437696000.0
2015-07-23,846.0,851.45,836.35,846.05,845.9637979326137,109607.0,3880.0,92723554.0,23640.0,21.57,15.1,0.05,1437609600.0
2015-07-22,817.0,845.0,816.65,843.15,834.9431386716863,217283.0,6876.0,181418950.0,49249.0,22.67,28.35,26.15,1437523200.0
2015-07-21,852.0,869.0,812.0,816.65,842.3952172282892,682784.0,19159.0,575173976.0,113158.0,16.57,57.0,-35.35,1437436800.0
2015-07-20,827.1,856.0,827.1,851.9,843.9604417659848,185347.0,6102.0,156425536.0,53826.0,29.04,28.9,24.8,1437350400.0
2015-07-17,850.0,853.1,824.0,825.45,833.0573278649606,122157.0,3626.0,101763784.0,50592.0,41.42,29.1,-24.55,1437091200.0
2015-07-16,850.25,855.0,843.75,846.25,848.6073135323891,127435.0,3868.0,108142273.0,35000.0,27.46,11.25,-4.0,1437004800.0
2015-07-15,829.45,839.7,823.35,837.25,833.0364359625148,122928.0,3641.0,102403503.0,34552.0,28.11,16.35,7.8,1436918400.0
2015-07-14,824.0,827.5,811.25,822.45,822.1454508561047,103492.0,2898.0,85085477.0,19452.0,18.8,16.25,-1.55,1436832000.0
2015-07-13,807.9,820.9,803.8,816.85,815.3052788026994,115727.0,4218.0,94352834.0,26608.0,22.99,17.1,8.95,1436745600.0
2015-07-10,804.5,805.7,782.0,794.95,791.9701698111462,108179.0,4247.0,85674541.0,36927.0,34.14,23.7,-9.55,1436486400.0
2015-07-09,809.9,815.25,796.2,799.0,804.5159327854777,81530.0,2465.0,65592184.0,15648.0,19.19,19.05,-10.9,1436400000.0
2015-07-08,823.0,835.0,798.0,800.9,814.2159513619455,200008.0,5845.0,162849704.0,50083.0,25.04,37.0,-22.1,1436313600.0
2015-07-07,792.0,828.0,791.0,824.75,812.7503829646747,302900.0,8349.0,246182091.0,98993.0,32.68,37.0,32.75,1436227200.0
2015-07-06,765.0,785.35,761.0,783.4,777.5185238352898,90559.0,2498.0,70411300.0,22783.0,25.16,24.35,18.4,1436140800.0
2015-07-03,763.0,777.45,758.85,772.15,771.341811534662,108317.0,3511.0,83549431.0,16237.0,14.99,18.6,9.15,1435881600.0
2015-07-02,761.55,771.9,761.55,763.15,766.7005026339226,66251.0,2155.0,50794675.0,16353.0,24.68,10.35,1.6,1435795200.0
2015-07-01,756.35,765.0,755.2,760.0,761.6214418835391,74583.0,2194.0,56804012.0,13801.0,18.5,9.8,3.65,1435708800.0
2015-06-30,738.0,756.95,737.0,754.45,748.0571796432886,100193.0,2861.0,74950093.0,19503.0,19.47,19.95,16.45,1435622400.0
2015-06-29,750.6,751.25,728.45,736.5,735.6006450869716,86810.0,3162.0,63857492.0,21600.0,24.88,22.8,-14.1,1435536000.0
2015-06-26,749.1,754.8,744.0,750.75,750.2793458940632,84390.0,2270.0,63316074.0,23493.0,27.84,10.8,1.65,1435276800.0
2015-06-25,751.0,759.7,745.05,749.95,755.0518175859635,79336.0,3086.0,59902791.0,31564.0,39.79,14.65,-1.05,1435190400.0
2015-06-24,753.0,759.8,740.0,753.9,750.3509815317708,199586.0,5941.0,149759551.0,65307.0,32.72,19.8,0.9,1435104000.0
2015-06-23,747.0,759.7,743.05,756.05,752.7804417748106,98557.0,3388.0,74191782.0,38023.0,38.58,16.65,9.05,1435017600.0
2015-06-22,743.0,750.0,733.55,746.6,743.0935639744995,123135.0,3231.0,91500826.0,33429.0,27.15,16.45,3.6,1434931200.0
2015-06-19,734.9,744.45,729.6,739.85,738.9782078695468,100082.0,3000.0,73958417.0,22799.0,22.78,14.85,4.95,1434672000.0
2015-06-18,717.1,734.4,717.1,729.1,727.9207949784112,187829.0,4962.0,136724635.0,57463.0,30.59,17.3,12.0,1434585600.0
2015-06-17,709.9,718.75,705.1,711.55,711.1020539451576,236277.0,4910.0,168017060.0,102011.0,43.17,13.65,1.65,1434499200.0
2015-06-16,705.0,707.85,693.0,705.05,702.7263850080884,237995.0,3763.0,167245366.0,159246.0,66.91,14.85,0.05,1434412800.0
2015-06-15,713.0,719.0,697.0,699.55,705.2108477732941,109534.0,3477.0,77244565.0,27547.0,25.15,22.0,-13.45,1434326400.0
2015-06-12,707.0,722.45,702.15,706.6,710.5849574743413,101233.0,3726.0,71934647.0,21991.0,21.72,20.3,-0.4,1434067200.0
2015-06-11,740.0,742.45,705.0,710.6,719.5818487355458,170192.0,5591.0,122467074.0,53878.0,31.66,37.45,-29.4,1433980800.0
2015-06-10,737.1,745.0,735.0,739.65,740.4511358852844,73643.0,2026.0,54529043.0,11698.0,15.88,10.0,2.55,1433894400.0
2015-06-09,747.0,752.0,733.0,736.2,738.800867121288,91798.0,2698.0,67820442.0,20587.0,22.43,19.0,-10.8,1433808000.0
2015-06-08,764.3,764.3,745.0,747.2,748.9071649683992,62024.0,2141.0,46450218.0,25578.0,41.24,19.3,-17.1,1433721600.0
2015-06-05,759.6,764.95,752.4,759.5,758.901069770952,106004.0,2592.0,80446549.0,34326.0,32.38,12.55,-0.1,1433462400.0
2015-06-04,771.35,771.35,752.7,759.55,757.1622578576007,77950.0,2128.0,59020798.0,16073.0,20.62,18.65,-11.8,1433376000.0
2015-06-03,764.75,765.0,750.0,761.55,759.0234483162775,136513.0,3430.0,103616568.0,71257.0,52.2,15.0,-3.2,1433289600.0
2015-06-02,789.0,793.75,755.6,759.3,770.0403238770485,118193.0,4804.0,91013376.0,42761.0,36.18,38.15,-29.7,1433203200.0
2015-06-01,787.0,794.55,785.1,788.25,789.7033677044086,60516.0,2084.0,47789689.0,14897.0,24.62,9.45,1.25,1433116800.0
2015-05-29,762.3,795.0,762.3,787.0,787.0915512655797,210931.0,6695.0,166022008.0,78652.0,37.29,32.7,24.7,1432857600.0
2015-05-28,765.0,770.4,759.0,767.3,765.6336616306496,62748.0,2002.0,48041981.0,18637.0,29.7,11.4,2.3,1432771200.0
2015-05-27,765.8,765.8,755.25,759.35,758.666767738023,56066.0,1581.0,42535411.0,18297.0,32.63,10.55,-6.45,1432684800.0
2015-05-26,765.0,769.0,755.7,763.75,763.2719164218088,76575.0,2212.0,58447547.0,22858.0,29.85,13.3,-1.25,1432598400.0
2015-05-25,775.9,778.8,756.05,762.3,763.1981973023877,170966.0,4581.0,130480943.0,73721.0,43.12,22.75,-13.6,1432512000.0
2015-05-22,775.45,779.5,771.1,775.6,775.5759310032739,75134.0,2060.0,58272122.0,23573.0,31.37,8.4,0.15,1432252800.0
2015-05-21,773.5,780.0,766.2,775.8,773.9689129589075,228777.0,4499.0,177066286.0,133125.0,58.19,13.8,2.3,1432166400.0
2015-05-20,776.0,778.9,765.0,771.0,770.2344688395691,142697.0,4823.0,109910148.0,30128.0,21.11,13.9,-5.0,1432080000.0
2015-05-19,759.0,779.0,750.0,775.0,768.277856930487,420425.0,10789.0,323003218.0,78664.0,18.71,29.0,16.0,1431993600.0
2015-05-18,799.95,818.0,763.0,767.6,792.2968066346492,828499.0,24305.0,656417112.0,164791.0,19.89,55.0,-32.35,1431907200.0
2015-05-15,800.0,817.9,785.75,790.0,798.2577735779425,178843.0,5440.0,142762815.0,49561.0,27.71,32.15,-10.0,1431648000.0
2015-05-14,764.0,801.0,756.05,794.45,786.9690515886531,167343.0,5944.0,131693762.0,32024.0,19.14,44.95,30.45,1431561600.0
2015-05-13,758.8,774.8,758.8,763.0,766.5833703694021,76502.0,2733.0,58645161.0,16845.0,22.02,16.0,4.2,1431475200.0
2015-05-12,775.0,775.9,754.2,758.15,759.1290821831169,134395.0,3005.0,102023153.0,58355.0,43.42,21.7,-16.85,1431388800.0
2015-05-11,764.0,775.9,752.3,773.15,766.89810912225,95141.0,2673.0,72963453.0,18501.0,19.45,23.6,9.15,1431302400.0
2015-05-08,770.0,773.0,752.45,759.35,760.6546607549768,113222.0,6027.0,86122842.0,36689.0,32.4,20.55,-10.65,1431043200.0
2015-05-07,750.0,772.25,735.4,764.6,755.1104642104486,121949.0,8393.0,92084966.0,19787.0,16.23,36.85,14.6,1430956800.0
2015-05-06,779.95,779.95,750.1,760.95,761.2752073810733,236280.0,11111.0,179874106.0,122721.0,51.94,29.85,-19.0,1430870400.0
2015-05-05,779.5,784.5,769.0,780.95,777.2528029357486,93741.0,6671.0,72860455.0,30946.0,33.01,15.5,1.45,1430784000.0
2015-05-04,779.0,781.0,767.3,778.65,775.8140974757898,69289.0,4741.0,53755383.0,24671.0,35.61,13.7,-0.35,1430697600.0
2015-04-30,756.0,769.65,748.15,762.9,761.8010957278923,178694.0,6678.0,136129285.0,28307.0,15.84,21.5,6.9,1430352000.0
2015-04-29,766.0,766.0,750.5,754.4,756.0013055057532,114898.0,5615.0,86863038.0,44782.0,38.98,15.5,-11.6,1430265600.0
2015-04-28,749.8,769.0,731.0,765.55,750.5591919733638,223755.0,13948.0,167941372.0,86796.0,38.79,38.0,15.75,1430179200.0
2015-04-27,773.1,774.0,740.15,744.3,752.2548347690893,189099.0,8331.0,142250637.0,100087.0,52.93,33.85,-28.8,1430092800.0
2015-04-24,790.0,793.0,766.0,771.8,777.038469379032,152069.0,8067.0,118163463.0,51817.0,34.07,27.0,-18.2,1429833600.0
2015-04-23,795.0,809.8,784.8,786.1,794.1010825979341,132921.0,7371.0,105552710.0,42100.0,31.67,25.0,-8.9,1429747200.0
2015-04-22,800.0,805.75,770.0,785.35,784.3798705288141,154629.0,10460.0,121287875.0,54822.0,35.45,35.75,-14.65,1429660800.0
2015-04-21,811.0,816.6,791.0,795.15,804.0638184269034,114246.0,5381.0,91861075.0,46538.0,40.73,25.6,-15.85,1429574400.0
2015-04-20,818.0,819.15,801.0,808.15,805.824070963583,110141.0,6831.0,88754269.0,26249.0,23.83,18.15,-9.85,1429488000.0
2015-04-17,825.1,830.65,815.9,819.05,821.3526350288411,76280.0,5031.0,62652779.0,19129.0,25.08,14.75,-6.05,1429228800.0
2015-04-16,840.1,840.1,811.1,821.0,822.2912118163005,105346.0,8538.0,86625090.0,27580.0,26.18,29.0,-19.1,1429142400.0
2015-04-15,861.0,862.4,835.0,838.85,846.7959805502304,78767.0,5453.0,66699579.0,30747.0,39.04,27.4,-22.15,1429056000.0
2015-04-13,860.0,864.25,852.8,859.6,859.9181422093878,78954.0,4469.0,67893977.0,27024.0,34.23,11.45,-0.4,1428883200.0
2015-04-10,854.65,861.25,844.0,858.6,853.1545268192688,87810.0,5142.0,74915499.0,26211.0,29.85,17.25,3.95,1428624000.0
2015-04-09,851.0,855.25,841.6,851.45,849.3855005904738,76210.0,4485.0,64731669.0,17660.0,23.17,13.65,0.45,1428537600.0
2015-04-08,840.0,853.65,840.0,847.15,848.0986375495218,103490.0,6067.0,87769728.0,29874.0,28.87,13.65,7.15,1428451200.0
2015-04-07,829.0,838.6,820.8,835.3,830.6328180926372,75434.0,4793.0,62657956.0,26289.0,34.85,17.8,6.3,1428364800.0
2015-04-06,821.05,830.95,818.5,822.45,823.726097531935,58791.0,3424.0,48427681.0,18954.0,32.24,12.45,1.4,1428278400.0
2015-04-01,808.0,825.6,805.0,821.0,820.9014718316922,69777.0,4648.0,57280042.0,18490.0,26.5,20.6,13.0,1427846400.0
2015-03-31,810.0,817.0,803.0,808.75,811.0553998752206,94567.0,5036.0,76699076.0,25867.0,27.35,14.0,-1.25,1427760000.0
2015-03-30,780.0,809.8,780.0,808.05,800.9827149271408,72606.0,5090.0,58156151.0,25893.0,35.66,29.8,28.05,1427673600.0
2015-03-27,796.0,798.95,769.2,780.1,778.5756829809828,124308.0,8560.0,96783186.0,39002.0,31.38,29.75,-15.9,1427414400.0
2015-03-26,806.55,815.4,788.55,794.05,804.4725084452292,117818.0,7644.0,94781342.0,42386.0,35.98,26.85,-12.5,1427328000.0
2015-03-25,815.0,818.0,803.0,808.55,808.7943875049613,85666.0,4660.0,69286180.0,21513.0,25.11,15.0,-6.45,1427241600.0
2015-03-24,812.0,819.6,808.85,812.55,814.4153310489667,72376.0,4440.0,58944124.0,14858.0,20.53,10.75,0.55,1427155200.0
2015-03-23,813.0,816.0,806.0,811.35,811.2772646434512,69724.0,3795.0,56565496.0,11810.0,16.94,10.0,-1.65,1427068800.0
2015-03-20,830.15,837.0,805.55,810.3,814.7572551166887,135146.0,7333.0,110111184.0,44350.0,32.82,31.45,-19.85,1426809600.0
2015-03-19,825.0,847.8,821.65,834.95,837.5138455785226,165793.0,11886.0,138853933.0,56749.0,34.23,26.15,9.95,1426723200.0
2015-03-18,834.0,834.0,810.9,814.35,825.1963305188252,188310.0,6843.0,155392721.0,127425.0,67.67,23.1,-19.65,1426636800.0
2015-03-17,839.85,841.0,823.0,829.85,833.7763894546382,105563.0,5709.0,88015937.0,41277.0,39.1,18.0,-10.0,1426550400.0
2015-03-16,810.0,833.5,809.4,830.1,825.4220224005742,144907.0,8662.0,119609429.0,45548.0,31.43,24.1,20.1,1426464000.0
2015-03-13,807.0,819.0,806.0,808.4,811.7639172812593,88541.0,6971.0,71874389.0,32416.0,36.61,13.0,1.4,1426204800.0
2015-03-12,814.0,816.0,805.5,809.75,809.4358560057028,84170.0,4634.0,68130216.0,22877.0,27.18,10.5,-4.25,1426118400.0
2015-03-11,815.55,819.75,808.35,810.75,814.1301638845198,98545.0,6319.0,80228457.0,21971.0,22.3,11.4,-4.8,1426032000.0
2015-03-10,814.0,817.95,802.35,809.1,809.2444165135837,72401.0,5940.0,58590105.0,19368.0,26.75,15.6,-4.9,1425945600.0
2015-03-09,833.65,834.0,810.25,814.15,819.234083105018,193081.0,5332.0,158178536.0,122752.0,63.58,23.75,-19.5,1425859200.0
2015-03-05,835.0,841.0,828.55,833.65,834.1619463582676,81280.0,4178.0,67800683.0,13277.0,16.33,12.45,-1.35,1425513600.0
2015-03-04,842.55,848.75,833.0,837.1,839.5500811415371,136798.0,6345.0,114848772.0,44751.0,32.71,15.75,-5.45,1425427200.0
2015-03-03,830.0,841.45,828.0,838.25,835.8082316971852,120364.0,7809.0,100601222.0,29672.0,24.65,13.45,8.25,1425340800.0
2015-03-02,824.0,828.8,807.35,824.9,817.5935707103566,135256.0,6896.0,110584436.0,31436.0,23.24,21.45,0.9,1425254400.0
2015-02-28,815.0,821.5,801.6,818.35,811.1579444329469,154624.0,6828.0,125424486.0,24216.0,15.66,19.9,3.35,1425081600.0
2015-02-27,798.3,809.5,797.4,807.0,804.0983862291554,92950.0,4881.0,74740945.0,16648.0,17.91,12.1,8.7,1424995200.0
2015-02-26,816.1,818.6,789.0,792.7,802.1159011251121,130387.0,8682.0,104585486.0,34954.0,26.81,29.6,-23.4,1424908800.0
2015-02-25,807.0,814.7,806.0,812.5,810.2616945532218,112360.0,4952.0,91041004.0,31869.0,28.36,8.7,5.5,1424822400.0
2015-02-24,811.95,813.85,798.3,799.75,804.4108495414492,100207.0,6689.0,80607598.0,35838.0,35.76,15.55,-12.2,1424736000.0
2015-02-23,826.0,832.9,807.0,809.5,820.7773485296341,218211.0,5460.0,179102646.0,133777.0,61.31,25.9,-16.5,1424649600.0
2015-02-20,833.5,836.65,822.7,824.85,828.2196881045065,83746.0,4659.0,69360086.0,22465.0,26.83,13.95,-8.65,1424390400.0
2015-02-19,825.0,838.0,825.0,833.5,832.0975350866846,118706.0,5142.0,98774970.0,25708.0,21.66,13.0,8.5,1424304000.0
2015-02-18,838.25,842.55,821.0,822.8,827.678510038125,181508.0,8261.0,150230271.0,51699.0,28.48,21.55,-15.45,1424217600.0
2015-02-16,832.9,842.9,818.0,833.25,831.0782685679958,158135.0,7806.0,131422562.0,38646.0,24.44,24.9,0.35,1424044800.0
2015-02-13,827.0,834.75,816.0,828.05,826.9645914344353,148128.0,7291.0,122496611.0,33152.0,22.38,18.75,1.05,1423785600.0
2015-02-12,843.0,849.0,821.35,825.75,831.254439291898,183081.0,11007.0,152186894.0,50526.0,27.6,27.65,-17.25,1423699200.0
2015-02-11,830.0,845.0,829.3,841.2,837.0073295302118,197557.0,11345.0,165356657.0,43205.0,21.87,15.7,11.2,1423612800.0
2015-02-10,800.0,829.65,800.0,821.7,820.9213181050573,360032.0,21463.0,295557944.0,49976.0,13.88,29.65,21.7,1423526400.0
2015-02-09,794.0,820.8,784.65,804.15,806.5603449922023,314210.0,18917.0,253429326.0,65162.0,20.74,36.15,10.15,1423440000.0
2015-02-06,814.5,815.0,792.0,797.0,800.4064797226506,234794.0,11140.0,187930639.0,92726.0,39.49,23.0,-17.5,1423180800.0
2015-02-05,812.05,825.5,807.5,810.6,817.9136923022113,252631.0,10637.0,206630354.0,74704.0,29.57,18.0,-1.45,1423094400.0
2015-02-04,818.0,823.75,801.2,804.3,808.5482988922522,235523.0,15927.0,190431721.0,99380.0,42.2,22.55,-13.7,1423008000.0
2015-02-03,810.0,826.35,803.0,814.85,813.625816210228,375516.0,14220.0,305529512.0,135501.0,36.08,23.35,4.85,1422921600.0
2015-02-02,856.0,856.0,803.7,808.15,814.7271525991647,466169.0,20518.0,379800542.0,242135.0,51.94,52.3,-47.85,1422835200.0
2015-01-30,892.0,892.0,854.05,857.45,862.2855255164557,291361.0,10979.0,251236373.0,165330.0,56.74,37.95,-34.55,1422576000.0
2015-01-29,914.35,922.8,868.1,881.05,889.0473115870445,589158.0,27909.0,523789336.0,134455.0,22.82,54.7,-33.3,1422489600.0
2015-01-28,894.95,920.5,892.0,910.3,910.298124103952,198092.0,9735.0,180322776.0,47367.0,23.91,28.5,15.35,1422403200.0
2015-01-27,869.7,892.3,868.1,890.15,886.7258173230423,197321.0,9860.0,174969625.0,64509.0,32.69,24.2,20.45,1422316800.0
2015-01-23,870.0,879.6,859.45,861.9,865.5114779588123,302275.0,10245.0,261622482.0,162724.0,53.83,20.15,-8.1,1421971200.0
2015-01-22,856.9,881.25,855.0,867.7,870.3885128545234,410128.0,19255.0,356970700.0,180122.0,43.92,26.25,10.8,1421884800.0
2015-01-21,840.1,855.95,838.4,851.45,850.042761764435,217180.0,13433.0,184612287.0,77188.0,35.54,17.55,11.35,1421798400.0
2015-01-20,835.0,847.0,833.0,837.95,839.186903078343,252441.0,6981.0,211845181.0,146279.0,57.95,14.0,2.95,1421712000.0
2015-01-19,848.8,848.8,830.05,831.65,836.2223634585837,143180.0,7640.0,119730318.0,65278.0,45.59,18.75,-17.15,1421625600.0
2015-01-16,843.55,859.0,840.85,843.5,849.872774524412,144295.0,6924.0,122632392.0,42009.0,29.11,18.15,-0.05,1421366400.0
2015-01-15,846.55,849.4,833.0,839.25,839.3117834740746,193381.0,6116.0,162306952.0,95556.0,49.41,16.4,-7.3,1421280000.0
2015-01-14,835.1,850.0,831.2,842.65,841.3820930532444,325706.0,15625.0,274043196.0,160968.0,49.42,18.8,7.55,1421193600.0
2015-01-13,810.0,841.65,810.0,833.1,834.0620899347467,447947.0,16465.0,373615611.0,187640.0,41.89,31.65,23.1,1421107200.0
2015-01-12,817.05,828.25,800.55,807.35,808.9456265271239,190718.0,7034.0,154280492.0,103585.0,54.31,27.7,-9.7,1421020800.0
2015-01-09,826.25,829.65,805.0,812.9,814.3080299785868,186800.0,10248.0,152112740.0,37199.0,19.91,24.65,-13.35,1420761600.0
2015-01-08,782.0,822.2,779.0,819.5,802.9401994053245,333291.0,16151.0,267612742.0,77994.0,23.4,43.2,37.5,1420675200.0
2015-01-07,760.35,777.7,760.35,772.3,770.4478621164043,154101.0,7142.0,118726786.0,29870.0,19.38,17.35,11.95,1420588800.0
2015-01-06,771.0,782.6,751.05,757.25,770.5538710140764,139240.0,9214.0,107291921.0,35280.0,25.34,31.55,-13.75,1420502400.0
2015-01-05,781.0,787.85,770.2,774.9,780.3625778341652,119806.0,6859.0,93492119.0,33563.0,28.01,17.65,-6.1,1420416000.0
2015-01-02,752.0,781.6,752.0,775.25,772.2203092323355,199397.0,9260.0,153978413.0,43717.0,21.92,29.6,23.25,1420156800.0
2015-01-01,750.0,754.75,747.25,750.35,750.3535390734331,40731.0,2453.0,30562650.0,6145.0,15.09,7.5,0.35,1420070400.0
2014-12-31,749.0,757.45,749.0,751.75,753.1309392832518,68169.0,3183.0,51340183.0,15552.0,22.81,8.45,2.75,1419984000.0
2014-12-30,760.25,764.9,746.1,750.05,754.1771126024661,86126.0,4474.0,64954258.0,19601.0,22.76,18.8,-10.2,1419897600.0
2014-12-29,728.0,758.7,727.25,757.3,747.0725926317389,151379.0,6767.0,113091102.0,31566.0,20.85,31.45,29.3,1419811200.0
2014-12-26,731.5,737.9,721.8,726.75,727.301683447658,74787.0,3758.0,54392711.0,16679.0,22.3,16.1,-4.75,1419552000.0
2014-12-24,741.0,742.0,726.5,729.7,732.6914431579237,108907.0,4644.0,79795227.0,30237.0,27.76,15.5,-11.3,1419379200.0
2014-12-23,748.75,751.65,735.4,738.5,740.5598028025355,82354.0,4243.0,60988062.0,17179.0,20.86,16.25,-10.25,1419292800.0
2014-12-22,733.1,747.0,733.1,744.95,742.7798911252586,75867.0,3910.0,56352482.0,20326.0,26.79,13.9,11.85,1419206400.0
2014-12-19,756.6,765.0,730.1,734.35,747.9161601120163,179974.0,7970.0,134605463.0,50727.0,28.19,34.9,-22.25,1418947200.0
2014-12-18,741.0,748.9,735.2,745.35,743.9058905902068,87122.0,4299.0,64810569.0,20780.0,23.85,13.7,4.35,1418860800.0
2014-12-17,755.1,760.0,719.5,731.35,736.7823343848579,143601.0,7901.0,105802680.0,44608.0,31.06,40.5,-23.75,1418774400.0
2014-12-16,766.95,766.95,752.85,759.25,759.1205803884029,112821.0,5632.0,85644743.0,30128.0,26.7,14.1,-7.7,1418688000.0
2014-12-15,767.3,775.25,761.2,767.55,769.0693590388865,91394.0,4906.0,70288325.0,20760.0,22.71,14.05,0.25,1418601600.0
2014-12-12,776.8,785.2,770.5,775.05,776.7256568708647,109877.0,4952.0,85344285.0,22763.0,20.72,14.7,-1.75,1418342400.0
2014-12-11,778.9,790.4,763.8,767.6,772.9800406501628,166789.0,6957.0,128924568.0,65080.0,39.02,26.6,-11.3,1418256000.0
2014-12-10,782.0,782.0,765.5,775.9,771.6675409538502,110185.0,5344.0,85026188.0,22741.0,20.64,16.5,-6.1,1418169600.0
2014-12-09,798.0,801.05,773.2,782.05,786.4472279037776,110494.0,7272.0,86897700.0,23253.0,21.04,27.85,-15.95,1418083200.0
2014-12-08,786.05,809.25,786.05,793.75,797.1984257100598,199455.0,8525.0,159005212.0,41264.0,20.69,23.2,7.7,1417996800.0
2014-12-05,793.0,797.3,782.15,785.3,789.0685638550062,92804.0,4182.0,73228719.0,20419.0,22.0,15.15,-7.7,1417737600.0
2014-12-04,792.0,798.6,778.5,790.25,791.2634075760809,126477.0,5762.0,100076622.0,23850.0,18.86,20.1,-1.75,1417651200.0
2014-12-03,776.1,795.25,774.35,789.1,788.6015123589923,153006.0,6642.0,120660763.0,29048.0,18.98,20.9,13.0,1417564800.0
2014-12-02,799.9,799.9,767.5,769.95,777.2097486918096,191677.0,11305.0,148973233.0,59175.0,30.87,32.4,-29.95,1417478400.0
2014-12-01,754.0,801.0,753.6,796.75,782.4925024969556,301367.0,14170.0,235817418.0,59120.0,19.62,47.4,42.75,1417392000.0
2014-11-28,715.0,748.25,715.0,743.7,737.7203615365303,318640.0,17100.0,235067216.0,101064.0,31.72,33.25,28.7,1417132800.0
2014-11-27,705.0,717.55,703.55,706.4,712.1531727489997,186195.0,6948.0,132599360.0,73903.0,39.69,14.0,1.4,1417046400.0
2014-11-26,696.0,709.4,691.75,703.75,704.2747845685553,163277.0,7163.0,114991874.0,47782.0,29.26,17.65,7.75,1416960000.0
2014-11-25,694.7,694.7,682.8,691.85,689.027933955784,78614.0,3837.0,54167242.0,18562.0,23.61,11.9,-2.85,1416873600.0
2014-11-24,693.0,693.9,681.05,689.75,688.9458197264153,87578.0,4096.0,60336497.0,17346.0,19.81,12.85,-3.25,1416787200.0
2014-11-21,691.65,696.0,685.25,690.65,689.794271525091,86585.0,3783.0,59725837.0,21212.0,24.5,10.75,-1.0,1416528000.0
2014-11-20,685.0,691.1,680.1,689.5,687.0600909472347,88183.0,4615.0,60587020.0,28280.0,32.07,11.0,4.5,1416441600.0
2014-11-19,700.75,700.75,675.15,683.45,687.8391943806688,131973.0,6648.0,90776202.0,40647.0,30.8,25.6,-17.3,1416355200.0
2014-11-18,692.25,703.8,683.2,700.75,694.1262547435426,196056.0,8739.0,136087617.0,52311.0,26.68,20.6,8.5,1416268800.0
2014-11-17,677.0,694.9,675.0,691.75,688.4666435128754,299447.0,14149.0,206159271.0,118272.0,39.5,19.9,14.75,1416182400.0
2014-11-14,646.15,674.0,641.9,671.75,661.4731138049575,276350.0,12280.0,182798095.0,84032.0,30.41,32.1,25.6,1415923200.0
2014-11-13,647.35,651.2,640.0,644.3,645.6059077877965,105691.0,3630.0,68234734.0,38003.0,35.96,11.2,-3.05,1415836800.0
2014-11-12,657.7,657.7,642.45,644.3,648.2898992576881,98072.0,5492.0,63579087.0,41205.0,42.02,15.25,-13.4,1415750400.0
2014-11-11,650.0,655.9,645.0,649.5,650.5035491054907,148629.0,4343.0,96683692.0,82226.0,55.32,10.9,-0.5,1415664000.0
2014-11-10,650.75,654.0,643.5,647.7,648.0621457132305,124546.0,4746.0,80713548.0,66041.0,53.03,10.5,-3.05,1415577600.0
2014-11-07,659.0,659.25,637.2,646.1,645.3733135571465,105177.0,6199.0,67878429.0,42091.0,40.02,22.05,-12.9,1415318400.0
2014-11-05,656.3,665.0,655.2,656.8,659.907467034652,117396.0,6095.0,77470497.0,46723.0,39.8,9.8,0.5,1415145600.0
2014-11-03,660.0,662.0,651.2,653.65,656.9214352547214,162452.0,8878.0,106718201.0,83269.0,51.26,10.8,-6.35,1414972800.0
2014-10-31,648.95,658.4,648.95,656.15,654.953976804954,111748.0,4962.0,73189797.0,46911.0,41.98,9.45,7.2,1414713600.0
2014-10-30,646.0,648.0,641.3,644.35,644.1869733227804,107395.0,3998.0,69182460.0,45360.0,42.24,6.7,-1.65,1414627200.0
2014-10-29,652.0,652.7,642.15,646.1,647.7162441292884,86659.0,4394.0,56130442.0,40388.0,46.61,10.55,-5.9,1414540800.0
2014-10-28,651.05,654.55,645.0,646.25,648.6961594680948,77307.0,3629.0,50148754.0,33345.0,43.13,9.55,-4.8,1414454400.0
2014-10-27,654.2,658.2,648.4,650.4,651.6685467401,135633.0,6278.0,88387760.0,70993.0,52.34,9.8,-3.8,1414368000.0
2014-10-23,652.65,655.95,650.0,652.7,653.6111610735078,42254.0,2579.0,27617686.0,21675.0,51.3,5.95,0.05,1414022400.0
2014-10-22,651.0,658.35,634.1,641.75,646.9837743061461,246954.0,12937.0,159775231.0,52385.0,21.21,24.25,-9.25,1413936000.0
2014-10-21,660.05,660.05,639.0,644.8,646.1691912053493,399743.0,4101.0,258301611.0,340395.0,85.15,21.05,-15.25,1413849600.0
2014-10-20,643.0,658.8,643.0,647.25,651.66484492417,65871.0,3746.0,42925815.0,27142.0,41.2,15.8,4.25,1413763200.0
2014-10-17,634.0,644.0,629.9,639.2,637.5290511785847,90702.0,3706.0,57825160.0,23001.0,25.36,14.1,5.2,1413504000.0
2014-10-16,647.0,647.4,623.1,627.1,634.0899934711642,114875.0,6216.0,72841088.0,38218.0,33.27,24.3,-19.9,1413417600.0
2014-10-14,659.25,659.25,645.15,646.45,650.7559122723122,92012.0,4936.0,59877353.0,24947.0,27.11,14.1,-12.8,1413244800.0
2014-10-13,663.45,665.0,650.0,656.4,657.50646076857,53554.0,3874.0,35212101.0,12672.0,23.66,15.0,-7.05,1413158400.0
2014-10-10,650.55,672.9,643.9,663.45,662.9921805997343,161905.0,10053.0,107341749.0,47050.0,29.06,29.0,12.9,1412899200.0
2014-10-09,640.0,657.85,640.0,655.1,649.7433054434107,102546.0,6208.0,66628577.0,32337.0,31.53,17.85,15.1,1412812800.0
2014-10-08,627.7,640.6,623.5,635.9,634.2366749091941,84521.0,4034.0,53606318.0,12891.0,15.25,17.1,8.2,1412726400.0
2014-10-07,631.45,637.2,626.0,629.3,630.1811622588102,79139.0,4956.0,49871907.0,16998.0,21.48,11.2,-2.15,1412640000.0
2014-10-01,631.1,638.95,627.1,631.6,633.1608953950176,60934.0,3641.0,38581026.0,13911.0,22.83,11.85,0.5,1412121600.0
2014-09-30,630.0,638.05,622.55,629.4,630.5862306093078,125060.0,5324.0,78861114.0,26532.0,21.22,15.5,-0.6,1412035200.0
2014-09-29,631.8,634.7,624.6,626.15,628.8347489931922,111491.0,4851.0,70109415.0,26897.0,24.12,10.1,-5.65,1411948800.0
2014-09-26,619.55,630.85,612.6,628.7,624.703395795209,120767.0,5522.0,75443555.0,30479.0,25.24,18.25,9.15,1411689600.0
2014-09-25,646.95,646.95,618.8,620.95,626.9449448261727,92707.0,4713.0,58122185.0,25420.0,27.42,28.15,-26.0,1411603200.0
2014-09-24,635.95,643.8,625.0,639.9,634.1462885236473,76479.0,4222.0,48498874.0,11551.0,15.1,18.8,3.95,1411516800.0
2014-09-23,665.25,665.25,630.0,635.3,642.8756207557929,96455.0,4817.0,62008568.0,28081.0,29.11,35.25,-29.95,1411430400.0
2014-09-22,670.0,670.0,646.15,652.8,652.0232417619826,117504.0,6913.0,76615339.0,32955.0,28.05,23.85,-17.2,1411344000.0
2014-09-19,660.0,673.6,656.5,668.3,669.23189442722,75474.0,3751.0,50509608.0,18106.0,23.99,17.1,8.3,1411084800.0
2014-09-18,645.05,663.4,641.7,660.1,654.2737564123057,68813.0,3416.0,45022540.0,15779.0,22.93,21.7,15.05,1410998400.0
2014-09-17,650.0,652.9,642.25,645.9,646.9328835986212,215238.0,3021.0,139244540.0,164789.0,76.56,10.65,-4.1,1410912000.0
2014-09-16,665.85,665.9,644.4,648.35,650.9609548226164,86592.0,5332.0,56368011.0,20116.0,23.23,21.5,-17.5,1410825600.0
2014-09-15,672.2,672.2,657.55,660.9,660.6784939444702,72826.0,6026.0,48114572.0,23461.0,32.22,14.65,-11.3,1410739200.0
2014-09-12,657.0,674.8,657.0,670.55,668.8511698075042,118652.0,4956.0,79360529.0,21880.0,18.44,17.8,13.55,1410480000.0
2014-09-11,660.0,664.0,654.6,656.5,658.3234400014389,166779.0,4649.0,109794525.0,104680.0,62.77,9.4,-3.5,1410393600.0
2014-09-10,661.15,663.75,651.2,653.8,656.7251028251635,59324.0,2671.0,38959560.0,21873.0,36.87,12.55,-7.35,1410307200.0
2014-09-09,676.0,680.0,663.95,665.05,671.3107287653547,99154.0,4522.0,66563144.0,27729.0,27.97,16.05,-10.95,1410220800.0
2014-09-08,650.0,680.0,649.6,674.3,669.3558541712807,275419.0,9734.0,184353320.0,94853.0,34.44,30.4,24.3,1410134400.0
2014-09-05,635.0,649.35,635.0,646.95,644.591990412012,132666.0,5009.0,85515441.0,49408.0,37.24,14.35,11.95,1409875200.0
2014-09-04,628.1,636.55,622.6,631.35,631.0415758707759,260199.0,4767.0,164196387.0,195475.0,75.13,13.95,3.25,1409788800.0
2014-09-03,630.05,632.9,623.5,626.05,626.7892879566275,218203.0,4825.0,136767303.0,140387.0,64.34,9.4,-4.0,1409702400.0
2014-09-02,629.0,635.5,621.5,624.25,626.778185985733,93362.0,2736.0,58517265.0,46097.0,49.37,14.0,-4.75,1409616000.0
2014-09-01,628.9,634.7,628.05,629.6,630.6343524000495,105227.0,2636.0,66359761.0,58337.0,55.44,6.65,0.7,1409529600.0
2014-08-28,620.0,631.5,620.0,624.15,626.5357826282525,131167.0,4620.0,82180819.0,64496.0,49.17,11.5,4.15,1409184000.0
2014-08-27,610.05,619.1,608.95,616.95,616.2395322961604,102458.0,3648.0,63138670.0,39351.0,38.41,10.15,6.9,1409097600.0
2014-08-26,605.0,612.0,604.1,608.0,608.5155019420232,102213.0,3408.0,62198195.0,53355.0,52.2,7.9,3.0,1409011200.0
2014-08-25,613.0,617.0,603.0,605.05,608.5499852325061,91417.0,3943.0,55631814.0,34489.0,37.73,14.0,-7.95,1408924800.0
2014-08-22,617.35,618.85,608.8,610.35,612.3460481339379,71675.0,3935.0,43889903.0,34160.0,47.66,10.05,-7.0,1408665600.0
2014-08-21,614.0,624.65,610.0,613.25,617.3269128928296,132182.0,4053.0,81599506.0,56049.0,42.4,14.65,-0.75,1408579200.0
2014-08-20,617.85,617.85,605.0,612.25,609.4110719167153,122183.0,3594.0,74459673.0,68159.0,55.78,12.85,-5.6,1408492800.0
2014-08-19,620.95,625.3,612.55,615.35,618.93218013223,48098.0,2311.0,29769400.0,19316.0,40.16,12.75,-5.6,1408406400.0
2014-08-18,620.0,625.95,618.1,620.3,621.6318031326841,51649.0,2804.0,32106661.0,14420.0,27.92,7.85,0.3,1408320000.0
2014-08-14,617.85,625.25,616.0,617.45,620.3333759781657,46899.0,2133.0,29093015.0,14744.0,31.44,9.25,-0.4,1407974400.0
2014-08-13,615.0,628.0,611.0,615.35,617.5346730205155,118983.0,4935.0,73476128.0,50893.0,42.77,17.0,0.35,1407888000.0
2014-08-12,617.25,617.8,606.05,614.3,612.6746741281647,73265.0,3336.0,44887610.0,31685.0,43.25,11.75,-2.95,1407801600.0
2014-08-11,620.9,623.0,610.05,613.95,616.0204565481935,47662.0,2022.0,29360767.0,18350.0,38.5,12.95,-6.95,1407715200.0
2014-08-08,630.0,630.0,615.0,618.5,620.9389290947032,45046.0,2809.0,27970815.0,10310.0,22.89,15.0,-11.5,1407456000.0
2014-08-07,639.4,640.9,630.0,632.3,633.8389003313332,55835.0,2570.0,35390395.0,9276.0,16.61,10.9,-7.1,1407369600.0
2014-08-06,630.1,650.1,628.5,639.9,642.0365296352959,101315.0,5688.0,65047931.0,17322.0,17.1,21.6,9.8,1407283200.0
2014-08-05,630.0,635.6,624.6,633.0,629.527595121677,71172.0,2974.0,44804738.0,17301.0,24.31,11.0,3.0,1407196800.0
2014-08-04,627.0,633.3,622.4,629.95,628.7335526315787,60496.0,2882.0,38035865.0,9995.0,16.52,10.9,2.95,1407110400.0
2014-08-01,617.0,630.75,617.0,625.2,625.6068517598572,54351.0,3610.0,34002358.0,14058.0,25.87,13.75,8.2,1406851200.0
2014-07-31,643.9,645.25,626.3,629.15,633.7462107377647,65712.0,3193.0,41644731.0,15887.0,24.18,18.95,-14.75,1406764800.0
2014-07-30,635.0,647.2,625.0,642.25,638.5721646774277,133133.0,4419.0,85015028.0,67185.0,50.46,22.2,7.25,1406678400.0
2014-07-28,638.15,645.0,628.05,634.5,637.5097809033758,91147.0,4679.0,58107104.0,17397.0,19.09,16.95,-3.65,1406505600.0
2014-07-25,618.0,638.95,618.0,637.0,628.3401541852965,160586.0,8136.0,100902632.0,36588.0,22.78,20.95,19.0,1406246400.0
2014-07-24,604.85,621.95,599.7,618.4,611.9956775294751,126548.0,5554.0,77446829.0,41308.0,32.64,22.25,13.55,1406160000.0
2014-07-23,606.0,610.45,595.7,601.55,602.6032216350511,98211.0,4837.0,59182265.0,22424.0,22.83,14.75,-4.45,1406073600.0
2014-07-22,599.5,610.6,593.0,602.75,603.3896418154601,323995.0,14775.0,195495227.0,54348.0,16.77,17.6,3.25,1405987200.0
2014-07-21,589.0,595.0,583.0,593.9,589.6958324016581,58139.0,2508.0,34284326.0,15527.0,26.71,12.0,4.9,1405900800.0
2014-07-18,582.0,589.6,578.55,581.4,584.504243624251,96969.0,4086.0,56678792.0,17066.0,17.6,11.05,-0.6,1405641600.0
2014-07-17,586.0,586.0,577.75,579.95,580.3997986131773,43697.0,2022.0,25361730.0,15120.0,34.6,8.25,-6.05,1405555200.0
2014-07-16,580.0,588.4,577.2,579.8,580.9348424647985,57384.0,2407.0,33336365.0,18579.0,32.38,11.2,-0.2,1405468800.0
2014-07-15,593.55,595.0,577.0,582.95,583.8625273742329,64842.0,3375.0,37858814.0,15637.0,24.12,18.0,-10.6,1405382400.0
2014-07-14,571.0,596.25,566.05,589.45,583.644987235217,72465.0,3666.0,42293834.0,18494.0,25.52,30.2,18.45,1405296000.0
2014-07-11,585.0,589.0,565.5,569.0,573.4571228609461,72871.0,3427.0,41788394.0,20557.0,28.21,23.5,-16.0,1405036800.0
2014-07-10,595.0,595.0,580.0,585.9,587.7715443791877,60445.0,3535.0,35527851.0,7942.0,13.14,15.0,-9.1,1404950400.0
2014-07-09,590.0,602.0,587.5,592.15,594.166984931602,57604.0,3041.0,34226395.0,12433.0,21.58,14.5,2.15,1404864000.0
2014-07-08,595.0,602.8,585.0,590.5,596.5696468704484,103673.0,4496.0,61848165.0,20678.0,19.95,17.8,-4.5,1404777600.0
2014-07-07,590.0,596.0,584.4,592.95,591.3744333507507,70811.0,3293.0,41875815.0,22270.0,31.45,11.6,2.95,1404691200.0
2014-07-04,584.95,592.1,584.95,588.2,589.3009763319153,53363.0,2454.0,31446868.0,11174.0,20.94,7.15,3.25,1404432000.0
2014-07-03,586.7,587.0,578.0,580.85,581.2254763585039,19838.0,816.0,11530351.0,7448.0,37.54,9.0,-5.85,1404345600.0
2014-07-02,586.6,594.75,582.0,584.75,587.3423948355725,47711.0,2483.0,28022693.0,10440.0,21.88,12.75,-1.85,1404259200.0
2014-07-01,592.0,596.1,580.1,583.6,584.605950449326,64096.0,3328.0,37470903.0,15937.0,24.86,16.0,-8.4,1404172800.0
2014-06-30,584.8,596.75,584.65,592.7,591.0876449598572,80712.0,4595.0,47707866.0,19164.0,23.74,12.1,7.9,1404086400.0
2014-06-27,585.0,593.15,582.5,583.55,587.5665389822673,60566.0,3227.0,35586555.0,15418.0,25.46,10.65,-1.45,1403827200.0
2014-06-26,587.95,589.0,581.4,584.95,584.9018959217932,40508.0,2216.0,23693206.0,12460.0,30.76,7.6,-3.0,1403740800.0
2014-06-25,580.0,587.65,573.25,585.85,580.9164013726381,48374.0,2686.0,28101250.0,12467.0,25.77,14.4,5.85,1403654400.0
2014-06-24,574.0,580.5,571.35,578.5,577.1800149463577,78949.0,3434.0,45567785.0,25908.0,32.82,9.15,4.5,1403568000.0
2014-06-23,568.0,574.8,566.6,572.6,571.0476124982807,79979.0,3599.0,45671817.0,23281.0,29.11,8.2,4.6,1403481600.0
2014-06-20,570.0,571.2,556.7,566.65,566.3765402493913,108424.0,5050.0,61408810.0,18097.0,16.69,14.5,-3.35,1403222400.0
2014-06-19,563.0,569.9,551.35,567.6,561.2790595589267,113904.0,5923.0,63931930.0,33092.0,29.05,18.55,4.6,1403136000.0
2014-06-18,563.4,569.55,551.1,556.1,560.4060544656289,162855.0,9406.0,91264928.0,46407.0,28.5,18.45,-7.3,1403049600.0
2014-06-17,543.0,564.0,538.0,559.7,553.549182047448,224035.0,9078.0,124014391.0,69104.0,30.85,26.0,16.7,1402963200.0
2014-06-16,537.4,542.55,534.55,539.65,539.2838153244271,44987.0,2452.0,24260761.0,12506.0,27.8,8.0,2.25,1402876800.0
2014-06-13,549.9,554.45,538.5,540.45,545.0929135838696,95422.0,4249.0,52013856.0,31565.0,33.08,15.95,-9.45,1402617600.0
2014-06-12,541.9,552.0,539.35,547.9,547.0341706051229,125049.0,5437.0,68406076.0,39956.0,31.95,12.65,6.0,1402531200.0
2014-06-11,539.0,546.5,537.0,541.85,542.4618142819302,309566.0,10269.0,167927734.0,139630.0,45.11,9.5,2.85,1402444800.0
2014-06-10,530.0,540.0,524.0,535.65,534.086517755168,229398.0,9420.0,122518379.0,68524.0,29.87,16.0,5.65,1402358400.0
2014-06-09,508.7,529.7,508.5,528.4,520.9897501601538,316883.0,12465.0,165092795.0,91911.0,29.0,21.2,19.7,1402272000.0
2014-06-06,510.5,513.0,503.2,506.35,507.41820878739685,167194.0,7473.0,84837280.0,51927.0,31.06,9.8,-4.15,1402012800.0
2014-06-05,510.5,516.15,509.0,510.75,512.6524935097767,102847.0,5052.0,52724771.0,32981.0,32.07,7.15,0.25,1401926400.0
2014-06-04,510.65,511.05,505.4,509.1,508.95651985622095,46182.0,1945.0,23504630.0,15795.0,34.2,5.65,-1.55,1401840000.0
2014-06-03,512.0,512.0,506.0,509.3,508.2794418326992,67005.0,2280.0,34057264.0,25833.0,38.55,6.0,-2.7,1401753600.0
2014-06-02,507.0,515.0,504.0,509.9,510.5605208801078,55675.0,2712.0,28425457.0,18738.0,33.66,11.0,2.9,1401667200.0
2014-05-30,506.0,512.0,501.3,509.45,508.1932759216677,66537.0,3287.0,33813656.0,23097.0,34.71,10.7,3.45,1401408000.0
2014-05-29,510.0,515.45,505.0,506.75,509.5769315373368,77283.0,3516.0,39381634.0,28035.0,36.28,10.45,-3.25,1401321600.0
2014-05-28,525.25,525.25,508.0,512.1,514.7703227315246,85520.0,4087.0,44023158.0,35279.0,41.25,17.25,-13.15,1401235200.0
2014-05-27,526.0,529.45,516.1,522.2,523.9620617370217,48658.0,2536.0,25494946.0,8433.0,17.33,13.35,-3.8,1401148800.0
2014-05-26,541.0,541.0,521.4,524.5,530.3075122019409,85847.0,5075.0,45525309.0,34342.0,40.0,19.6,-16.5,1401062400.0
2014-05-23,537.4,541.5,533.6,538.85,537.7882508616443,64992.0,2638.0,34951934.0,19571.0,30.11,7.9,1.45,1400803200.0
2014-05-22,550.0,550.0,536.9,537.65,543.1753545249632,56343.0,2998.0,30604129.0,14085.0,25.0,13.1,-12.35,1400716800.0
2014-05-21,529.6,547.95,529.25,545.15,539.4107478720333,114311.0,4168.0,61660582.0,37757.0,33.03,18.7,15.55,1400630400.0
2014-05-20,528.0,535.05,517.9,529.05,528.9421232353092,98105.0,3621.0,51891867.0,17013.0,17.34,17.15,1.05,1400544000.0
2014-05-19,538.6,540.0,524.3,528.3,529.5433409363281,129335.0,4853.0,68488488.0,53179.0,41.12,15.7,-10.3,1400457600.0
2014-05-16,542.0,550.0,525.0,536.4,541.4068937257455,207435.0,7359.0,112306739.0,71287.0,34.37,25.0,-5.6,1400198400.0
2014-05-15,562.0,565.0,524.45,529.7,535.2166156064156,255254.0,10606.0,136616182.0,79012.0,30.95,40.55,-32.3,1400112000.0
2014-05-14,545.0,559.65,541.9,556.95,551.9697421198232,220141.0,9159.0,121511171.0,80969.0,36.78,17.75,11.95,1400025600.0
2014-05-13,540.0,549.0,535.0,539.2,541.0928397698285,117999.0,5072.0,63848414.0,38987.0,33.04,14.0,-0.8,1399939200.0
2014-05-12,525.0,538.8,517.8,536.3,529.1954025067371,110582.0,6880.0,58519486.0,47204.0,42.69,21.0,11.3,1399852800.0
2014-05-09,504.0,522.6,503.3,520.75,516.8826463700234,42700.0,2269.0,22070889.0,15666.0,36.69,19.3,16.75,1399593600.0
2014-05-08,506.5,510.0,502.05,504.0,506.039810697044,42049.0,1962.0,21278468.0,7991.0,19.0,7.95,-2.5,1399507200.0
2014-05-07,514.5,515.0,505.1,506.35,510.09979386840286,30563.0,1595.0,15590180.0,6425.0,21.02,9.9,-8.15,1399420800.0
2014-05-06,520.0,524.4,513.3,514.75,517.4251476120481,40139.0,2334.0,20768928.0,9341.0,23.27,11.1,-5.25,1399334400.0
2014-05-05,511.9,519.95,508.1,518.5,514.5723884514434,66675.0,3129.0,34309114.0,19084.0,28.62,11.85,6.6,1399248000.0
2014-05-02,509.0,517.5,506.65,509.6,512.9548402553177,58437.0,3086.0,29975542.0,14619.0,25.02,10.85,0.6,1398988800.0
2014-04-30,501.9,511.5,500.0,505.15,506.1922537070751,71957.0,3557.0,36424076.0,17488.0,24.3,11.5,3.25,1398816000.0
2014-04-29,501.0,504.8,495.15,498.3,501.60856024694084,72568.0,3991.0,36400730.0,23426.0,32.28,9.65,-2.7,1398729600.0
2014-04-28,513.05,517.95,499.1,501.0,505.1251164599122,136313.0,7996.0,68855120.0,53088.0,38.95,18.85,-12.05,1398643200.0
2014-04-25,532.95,533.0,513.1,515.0,518.6430121718727,68190.0,3326.0,35366267.0,22758.0,33.37,19.9,-17.95,1398384000.0
2014-04-23,535.0,537.1,528.3,529.6,531.3667087936728,49058.0,2840.0,26067788.0,21085.0,42.98,8.8,-5.4,1398211200.0
2014-04-22,542.0,542.0,535.0,536.35,538.0186206592242,22663.0,1917.0,12193116.0,8015.0,35.37,7.0,-5.65,1398124800.0
2014-04-21,543.0,546.45,534.75,539.65,538.3362173884179,45191.0,2733.0,24327952.0,12352.0,27.33,11.7,-3.35,1398038400.0
2014-04-17,535.0,545.45,533.85,543.6,540.1046290300427,50961.0,2854.0,27524272.0,14116.0,27.7,11.6,8.6,1397692800.0
2014-04-16,535.9,538.5,533.0,534.55,535.3806388386978,32653.0,1832.0,17481784.0,5925.0,18.15,5.5,-1.35,1397606400.0
2014-04-15,543.75,544.0,531.1,534.8,535.9495554991108,39370.0,1988.0,21100334.0,9900.0,25.15,12.9,-8.95,1397520000.0
2014-04-11,540.1,544.95,536.0,541.95,541.1927611679254,48599.0,2619.0,26301427.0,13314.0,27.4,8.95,1.85,1397174400.0
2014-04-10,543.15,549.65,539.5,541.3,545.0363573870037,52369.0,2907.0,28543009.0,15817.0,30.2,10.15,-1.85,1397088000.0
2014-04-09,540.0,548.2,533.25,545.55,542.9572436213753,68902.0,4081.0,37410840.0,26666.0,19.35,14.95,5.55,1397001600.0
2014-04-07,528.0,545.0,527.85,538.65,538.4265358070696,38107.0,2033.0,20517820.0,13422.0,17.61,17.15,10.65,1396828800.0
2014-04-04,539.0,541.0,528.15,531.55,531.6274042703368,56670.0,2209.0,30127325.0,11298.0,19.94,12.85,-7.45,1396569600.0
2014-04-03,524.5,541.7,524.0,538.7,533.6223405613873,78306.0,2558.0,41785831.0,25282.0,32.29,17.7,14.2,1396483200.0
2014-04-02,539.6,542.85,522.0,523.75,527.0232090619725,77599.0,2920.0,40896474.0,26624.0,34.31,20.85,-15.85,1396396800.0
2014-04-01,548.0,548.0,532.3,536.7,534.8274465658899,136804.0,2002.0,73166534.0,12856.0,9.4,15.7,-11.3,1396310400.0
2014-03-31,539.0,548.0,538.0,546.5,543.5679574108381,55601.0,2323.0,30222922.0,24433.0,43.94,10.0,7.5,1396224000.0
2014-03-28,539.0,542.9,533.65,537.85,537.5421152285637,36970.0,1953.0,19872932.0,11903.0,32.2,9.25,-1.15,1395964800.0
2014-03-27,532.0,541.7,528.5,537.25,537.4426588199789,79524.0,3192.0,42739590.0,24888.0,31.3,13.2,5.25,1395878400.0
2014-03-26,528.0,533.1,523.75,527.95,528.9408726020422,41233.0,1715.0,21809819.0,15532.0,37.67,9.35,-0.05,1395792000.0
2014-03-25,523.1,532.8,522.6,524.65,526.43863960777,80565.0,3261.0,42412529.0,27664.0,34.34,10.2,1.55,1395705600.0
2014-03-24,508.4,523.0,506.35,522.5,518.2125620435012,99124.0,5210.0,51367302.0,38880.0,39.22,16.65,14.1,1395619200.0
2014-03-22,508.0,509.9,505.0,505.4,506.3871722846442,2136.0,178.0,1081643.0,1298.0,60.77,4.9,-2.6,1395446400.0
2014-03-21,513.0,518.5,505.15,508.55,509.11705425014287,57751.0,2667.0,29402019.0,22242.0,38.51,13.35,-4.45,1395360000.0
2014-03-20,511.0,519.4,511.0,514.05,515.6013212819539,57974.0,3402.0,29891471.0,21459.0,37.01,8.4,3.05,1395273600.0
2014-03-19,497.45,514.05,497.45,512.6,509.88522948059233,115805.0,4994.0,59047259.0,56048.0,48.4,16.6,15.15,1395187200.0
2014-03-18,496.55,505.0,495.0,501.55,501.0149290945925,64170.0,3102.0,32150128.0,24164.0,37.66,10.0,5.0,1395100800.0
2014-03-14,492.0,499.75,490.5,495.85,495.7044725270372,50486.0,1990.0,25026136.0,16190.0,32.07,9.25,3.85,1394755200.0
2014-03-13,500.0,504.0,491.1,493.05,498.3636705371313,95768.0,3539.0,47727292.0,41886.0,43.74,12.9,-6.95,1394668800.0
2014-03-12,485.0,495.0,478.7,493.7,489.2989739146773,95801.0,3522.0,46875331.0,30588.0,31.93,16.3,8.7,1394582400.0
2014-03-11,486.5,493.0,477.65,480.3,484.7601848560256,56260.0,2324.0,27272608.0,16992.0,30.2,15.35,-6.2,1394496000.0
2014-03-10,486.8,490.5,481.0,484.55,486.7706821294625,78123.0,3235.0,38027986.0,22072.0,28.25,9.5,-2.25,1394409600.0
2014-03-07,475.9,484.95,473.75,480.6,479.7744232990973,78767.0,3291.0,37790392.0,25694.0,32.62,11.2,4.7,1394150400.0
2014-03-06,476.6,477.0,473.0,474.45,474.557720381808,35620.0,1083.0,16903746.0,18964.0,53.24,4.0,-2.15,1394064000.0
2014-03-05,476.3,478.75,472.2,474.65,475.2939288811795,34590.0,1274.0,16440417.0,13015.0,37.63,6.55,-1.65,1393977600.0
2014-03-04,474.15,477.15,472.8,475.55,474.62340107425666,54177.0,1565.0,25713672.0,21175.0,39.08,4.35,1.4,1393891200.0
2014-03-03,472.1,476.35,469.1,473.05,471.5387205512558,1880216.0,1708.0,886594647.0,1858134.0,98.83,7.25,0.95,1393804800.0
2014-02-28,478.8,482.1,470.95,472.95,474.9760269461641,53143.0,2068.0,25241651.0,17258.0,32.47,11.15,-5.85,1393545600.0
2014-02-26,472.0,479.85,471.0,476.55,475.0326091795397,44926.0,1591.0,21341315.0,20989.0,46.72,8.85,4.55,1393372800.0
2014-02-25,472.0,474.6,469.95,472.1,472.0431322971666,26894.0,963.0,12695128.0,9306.0,34.6,4.65,0.1,1393286400.0
2014-02-24,465.0,471.1,465.0,470.2,469.38564234436944,46665.0,1297.0,21903881.0,24385.0,52.26,6.1,5.2,1393200000.0
2014-02-21,465.0,468.5,461.45,464.2,465.35574689503517,32287.0,1435.0,15024941.0,10306.0,31.92,7.05,-0.8,1392940800.0
2014-02-20,468.0,468.0,461.0,462.2,464.23349360485224,63642.0,2483.0,29544748.0,25440.0,39.97,7.0,-5.8,1392854400.0
2014-02-19,473.5,473.5,468.0,468.6,469.6283724147802,41921.0,1642.0,19687291.0,19826.0,47.29,5.5,-4.9,1392768000.0
2014-02-18,475.0,476.5,464.6,473.0,472.1928404305101,42740.0,1920.0,20181522.0,12726.0,29.78,11.9,-2.0,1392681600.0
2014-02-17,473.85,477.1,471.15,472.95,472.98504202112616,38909.0,1473.0,18403375.0,21115.0,54.27,5.95,-0.9,1392595200.0
2014-02-14,470.0,475.0,468.0,472.3,472.27673893188484,41606.0,1525.0,19649546.0,18749.0,45.06,7.0,2.3,1392336000.0
2014-02-13,477.0,479.1,467.3,470.05,471.6138780236384,70817.0,2344.0,33398280.0,33567.0,47.4,11.8,-6.95,1392249600.0
2014-02-12,477.25,483.5,475.0,477.4,476.98253563674126,95337.0,2607.0,45474084.0,37123.0,38.94,8.5,0.15,1392163200.0
2014-02-11,489.95,489.95,481.2,483.7,485.433774687148,404664.0,3223.0,196437573.0,381172.0,94.19,8.75,-6.25,1392076800.0
2014-02-10,494.0,495.0,485.25,486.95,488.1279212289589,244760.0,2679.0,119474190.0,222030.0,90.71,9.75,-7.05,1391990400.0
2014-02-07,484.1,491.5,484.05,490.5,488.93409584726936,81922.0,3117.0,40054459.0,44905.0,54.81,7.45,6.4,1391731200.0
2014-02-06,485.0,487.5,478.5,483.95,482.53004866180055,49320.0,1764.0,23798382.0,19361.0,39.26,9.0,-1.05,1391644800.0
2014-02-05,476.1,485.4,467.55,483.9,478.91583577712606,64790.0,2529.0,31028957.0,28220.0,43.56,17.85,7.8,1391558400.0
2014-02-04,470.0,477.5,465.55,476.1,472.27777329828575,62011.0,1707.0,29286417.0,30316.0,48.89,11.95,6.1,1391472000.0
2014-02-03,476.9,478.75,470.0,471.15,474.711502021694,67023.0,3678.0,31816589.0,38547.0,57.51,8.75,-5.75,1391385600.0
2014-01-31,478.9,479.5,467.7,472.25,471.89113743797526,136236.0,3428.0,64288561.0,69932.0,51.33,11.8,-6.65,1391126400.0
2014-01-30,480.0,480.2,464.75,478.6,475.27470957283936,166565.0,3842.0,79164132.0,94485.0,56.73,15.45,-1.4,1391040000.0
2014-01-29,478.35,484.0,476.0,482.75,481.8226709863209,138900.0,4653.0,66925169.0,103802.0,74.73,8.0,4.4,1390953600.0
2014-01-28,478.55,480.55,472.0,478.0,475.67509400655325,82707.0,2015.0,39341660.0,59659.0,72.13,8.55,-0.55,1390867200.0
2014-01-27,474.1,478.65,470.95,475.95,475.2229689594895,58923.0,2258.0,28001563.0,19339.0,32.82,7.7,1.85,1390780800.0
2014-01-24,472.0,480.0,465.85,478.4,473.6317088116402,1408353.0,3801.0,667040638.0,1354157.0,96.15,14.15,6.4,1390521600.0
2014-01-23,474.0,474.4,468.35,473.15,471.4431293603138,86433.0,3337.0,40748244.0,48449.0,56.05,6.05,-0.85,1390435200.0
2014-01-22,485.0,485.0,466.8,473.75,471.4065741233236,421136.0,12524.0,198526279.0,298238.0,70.82,18.2,-11.25,1390348800.0
2014-01-21,475.05,482.0,472.5,479.0,477.1472340658139,292704.0,6736.0,139662904.0,173323.0,59.21,9.5,3.95,1390262400.0
2014-01-20,493.0,493.0,484.05,490.1,488.5128421094353,201836.0,5322.0,98599478.0,99533.0,49.31,8.95,-2.9,1390176000.0
2014-01-17,496.6,500.0,488.1,491.75,493.69608099583013,64991.0,2287.0,32085802.0,26165.0,40.26,11.9,-4.85,1389916800.0
2014-01-16,495.0,497.55,491.1,496.5,495.387234852088,42052.0,1490.0,20832024.0,16993.0,40.41,6.45,1.5,1389830400.0
2014-01-15,489.0,494.9,486.0,492.95,491.0606238781952,32314.0,1284.0,15868133.0,11912.0,36.86,8.9,3.95,1389744000.0
2014-01-14,494.0,496.85,486.05,487.2,490.8260657460223,53296.0,1725.0,26159066.0,25376.0,47.61,10.8,-6.8,1389657600.0
2014-01-13,500.0,500.0,489.0,494.6,494.91376487100655,59848.0,2213.0,29619599.0,19388.0,32.4,11.0,-5.4,1389571200.0
2014-01-10,492.0,498.0,488.0,492.75,494.6480195584874,69126.0,2626.0,34193039.0,25192.0,36.44,10.0,0.75,1389312000.0
2014-01-09,490.0,491.0,486.2,490.1,489.0508858673259,24270.0,1723.0,11869265.0,12936.0,53.3,4.8,0.1,1389225600.0
2014-01-08,491.1,492.5,487.0,490.5,490.4397522522522,37296.0,1315.0,18291441.0,18452.0,49.47,5.5,-0.6,1389139200.0
2014-01-07,492.0,494.0,484.6,490.2,489.4523268803477,81461.0,2073.0,39871276.0,54661.0,67.1,9.4,-1.8,1389052800.0
2014-01-06,491.7,492.2,483.0,490.4,489.1222016216066,72274.0,3691.0,35350818.0,27048.0,37.42,9.2,-1.3,1388966400.0
2014-01-03,482.6,491.5,480.5,489.4,487.6579989863572,96681.0,4784.0,47147263.0,40032.0,41.41,11.0,6.8,1388707200.0
2014-01-02,503.9,505.75,483.2,485.5,495.0934056649917,112445.0,3680.0,55670778.0,47692.0,42.41,22.55,-18.4,1388620800.0
2014-01-01,493.75,503.7,492.3,499.85,500.2456011185904,161632.0,5734.0,80855697.0,52057.0,32.21,11.4,6.1,1388534400.0
2013-12-31,488.0,492.65,486.5,490.75,490.48608218406974,71060.0,2363.0,34853941.0,21405.0,30.12,6.15,2.75,1388448000.0
2013-12-30,486.9,490.5,482.9,487.65,486.69763745535886,50962.0,2147.0,24803085.0,16207.0,31.8,7.6,0.75,1388361600.0
2013-12-27,490.0,491.4,483.0,485.15,486.255896590792,77672.0,2571.0,37768468.0,47257.0,60.84,8.4,-4.85,1388102400.0
2013-12-26,487.5,491.0,486.15,489.5,489.6858607175157,49755.0,1369.0,24364320.0,20663.0,41.53,4.85,2.0,1388016000.0
2013-12-24,490.0,492.1,485.7,487.65,489.49674363528715,81072.0,2349.0,39684480.0,32126.0,39.63,6.4,-2.35,1387843200.0
2013-12-23,491.0,492.2,485.75,488.1,489.6313322152397,49489.0,1673.0,24231365.0,22243.0,44.95,6.45,-2.9,1387756800.0
2013-12-20,486.0,491.6,482.9,489.4,487.9137611540326,70154.0,2670.0,34229102.0,18869.0,26.9,8.7,3.4,1387497600.0
2013-12-19,499.0,500.4,485.2,486.05,490.7154283977565,72386.0,2941.0,35520927.0,41676.0,57.57,15.2,-12.95,1387411200.0
2013-12-18,492.9,498.45,487.1,497.1,493.93469172535873,53102.0,2236.0,26228920.0,18088.0,34.06,11.35,4.2,1387324800.0
2013-12-17,486.0,494.0,483.0,491.25,489.4775879335984,65902.0,2787.0,32257552.0,18121.0,27.5,11.0,5.25,1387238400.0
2013-12-16,498.0,498.0,485.25,486.4,489.71238014738884,37859.0,1978.0,18540021.0,15644.0,41.32,12.75,-11.6,1387152000.0
2013-12-13,497.0,498.5,490.2,493.75,493.56188089738083,51082.0,2185.0,25212128.0,13408.0,26.25,8.3,-3.25,1386892800.0
2013-12-12,501.9,505.55,495.05,498.25,501.3665019272151,42289.0,1765.0,21202288.0,13639.0,32.25,10.5,-3.65,1386806400.0
2013-12-11,505.0,506.1,499.55,501.8,501.71790254522006,37207.0,1686.0,18667418.0,12256.0,32.94,6.55,-3.2,1386720000.0
2013-12-10,505.4,508.0,496.55,504.3,503.29806046776946,59602.0,2998.0,29997571.0,18374.0,30.83,11.45,-1.1,1386633600.0
2013-12-09,509.6,512.8,503.0,504.35,505.2348088158536,59393.0,2913.0,30007411.0,26861.0,45.23,9.8,-5.25,1386547200.0
2013-12-06,505.45,511.0,501.5,503.95,506.1049529932257,57864.0,3334.0,29285257.0,19822.0,34.26,9.5,-1.5,1386288000.0
2013-12-05,505.0,509.45,503.4,504.05,505.3173657144557,67282.0,4279.0,33998763.0,32379.0,48.12,6.05,-0.95,1386201600.0
2013-12-04,507.45,507.9,501.0,502.25,503.9008436916339,77635.0,5760.0,39120342.0,30082.0,38.75,6.9,-5.2,1386115200.0
2013-12-03,506.7,514.7,503.0,504.25,507.0068810973538,265074.0,10973.0,134394342.0,95428.0,36.0,11.7,-2.45,1386028800.0
2013-12-02,509.0,509.0,503.15,504.95,505.2911669253562,99218.0,5543.0,50133979.0,61169.0,61.65,5.85,-4.05,1385942400.0
2013-11-29,505.95,507.75,502.25,503.35,504.7216965844582,95651.0,4251.0,48277135.0,52972.0,55.38,5.5,-2.6,1385683200.0
2013-11-28,509.85,513.0,500.1,504.55,506.1340701930668,69665.0,5161.0,35259830.0,22963.0,32.96,12.9,-5.3,1385596800.0
2013-11-27,506.5,508.0,499.75,504.4,503.8771650553495,68474.0,2452.0,34502485.0,21760.0,31.78,8.25,-2.1,1385510400.0
2013-11-26,513.0,517.0,505.55,506.8,511.9774786797322,157362.0,2051.0,80565800.0,133057.0,84.55,11.45,-6.2,1385424000.0
2013-11-25,510.0,519.3,510.0,516.45,515.7033287022058,52543.0,1951.0,27096600.0,20387.0,38.8,9.3,6.45,1385337600.0
2013-11-22,513.0,514.85,505.0,508.2,510.7238000113073,53063.0,2377.0,27100537.0,9367.0,17.65,9.85,-4.8,1385078400.0
2013-11-21,522.0,522.0,507.75,510.5,514.6883737002481,63666.0,2453.0,32768150.0,21162.0,33.24,14.25,-11.5,1384992000.0
2013-11-20,533.0,536.95,522.0,524.55,531.5246938711597,63862.0,2519.0,33944230.0,13194.0,20.66,14.95,-8.45,1384905600.0
2013-11-19,528.0,534.1,528.0,530.65,531.4609449667229,57547.0,1710.0,30583983.0,13217.0,22.97,6.1,2.65,1384819200.0
2013-11-18,520.0,528.0,515.55,526.2,521.1336323273536,66668.0,2998.0,34742937.0,14064.0,21.1,12.45,6.2,1384732800.0
2013-11-14,525.0,530.0,511.9,513.75,518.8438649457489,75851.0,3077.0,39354826.0,21670.0,28.57,18.1,-11.25,1384387200.0
2013-11-13,525.0,531.95,518.25,522.7,523.8383472560008,75656.0,2786.0,39631514.0,11372.0,15.03,13.7,-2.3,1384300800.0
2013-11-12,546.1,551.6,528.65,531.05,538.0972661293913,44918.0,2468.0,24170253.0,11491.0,25.58,22.95,-15.05,1384214400.0
2013-11-11,559.0,559.0,545.0,547.6,550.9245031323348,59221.0,3488.0,32626300.0,18391.0,31.05,14.0,-11.4,1384128000.0
2013-11-08,551.0,560.0,546.95,556.5,554.0205528184613,74491.0,4546.0,41269545.0,20214.0,27.14,13.05,5.5,1383868800.0
2013-11-07,551.0,558.0,547.25,551.4,552.682671883734,71560.0,4599.0,39549972.0,22271.0,31.12,10.75,0.4,1383782400.0
2013-11-06,548.0,555.0,542.05,551.0,550.3652616887648,71650.0,4962.0,39433671.0,20081.0,28.03,12.95,3.0,1383696000.0
2013-11-05,539.0,549.5,535.3,546.05,544.7694279605549,91672.0,4720.0,49940103.0,25206.0,27.5,14.2,7.05,1383609600.0
2013-11-03,543.85,545.0,536.1,538.95,541.2521669113816,21113.0,1019.0,11427457.0,12882.0,61.01,8.9,-4.9,1383436800.0
2013-11-01,535.0,543.0,530.1,540.85,538.2717061681143,135860.0,4182.0,73129594.0,51782.0,38.11,12.9,5.85,1383264000.0
2013-10-31,528.05,540.0,526.9,538.4,536.5603638242084,152931.0,5261.0,82056713.0,45810.0,29.95,13.1,10.35,1383177600.0
2013-10-30,520.0,529.4,517.25,527.9,524.9909129332207,118300.0,3878.0,62106425.0,35588.0,30.08,12.15,7.9,1383091200.0
2013-10-29,502.2,520.2,495.5,518.65,509.57309288934516,112015.0,4168.0,57079830.0,31533.0,28.15,24.7,16.45,1383004800.0
2013-10-28,513.9,517.9,500.0,502.2,508.08308900433786,58323.0,2519.0,29632930.0,21433.0,36.75,17.9,-11.7,1382918400.0
2013-10-25,519.0,522.45,512.0,513.35,515.9577142857144,64750.0,2814.0,33408262.0,21143.0,32.65,10.45,-5.65,1382659200.0
2013-10-24,521.0,533.0,519.0,521.1,525.7848264205644,178679.0,6419.0,93946707.0,50481.0,28.25,14.0,0.1,1382572800.0
2013-10-23,525.0,529.0,515.55,521.6,519.3966285932656,117755.0,4041.0,61161550.0,31830.0,27.03,13.45,-3.4,1382486400.0
2013-10-22,529.25,531.9,510.5,523.3,519.7352290005642,464322.0,14438.0,241324501.0,75610.0,16.28,21.4,-5.95,1382400000.0
2013-10-21,489.0,529.35,488.55,516.5,509.1476185783272,710290.0,21372.0,361642462.0,160307.0,22.57,40.8,27.5,1382313600.0
2013-10-18,485.1,494.5,476.6,486.95,486.20244662579483,175834.0,6133.0,85490921.0,35904.0,20.42,17.9,1.85,1382054400.0
2013-10-17,481.3,488.95,475.0,485.9,485.6875813233622,73011.0,2645.0,35460536.0,21394.0,29.3,13.95,4.6,1381968000.0
2013-10-15,472.0,482.8,470.0,479.35,476.77295660027914,109609.0,4282.0,52258607.0,24402.0,22.26,12.8,7.35,1381795200.0
2013-10-14,480.25,480.25,469.0,470.8,471.7864386927208,70008.0,2924.0,33028825.0,33354.0,47.64,11.25,-9.45,1381708800.0
2013-10-11,484.0,487.0,477.15,483.65,483.2499625849322,66818.0,2843.0,32289796.0,24110.0,36.08,9.85,-0.35,1381449600.0
2013-10-10,469.0,482.9,469.0,479.0,479.3698658712114,95878.0,4355.0,45961024.0,25099.0,26.18,13.9,10.0,1381363200.0
2013-10-09,458.0,471.0,454.7,469.6,465.3360405650441,92099.0,3121.0,42856984.0,22404.0,24.33,16.3,11.6,1381276800.0
2013-10-08,466.0,471.6,458.1,459.45,463.99006985141784,67572.0,2586.0,31352737.0,18400.0,27.23,13.5,-6.55,1381190400.0
2013-10-07,469.0,470.0,457.1,463.25,461.5581802785645,68494.0,2769.0,31613966.0,19161.0,27.97,12.9,-5.75,1381104000.0
2013-10-04,474.5,475.95,465.0,466.95,471.4242305548442,66379.0,2401.0,31292669.0,27146.0,40.9,10.95,-7.55,1380844800.0
2013-10-03,458.0,477.1,458.0,470.8,470.0298279466152,87066.0,3813.0,40923617.0,22242.0,25.55,19.1,12.8,1380758400.0
2013-10-01,461.0,462.35,452.0,454.65,456.9647375673305,79830.0,3245.0,36479495.0,22942.0,28.74,10.35,-6.35,1380585600.0
2013-09-30,469.0,470.0,457.05,459.35,461.7972325239662,57164.0,2768.0,26398177.0,16350.0,28.6,12.95,-9.65,1380499200.0
2013-09-27,481.0,485.75,469.0,471.05,478.8786089668821,305212.0,3512.0,146159498.0,25857.0,8.47,16.75,-9.95,1380240000.0
2013-09-26,479.8,484.05,476.2,478.5,480.2180017801512,44940.0,1579.0,21580997.0,11483.0,25.55,7.85,-1.3,1380153600.0
2013-09-25,486.0,490.0,472.15,478.5,479.4070204366369,63073.0,2507.0,30237639.0,19255.0,30.53,17.85,-7.5,1380067200.0
2013-09-24,485.0,504.0,482.5,485.85,494.5204146790369,133115.0,5439.0,65828085.0,27154.0,20.4,21.5,0.85,1379980800.0
2013-09-23,488.0,495.1,480.55,486.15,489.8099791945562,593114.0,4431.0,290513156.0,507877.0,85.63,14.55,-1.85,1379894400.0
2013-09-20,482.7,490.0,469.05,487.55,481.81340893432406,107406.0,3702.0,51749651.0,27087.0,25.22,20.95,4.85,1379635200.0
2013-09-19,449.0,485.8,449.0,478.85,472.2702626557557,234261.0,7598.0,110634504.0,96621.0,41.25,36.8,29.85,1379548800.0
2013-09-18,444.0,448.45,439.45,445.6,443.39543430997,38636.0,1345.0,17131026.0,18372.0,47.55,9.0,1.6,1379462400.0
2013-09-17,442.0,443.9,438.0,442.25,440.4287516486037,34878.0,1547.0,15361274.0,9105.0,26.11,5.9,0.25,1379376000.0
2013-09-16,444.0,458.0,437.0,442.2,443.1029103057332,122427.0,2553.0,54247760.0,56961.0,46.53,21.0,-1.8,1379289600.0
2013-09-13,437.7,445.2,435.9,442.1,442.0160322986454,34181.0,1632.0,15108550.0,11603.0,33.95,9.3,4.4,1379030400.0
2013-09-12,447.0,451.0,435.1,437.7,441.800540150404,42951.0,1851.0,18975775.0,12145.0,28.28,15.9,-9.3,1378944000.0
2013-09-11,446.0,446.0,434.0,444.6,440.394017225469,65020.0,2574.0,28634419.0,26132.0,40.19,12.0,-1.4,1378857600.0
2013-09-10,425.5,450.0,425.5,445.4,440.3142794034762,131294.0,5950.0,57810623.0,44297.0,33.74,24.5,19.9,1378771200.0
2013-09-06,406.0,426.9,406.0,424.55,418.64201272715337,152430.0,6554.0,63813602.0,50268.0,32.98,20.9,18.55,1378425600.0
2013-09-05,407.0,411.5,403.0,406.5,407.3445429845696,78028.0,2401.0,31784280.0,20745.0,26.59,8.5,-0.5,1378339200.0
2013-09-04,400.0,408.95,399.5,403.95,404.6401169028154,81093.0,2807.0,32813481.0,22025.0,27.16,9.45,3.95,1378252800.0
2013-09-03,422.0,423.55,395.75,398.8,402.01899667649917,299684.0,6509.0,120478661.0,168666.0,56.28,27.8,-23.2,1378166400.0
2013-09-02,421.0,427.8,418.75,423.3,423.6633804404637,97579.0,3228.0,41340649.0,18033.0,18.48,9.05,2.3,1378080000.0
2013-08-30,405.0,422.3,395.0,418.75,409.52921890814696,206493.0,5191.0,84564917.0,64704.0,31.33,27.3,13.75,1377820800.0
2013-08-29,397.7,409.5,390.0,403.0,403.7515478978736,129369.0,4800.0,52232934.0,19843.0,15.34,19.5,5.3,1377734400.0
2013-08-28,403.1,403.1,376.35,391.9,387.3899155233192,428639.0,14510.0,166050426.0,181679.0,42.39,26.75,-11.2,1377648000.0
2013-08-27,427.0,434.0,405.85,410.55,411.9248148031892,254864.0,4699.0,104984806.0,155733.0,61.1,28.15,-16.45,1377561600.0
2013-08-26,422.15,434.15,421.0,430.35,430.0081584485305,293193.0,3211.0,126075382.0,223936.0,76.38,13.15,8.2,1377475200.0
2013-08-23,420.0,424.95,415.0,420.5,419.3704522302263,109944.0,2432.0,46107265.0,49362.0,44.9,9.95,0.5,1377216000.0
2013-08-22,416.95,424.9,412.25,420.6,419.3336266042457,123890.0,3612.0,51951243.0,24120.0,19.47,12.65,3.65,1377129600.0
2013-08-21,424.9,427.6,410.0,414.7,415.6942832126269,172457.0,3791.0,71689389.0,83597.0,48.47,17.6,-10.2,1377043200.0
2013-08-20,421.9,424.0,405.55,418.0,417.7622567851574,354008.0,4870.0,147891181.0,277917.0,78.51,18.45,-3.9,1376956800.0
2013-08-19,421.0,431.0,398.1,426.8,418.13489070582347,179790.0,6878.0,75176472.0,76496.0,42.55,32.9,5.8,1376870400.0
2013-08-16,436.7,437.0,415.05,417.65,421.9371644591407,107662.0,4578.0,45426599.0,34369.0,31.92,21.95,-19.05,1376611200.0
2013-08-14,442.0,443.0,430.0,434.3,435.78309924015656,86860.0,2944.0,37852120.0,26478.0,30.48,13.0,-7.7,1376438400.0
2013-08-13,438.0,442.65,430.0,440.25,437.8947670428335,88879.0,2914.0,38919649.0,27990.0,31.49,12.65,2.25,1376352000.0
2013-08-12,433.9,439.0,418.8,436.35,429.7077255729048,112846.0,4497.0,48490798.0,25809.0,22.87,20.2,2.45,1376265600.0
2013-08-08,427.5,435.0,423.5,431.1,430.0629893620133,102557.0,3325.0,44105970.0,36947.0,36.03,11.5,3.6,1375920000.0
2013-08-07,439.95,439.95,411.6,423.65,421.4111436484237,276947.0,7781.0,116708552.0,100979.0,36.46,28.35,-16.3,1375833600.0
2013-08-06,471.0,471.0,435.0,437.65,446.0871695769204,173868.0,5446.0,77560284.0,61624.0,35.44,36.0,-33.35,1375747200.0
2013-08-05,499.8,499.8,470.5,474.4,478.998255212184,101445.0,4411.0,48591978.0,33300.0,32.83,29.3,-25.4,1375660800.0
2013-08-02,498.0,503.7,492.0,497.65,496.93909013341613,51568.0,2137.0,25626155.0,19761.0,38.32,11.7,-0.35,1375401600.0
2013-08-01,516.0,516.0,487.1,496.55,500.44183802095637,203088.0,5802.0,101633732.0,127908.0,62.98,28.9,-19.45,1375315200.0
2013-07-31,512.0,514.0,496.0,507.1,502.9961221048172,122747.0,6904.0,61741265.0,50074.0,40.79,18.0,-4.9,1375228800.0
2013-07-30,524.65,524.7,502.6,510.25,511.8268621214518,183299.0,8695.0,93817352.0,63443.0,34.61,22.1,-14.4,1375142400.0
2013-07-29,5078.9,5135.0,5063.0,5115.3,5094.578053329301,19839.0,2442.0,101071334.0,13726.0,69.19,72.0,36.4,1375056000.0
2013-07-26,5076.0,5172.0,5046.0,5079.05,5104.89680691404,19323.0,4634.0,98641921.0,6289.0,32.55,126.0,3.05,1374796800.0
2013-07-25,4986.05,5116.9,4985.0,5079.4,5063.844686299616,15620.0,3781.0,79097254.0,4674.0,29.92,131.9,93.35,1374710400.0
2013-07-24,4901.0,5015.0,4897.45,4988.95,4962.520472385263,14141.0,3195.0,70175002.0,4306.0,30.45,117.55,87.95,1374624000.0
2013-07-23,5000.0,5037.95,4901.0,4939.35,4968.439613879848,27349.0,6480.0,135881855.0,6824.0,24.95,136.95,-60.65,1374537600.0
2013-07-22,5165.0,5223.05,5028.0,5076.9,5124.971254309202,18855.0,4261.0,96631333.0,3243.0,17.2,195.05,-88.1,1374451200.0
2013-07-19,5215.0,5246.6,5151.05,5164.25,5181.841986223913,9727.0,2148.0,50403777.0,2311.0,23.76,95.55,-50.75,1374192000.0
2013-07-18,5013.0,5235.85,5010.05,5215.5,5139.36664010095,30114.0,5728.0,154766887.0,10707.0,35.55,225.8,202.5,1374105600.0
2013-07-17,4834.0,5029.5,4834.0,5007.25,4967.055116663605,16329.0,3679.0,81107043.0,6959.0,42.62,195.5,173.25,1374019200.0
2013-07-16,4780.0,4853.45,4764.9,4833.7,4819.615369573718,5114.0,920.0,24647513.0,1922.0,37.58,88.55,53.7,1373932800.0
2013-07-15,4823.7,4850.0,4700.0,4813.55,4813.968421052632,3610.0,707.0,17378426.0,1422.0,39.39,150.0,-10.15,1373846400.0
2013-07-12,4875.0,4907.0,4792.2,4824.9,4822.273844053916,5861.0,1315.0,28263347.0,972.0,16.58,114.8,-50.1,1373587200.0
2013-07-11,4801.0,4887.0,4801.0,4877.15,4854.361042183623,5642.0,1418.0,27388305.0,2213.0,39.22,86.0,76.15,1373500800.0
2013-07-10,4750.0,4844.0,4750.0,4779.15,4817.011488542508,32206.0,1575.0,155136672.0,27380.0,85.02,94.0,29.15,1373414400.0
2013-07-09,4679.0,4764.0,4677.1,4750.6,4728.283479138628,5944.0,1580.0,28104917.0,1873.0,31.51,86.9,71.6,1373328000.0
2013-07-08,4679.9,4697.75,4630.5,4667.65,4667.807730426165,8072.0,1530.0,37678544.0,1669.0,20.68,67.25,-12.25,1373241600.0
2013-07-05,4583.1,4674.0,4577.65,4658.75,4639.228274502777,5581.0,1090.0,25891533.0,1691.0,30.3,96.35,75.65,1372982400.0
2013-07-04,4575.0,4620.0,4535.05,4564.45,4579.296825660628,6017.0,1118.0,27553629.0,1232.0,20.48,84.95,-10.55,1372896000.0
2013-07-03,4660.0,4680.15,4549.0,4564.4,4603.543513957307,6090.0,1155.0,28035580.0,1954.0,32.09,131.15,-95.6,1372809600.0
2013-07-02,4710.0,4734.45,4657.5,4673.45,4690.362101966243,5747.0,1344.0,26955511.0,1556.0,27.07,76.95,-36.55,1372723200.0
2013-07-01,4634.9,4720.0,4550.0,4697.95,4671.610857075859,8529.0,2097.0,39844169.0,2770.0,32.48,170.0,63.05,1372636800.0
2013-06-28,4584.95,4645.7,4548.8,4630.0,4604.679396401625,8615.0,1533.0,39669313.0,1479.0,17.17,96.9,45.05,1372377600.0
2013-06-27,4535.0,4690.0,4508.0,4541.95,4570.752637052444,13462.0,2614.0,61531472.0,2708.0,20.12,182.0,6.95,1372291200.0
2013-06-26,4370.0,4523.0,4365.0,4491.5,4462.572606801965,10791.0,2263.0,48155621.0,1740.0,16.12,158.0,121.5,1372204800.0
2013-06-25,4420.0,4424.9,4302.0,4363.5,4358.609485679088,6494.0,1454.0,28304810.0,1654.0,25.47,122.9,-56.5,1372118400.0
2013-06-24,4547.0,4553.55,4372.4,4392.05,4429.411642195148,9603.0,2239.0,42535640.0,4009.0,41.75,181.15,-154.95,1372032000.0
2013-06-21,4551.0,4600.0,4515.0,4548.25,4565.7864496844895,3011.0,666.0,13747583.0,470.0,15.61,85.0,-2.75,1371772800.0
2013-06-20,4594.0,4594.0,4523.1,4568.2,4564.4705676243875,2854.0,573.0,13026999.0,910.0,31.89,70.9,-25.8,1371686400.0
2013-06-19,4563.75,4615.0,4549.3,4604.6,4562.1090760338875,37891.0,841.0,172862875.0,35547.0,93.81,65.7,40.85,1371600000.0
2013-06-18,4549.7,4602.0,4538.95,4578.9,4574.056851642129,4415.0,938.0,20194461.0,958.0,21.7,63.05,29.2,1371513600.0
2013-06-17,4557.0,4634.0,4532.0,4578.75,4594.842158652871,4929.0,1097.0,22647977.0,1025.0,20.8,102.0,21.75,1371427200.0
2013-06-14,4470.0,4594.4,4470.0,4559.2,4542.011633543384,6189.0,1168.0,28110510.0,2067.0,33.4,124.4,89.2,1371168000.0
2013-06-13,4465.0,4519.0,4431.25,4441.8,4469.462970799831,4726.0,793.0,21122682.0,1671.0,35.36,87.75,-23.2,1371081600.0
2013-06-12,4509.0,4518.0,4440.15,4490.8,4477.537903893952,4828.0,1023.0,21617553.0,1269.0,26.28,77.85,-18.2,1370995200.0
2013-06-11,4528.4,4537.35,4465.0,4486.6,4502.143187552565,9512.0,1493.0,42824386.0,4726.0,49.68,72.35,-41.8,1370908800.0
2013-06-10,4600.0,4614.4,4530.0,4540.3,4560.778628738147,5484.0,837.0,25011310.0,1470.0,26.81,84.4,-59.7,1370822400.0
2013-06-07,4645.0,4650.0,4563.0,4579.65,4595.79684418146,7605.0,1151.0,34951035.0,2644.0,34.77,87.0,-65.35,1370563200.0
2013-06-06,4650.0,4654.0,4608.15,4623.4,4629.8714763497355,6279.0,1080.0,29070963.0,1340.0,21.34,45.85,-26.6,1370476800.0
2013-06-05,4694.9,4709.0,4647.0,4677.15,4673.918508552759,5203.0,864.0,24318398.0,1209.0,23.24,62.0,-17.75,1370390400.0
2013-06-04,4696.0,4760.0,4666.0,4689.25,4732.293615464358,16399.0,1417.0,77604883.0,11624.0,70.88,94.0,-6.75,1370304000.0
2013-06-03,4864.2,4864.2,4653.0,4695.35,4735.790866671767,13073.0,1996.0,61910994.0,5324.0,40.73,211.2,-168.85,1370217600.0
2013-05-31,4899.0,4924.0,4855.05,4864.2,4874.0534799924135,5273.0,609.0,25700884.0,1414.0,26.82,68.95,-34.8,1369958400.0
2013-05-30,4775.0,4952.0,4775.0,4909.7,4885.292103516921,7535.0,959.0,36810676.0,3597.0,47.74,177.0,134.7,1369872000.0
2013-05-29,4810.5,4858.35,4779.45,4812.5,4804.818132267442,5504.0,668.0,26445719.0,793.0,14.41,78.9,2.0,1369785600.0
2013-05-28,4824.7,4873.95,4804.0,4821.75,4832.917112299465,8602.0,1082.0,41572753.0,1725.0,20.05,69.95,-2.95,1369699200.0
2013-05-27,4804.85,4879.8,4772.9,4827.95,4812.564865373754,5311.0,853.0,25559532.0,1120.0,21.09,106.9,23.1,1369612800.0
2013-05-24,4805.8,4824.0,4765.0,4804.85,4796.2438672438675,4158.0,624.0,19942782.0,738.0,17.75,59.0,-0.95,1369353600.0
2013-05-23,4819.0,4828.0,4755.15,4800.75,4790.774642367234,5103.0,1009.0,24447323.0,1321.0,25.89,72.85,-18.25,1369267200.0
2013-05-22,4799.75,4847.9,4760.45,4832.05,4817.086829268293,5125.0,760.0,24687570.0,1271.0,24.8,87.45,32.3,1369180800.0
2013-05-21,4760.0,4822.4,4725.1,4782.45,4780.324954846478,6644.0,935.0,31760479.0,1566.0,23.57,97.3,22.45,1369094400.0
2013-05-20,4840.0,4859.0,4770.9,4777.45,4804.789588377724,4130.0,578.0,19843781.0,820.0,19.85,88.1,-62.55,1369008000.0
2013-05-17,4860.0,4890.0,4790.0,4809.3,4822.567230632235,7861.0,1029.0,37910201.0,2019.0,25.68,100.0,-50.7,1368748800.0
2013-05-16,4835.0,4907.95,4815.0,4859.2,4863.905993510211,10478.0,1467.0,50964007.0,2268.0,21.65,92.95,24.2,1368662400.0
2013-05-15,4740.0,4845.0,4740.0,4824.05,4812.640946166394,12260.0,1673.0,59002978.0,3720.0,30.34,105.0,84.05,1368576000.0
2013-05-14,4719.8,4775.0,4705.4,4742.45,4734.17643581081,11840.0,1692.0,56052649.0,1824.0,15.41,69.6,22.65,1368489600.0
2013-05-13,4745.0,4788.0,4675.0,4703.05,4736.652345644792,14431.0,2109.0,68354630.0,2723.0,18.87,113.0,-41.95,1368403200.0
2013-05-11,4651.1,4743.0,4643.15,4713.75,4698.075787893948,3998.0,736.0,18782907.0,1102.0,27.56,99.85,62.65,1368230400.0
2013-05-10,4670.0,4670.0,4603.0,4636.75,4626.517403227508,18962.0,3133.0,87728023.0,4962.0,26.17,67.0,-33.25,1368144000.0
2013-05-09,4880.0,4924.75,4590.5,4673.6,4734.248730763912,50621.0,8763.0,239652405.0,7421.0,14.66,334.25,-206.4,1368057600.0
2013-05-08,4913.85,4927.1,4840.0,4849.8,4861.688459667895,14393.0,955.0,69974282.0,9050.0,62.88,87.1,-64.05,1367971200.0
2013-05-07,4860.0,4946.0,4860.0,4897.5,4903.594273470978,10268.0,1229.0,50350106.0,2908.0,28.32,86.0,37.5,1367884800.0
2013-05-06,4719.95,4890.0,4719.95,4855.75,4828.881513072502,16179.0,2378.0,78126474.0,3632.0,22.45,170.05,135.8,1367798400.0
2013-05-03,4730.0,4745.0,4676.05,4696.45,4704.460784313725,3060.0,371.0,14395650.0,1541.0,50.36,68.95,-33.55,1367539200.0
2013-05-02,4717.9,4748.9,4683.1,4726.55,4735.213616701147,26585.0,629.0,125885654.0,24265.0,91.27,65.8,8.65,1367452800.0
2013-04-30,4711.8,4715.55,4635.0,4681.75,4673.25875,68000.0,779.0,317781595.0,2079.0,3.06,80.55,-30.05,1367280000.0
2013-04-29,4715.15,4765.0,4686.0,4701.2,4716.51632272062,19819.0,690.0,93476637.0,2665.0,13.45,79.0,-13.95,1367193600.0
2013-04-26,4714.0,4783.55,4694.0,4706.05,4726.077816764133,12825.0,1968.0,60611948.0,3579.0,27.91,89.55,-7.95,1366934400.0
2013-04-25,4664.0,4686.0,4635.1,4654.2,4669.694361384024,4682.0,608.0,21863509.0,2480.0,52.97,50.9,-9.8,1366848000.0
2013-04-23,4645.0,4664.95,4620.35,4648.75,4646.13923650613,15822.0,582.0,73511215.0,3273.0,20.69,44.6,3.75,1366675200.0
2013-04-22,4648.0,4734.0,4615.0,4643.8,4668.9290322580655,6510.0,777.0,30394728.0,950.0,14.59,119.0,-4.2,1366588800.0
2013-04-18,4669.65,4670.0,4605.0,4648.25,4643.826687811509,8828.0,1075.0,40995702.0,4835.0,54.77,65.0,-21.4,1366243200.0
2013-04-17,4684.8,4704.0,4631.2,4648.45,4675.821695760599,16842.0,1393.0,78750189.0,7379.0,43.81,72.8,-36.35,1366156800.0
2013-04-16,4650.0,4714.7,4650.0,4687.9,4683.93996831504,17674.0,1230.0,82783955.0,7361.0,41.65,64.7,37.9,1366070400.0
2013-04-15,4660.0,4701.0,4612.0,4639.35,4663.335828343313,12024.0,803.0,56071950.0,943.0,7.84,89.0,-20.65,1365984000.0
2013-04-12,4562.0,4718.2,4556.5,4667.25,4673.503932802486,20596.0,2618.0,96255487.0,5713.0,27.74,161.7,105.25,1365724800.0
2013-04-11,4562.8,4593.7,4512.85,4552.7,4560.243904421326,12304.0,932.0,56109241.0,795.0,6.46,80.85,-10.1,1365638400.0
2013-04-10,4563.1,4574.25,4460.0,4536.05,4518.116322501467,18741.0,1594.0,84674018.0,4396.0,23.46,114.25,-27.05,1365552000.0
2013-04-09,4627.5,4666.0,4512.7,4530.9,4579.996869129617,14373.0,1772.0,65828295.0,4441.0,30.9,153.3,-96.6,1365465600.0
2013-04-08,4770.0,4780.0,4620.1,4627.5,4676.633185790489,8811.0,1530.0,41205815.0,2550.0,28.94,159.9,-142.5,1365379200.0
2013-04-05,4795.0,4819.7,4737.0,4769.65,4769.689745836985,6846.0,1302.0,32653296.0,1207.0,17.63,82.7,-25.35,1365120000.0
2013-04-04,4869.0,4879.8,4790.0,4802.05,4831.252677279304,6910.0,1286.0,33383956.0,1746.0,25.27,89.8,-66.95,1365033600.0
2013-04-03,4890.0,4911.0,4841.1,4878.65,4871.804511278196,6650.0,960.0,32397500.0,1364.0,20.51,69.9,-11.35,1364947200.0
2013-04-02,4924.0,4968.85,4876.1,4891.75,4956.217213336949,73780.0,1123.0,365669706.0,64967.0,88.06,92.75,-32.25,1364860800.0
2013-04-01,4906.95,4974.5,4891.0,4946.7,4941.744795020391,4659.0,921.0,23023589.0,1516.0,32.54,83.5,39.75,1364774400.0
2013-03-28,4890.0,4924.0,4853.2,4914.4,4905.461871461872,9009.0,775.0,44193306.0,3942.0,43.76,70.8,24.4,1364428800.0
2013-03-26,4887.0,4925.0,4871.25,4895.7,4897.388471562165,13046.0,1086.0,63891330.0,5455.0,41.81,53.75,8.7,1364256000.0
2013-03-25,4960.0,5000.0,4860.0,4877.8,4901.234372899583,14878.0,1607.0,72920565.0,7153.0,48.08,140.0,-82.2,1364169600.0
2013-03-22,4899.05,4991.5,4890.55,4948.2,4942.221525338686,11958.0,2060.0,59099085.0,1793.0,14.99,100.95,49.15,1363910400.0
2013-03-21,4995.0,5047.0,4876.0,4904.75,4975.100375822111,12772.0,2356.0,63541982.0,2941.0,23.03,171.0,-90.25,1363824000.0
2013-03-20,4895.0,5010.0,4825.0,4993.9,4955.007421748951,12396.0,2522.0,61422272.0,1875.0,15.13,185.0,98.9,1363737600.0
2013-03-19,5000.0,5004.95,4900.0,4909.05,4966.185644624897,49013.0,2503.0,243407657.0,39752.0,81.11,104.95,-90.95,1363651200.0
2013-03-18,4991.0,5025.0,4940.0,5003.75,4992.916565196675,18889.0,3153.0,94311201.0,9618.0,50.92,85.0,12.75,1363564800.0
2013-03-15,4879.1,5030.0,4860.0,5013.05,4996.144576581754,27833.0,4277.0,139057692.0,13305.0,47.8,170.0,133.95,1363305600.0
2013-03-14,4781.2,4934.85,4781.2,4890.65,4864.805444087747,14952.0,3002.0,72738571.0,1846.0,12.35,153.65,109.45,1363219200.0
2013-03-13,4730.0,4825.0,4717.65,4786.4,4790.4618829807505,10494.0,1632.0,50271107.0,2715.0,25.87,107.35,56.4,1363132800.0
2013-03-12,4760.0,4767.0,4724.45,4749.6,4741.2319488817875,7825.0,907.0,37100140.0,3227.0,41.24,42.55,-10.4,1363046400.0
2013-03-11,4652.0,4778.0,4648.05,4760.25,4725.489566304452,10399.0,1564.0,49140366.0,2864.0,27.54,129.95,108.25,1362960000.0
2013-03-08,4595.0,4678.9,4586.0,4659.75,4638.098393845323,7409.0,1079.0,34363671.0,3064.0,41.36,92.9,64.75,1362700800.0
2013-03-07,4417.0,4597.0,4417.0,4572.3,4524.7466536075735,6126.0,1324.0,27718598.0,1432.0,23.38,180.0,155.3,1362614400.0
2013-03-06,4450.95,4465.65,4420.0,4451.45,4436.639648866129,6835.0,508.0,30324432.0,4770.0,69.79,45.65,0.5,1362528000.0
2013-03-05,4339.0,4450.0,4310.3,4433.6,4362.424251602807,19809.0,1064.0,86415262.0,15754.0,79.53,139.7,94.6,1362441600.0
2013-03-04,4334.45,4350.0,4278.1,4320.45,4312.323239338797,7199.0,703.0,31044415.0,4720.0,65.56,71.9,-14.0,1362355200.0
2013-03-01,4300.0,4379.15,4280.0,4347.55,4329.484011832653,7099.0,904.0,30735007.0,2125.0,29.93,99.15,47.55,1362096000.0
2013-02-28,4371.95,4433.95,4252.1,4290.45,4367.936600092894,8612.0,1256.0,37616670.0,2871.0,33.34,181.85,-81.5,1362009600.0
2013-02-27,4420.0,4424.75,4325.0,4352.4,4377.403037013603,6322.0,792.0,27673942.0,1410.0,22.3,99.75,-67.6,1361923200.0
2013-02-26,4482.0,4496.4,4367.05,4395.95,4436.81217750258,4845.0,727.0,21496355.0,1968.0,40.62,129.35,-86.05,1361836800.0
2013-02-25,4509.0,4535.0,4491.85,4500.1,4509.650029188559,3426.0,411.0,15450061.0,735.0,21.45,43.15,-8.9,1361750400.0
2013-02-22,4508.0,4544.0,4486.5,4530.2,4524.330322933772,3654.0,534.0,16531903.0,751.0,20.55,57.5,22.2,1361491200.0
2013-02-21,4550.0,4554.0,4489.1,4508.65,4521.6640326280885,3923.0,637.0,17738488.0,1188.0,30.28,64.9,-41.35,1361404800.0
2013-02-20,4571.85,4599.0,4524.05,4556.1,4558.381999630384,5411.0,944.0,24665405.0,2560.0,47.31,74.95,-15.75,1361318400.0
2013-02-19,4500.0,4555.0,4480.0,4544.55,4524.663342399517,3309.0,552.0,14972111.0,884.0,26.72,75.0,44.55,1361232000.0
2013-02-18,4521.8,4521.8,4483.0,4496.35,4505.1623891740555,2143.0,308.0,9654563.0,854.0,39.85,38.8,-25.45,1361145600.0
2013-02-15,4524.0,4572.0,4436.75,4541.85,4539.327259985985,5708.0,925.0,25910480.0,2396.0,41.98,135.25,17.85,1360886400.0
2013-02-14,4481.0,4539.9,4453.0,4515.5,4490.453377166767,3346.0,539.0,15025057.0,1010.0,30.19,86.9,34.5,1360800000.0
2013-02-13,4500.95,4524.4,4450.0,4474.4,4491.492889723639,3727.0,541.0,16739794.0,1211.0,32.49,74.4,-26.55,1360713600.0
2013-02-12,4534.0,4534.0,4481.2,4507.65,4507.692244224422,2424.0,381.0,10926646.0,316.0,13.04,52.8,-26.35,1360627200.0
2013-02-11,4524.95,4574.55,4478.05,4531.95,4518.019126276896,4601.0,679.0,20787406.0,957.0,20.8,96.5,7.0,1360540800.0
2013-02-08,4603.0,4630.05,4510.0,4522.7,4554.893509884372,5362.0,837.0,24423339.0,2662.0,49.65,120.05,-80.3,1360281600.0
2013-02-07,4600.0,4649.8,4591.2,4602.15,4607.997992543734,3487.0,674.0,16068089.0,900.0,25.81,58.6,2.15,1360195200.0
2013-02-06,4625.0,4660.0,4611.0,4618.7,4630.4128677103035,5813.0,1131.0,26916590.0,954.0,16.41,49.0,-6.3,1360108800.0
2013-02-05,4639.0,4670.0,4602.2,4634.35,4638.77759502924,5472.0,1025.0,25383391.0,1081.0,19.76,67.8,-4.65,1360022400.0
2013-02-04,4539.0,4649.95,4539.0,4633.3,4615.1528005838345,10962.0,2106.0,50591305.0,3105.0,28.33,110.95,94.3,1359936000.0
2013-02-01,4510.0,4554.4,4510.0,4540.9,4528.81971277052,95603.0,854.0,432968751.0,91401.0,95.6,44.4,30.9,1359676800.0
2013-01-31,4488.5,4565.55,4480.75,4502.05,4527.683539486205,15765.0,2414.0,71378931.0,3409.0,21.62,84.8,13.55,1359590400.0
2013-01-30,4425.05,4481.0,4425.05,4463.4,4463.8090174966355,7430.0,1236.0,33166101.0,2547.0,34.28,55.95,38.35,1359504000.0
2013-01-29,4399.3,4440.0,4368.0,4426.95,4400.349296768665,19837.0,675.0,87289729.0,16216.0,81.75,72.0,27.65,1359417600.0
2013-01-28,4395.15,4416.75,4350.0,4396.35,4391.879816456094,15909.0,815.0,69870416.0,10908.0,68.56,66.75,1.2,1359331200.0
2013-01-25,4394.0,4464.8,4376.0,4407.35,4405.179133475811,5147.0,707.0,22673457.0,980.0,19.04,88.8,13.35,1359072000.0
2013-01-24,4439.9,4473.8,4383.15,4397.2,4430.629436964504,6536.0,931.0,28958594.0,1147.0,17.55,90.65,-42.7,1358985600.0
2013-01-23,4406.25,4486.5,4406.25,4442.45,4453.9823456157055,27302.0,2295.0,121602626.0,14286.0,52.33,80.25,36.2,1358899200.0
2013-01-22,4332.9,4450.0,4329.95,4400.3,4413.958430828784,34617.0,3553.0,152797999.0,16771.0,48.45,120.05,67.4,1358812800.0
2013-01-21,4333.5,4350.0,4275.6,4296.15,4303.894177051999,9308.0,1235.0,40060647.0,2570.0,27.61,74.4,-37.35,1358726400.0
2013-01-18,4323.0,4358.75,4275.65,4309.9,4302.988607346297,5091.0,1001.0,21906515.0,2161.0,42.45,83.1,-13.1,1358467200.0
2013-01-17,4293.0,4339.9,4284.4,4332.65,4316.787625703085,5867.0,852.0,25326593.0,2503.0,42.66,55.5,39.65,1358380800.0
2013-01-16,4299.0,4335.8,4263.0,4276.6,4299.912601626016,4428.0,673.0,19040013.0,1154.0,26.06,72.8,-22.4,1358294400.0
2013-01-15,4341.0,4350.25,4291.0,4313.4,4317.930755395683,3336.0,495.0,14404617.0,908.0,27.22,59.25,-27.6,1358208000.0
2013-01-14,4310.05,4370.0,4300.0,4359.35,4337.123757904245,2214.0,465.0,9602392.0,855.0,38.62,70.0,49.3,1358121600.0
2013-01-11,4375.0,4376.4,4290.0,4302.0,4335.183507432704,9956.0,747.0,43161087.0,6743.0,67.73,86.4,-73.0,1357862400.0
2013-01-10,4383.6,4414.9,4351.0,4360.1,4382.7567239636,4945.0,819.0,21672732.0,1489.0,30.11,63.9,-23.5,1357776000.0
2013-01-09,4390.0,4410.0,4352.0,4358.25,4365.278517110266,4208.0,728.0,18369092.0,1630.0,38.74,58.0,-31.75,1357689600.0
2013-01-08,4385.15,4407.0,4356.0,4385.85,4380.498555509698,2423.0,424.0,10613948.0,674.0,27.82,51.0,0.7,1357603200.0
2013-01-07,4420.0,4426.8,4382.0,4394.7,4396.534334763949,3262.0,648.0,14341495.0,1355.0,41.54,44.8,-25.3,1357516800.0
2013-01-04,4390.0,4416.9,4376.45,4396.35,4395.781638198758,5152.0,469.0,22647067.0,2497.0,48.47,40.45,6.35,1357257600.0
2013-01-03,4397.0,4425.0,4374.0,4397.2,4388.224663522375,8693.0,522.0,38146837.0,6544.0,75.28,51.0,0.2,1357171200.0
2013-01-02,4443.45,4455.85,4365.0,4374.5,4404.179258731289,5612.0,848.0,24716254.0,1833.0,32.66,90.85,-68.95,1357084800.0
2013-01-01,4420.0,4445.0,4410.0,4421.6,4425.889947089947,2835.0,541.0,12547398.0,773.0,27.27,35.0,1.6,1356998400.0
2012-12-31,4390.6,4455.25,4384.5,4420.25,4421.4008382549055,5249.0,924.0,23207933.0,1940.0,36.96,70.75,29.65,1356912000.0
2012-12-28,4340.0,4414.2,4340.0,4390.55,4389.654899135448,2776.0,460.0,12185682.0,746.0,26.87,74.2,50.55,1356652800.0
2012-12-27,4420.0,4445.0,4337.1,4351.95,4386.353006930472,4473.0,748.0,19620157.0,1498.0,33.49,107.9,-68.05,1356566400.0
2012-12-26,4379.9,4441.0,4379.9,4424.05,4423.604842018875,4874.0,796.0,21560650.0,2243.0,46.02,61.1,44.15,1356480000.0
2012-12-24,4359.95,4383.95,4333.95,4360.6,4358.493192133132,2644.0,501.0,11523856.0,1160.0,43.87,50.0,0.65,1356307200.0
2012-12-21,4435.0,4435.0,4333.0,4346.0,4372.501947918802,4877.0,918.0,21324692.0,1862.0,38.18,102.0,-89.0,1356048000.0
2012-12-20,4425.0,4494.0,4402.0,4435.75,4451.38359230972,7594.0,1383.0,33803807.0,1766.0,23.26,92.0,10.75,1355961600.0
2012-12-19,4305.0,4449.0,4298.65,4424.95,4384.045608782435,10020.0,1504.0,43928137.0,3260.0,32.53,150.35,119.95,1355875200.0
2012-12-18,4274.0,4314.8,4250.15,4291.4,4295.2857699046135,5137.0,666.0,22064883.0,2270.0,44.19,64.65,17.4,1355788800.0
2012-12-17,4256.0,4269.05,4225.0,4249.1,4247.59040590406,2710.0,509.0,11510970.0,1279.0,47.2,44.05,-6.9,1355702400.0
2012-12-14,4313.0,4313.0,4270.0,4282.4,4283.393498301795,4122.0,556.0,17656148.0,731.0,17.73,43.0,-30.6,1355443200.0
2012-12-13,4339.0,4346.8,4289.9,4300.65,4312.988071438092,15006.0,396.0,64720699.0,11293.0,75.26,56.9,-38.35,1355356800.0
2012-12-12,4300.0,4343.95,4290.0,4318.5,4323.305675805676,4158.0,556.0,17976305.0,1257.0,30.23,53.95,18.5,1355270400.0
2012-12-11,4316.0,4334.95,4283.05,4296.25,4302.2589463220675,2012.0,358.0,8656145.0,654.0,32.5,51.9,-19.75,1355184000.0
2012-12-10,4336.95,4346.75,4303.0,4314.1,4319.427705627706,2310.0,431.0,9977878.0,680.0,29.44,43.75,-22.85,1355097600.0
2012-12-07,4350.0,4369.05,4301.05,4309.35,4320.493771234428,2649.0,500.0,11444988.0,838.0,31.63,68.0,-40.65,1354838400.0
2012-12-06,4375.7,4375.75,4330.15,4357.5,4359.8532772098615,3326.0,646.0,14500872.0,583.0,17.53,45.6,-18.2,1354752000.0
2012-12-05,4374.95,4410.0,4356.05,4375.95,4385.034308974608,5159.0,1077.0,22622392.0,1611.0,31.23,53.95,1.0,1354665600.0
2012-12-04,4340.0,4396.3,4330.0,4346.1,4355.173076923077,11180.0,1271.0,48690835.0,6796.0,60.79,66.3,6.1,1354579200.0
2012-12-03,4338.9,4380.5,4303.0,4350.4,4338.071002916191,7887.0,989.0,34214366.0,4203.0,53.29,77.5,11.5,1354492800.0
2012-11-30,4295.0,4375.0,4280.4,4327.55,4325.734737979471,11106.0,2022.0,48041610.0,2218.0,19.97,94.6,32.55,1354233600.0
2012-11-29,4132.0,4369.5,4131.05,4317.7,4267.509950354309,23567.0,3882.0,100572407.0,9635.0,40.88,238.45,185.7,1354147200.0
2012-11-27,4074.2,4130.0,4074.2,4123.35,4110.652026143791,3825.0,614.0,15723244.0,1796.0,46.95,55.8,49.15,1353974400.0
2012-11-26,4079.0,4120.0,4050.0,4073.7,4091.623355918693,5018.0,943.0,20531766.0,1212.0,24.15,70.0,-5.3,1353888000.0
2012-11-23,3981.0,4060.7,3981.0,4047.45,4034.650664326899,7978.0,1405.0,32188443.0,2200.0,27.58,79.7,66.45,1353628800.0
2012-11-22,3922.85,3985.0,3922.85,3962.5,3964.480625,3200.0,611.0,12686338.0,1063.0,33.22,62.15,39.65,1353542400.0
2012-11-21,3865.15,3932.6,3838.65,3915.4,3902.426605504587,4578.0,780.0,17865309.0,1872.0,40.89,93.95,50.25,1353456000.0
2012-11-20,3899.95,3925.3,3835.05,3850.35,3873.9213217938627,3813.0,691.0,14771262.0,1039.0,27.25,90.25,-49.6,1353369600.0
2012-11-19,3960.0,3969.9,3850.0,3874.95,3888.2572188955432,7515.0,1093.0,29220253.0,4499.0,59.87,119.9,-85.05,1353283200.0
2012-11-16,4020.0,4028.95,3940.0,3950.35,3973.0195082300334,4921.0,714.0,19551229.0,1802.0,36.62,88.95,-69.65,1353024000.0
2012-11-15,4076.3,4114.0,3995.0,4014.15,4027.068227694792,4954.0,908.0,19950096.0,2073.0,41.84,119.0,-62.15,1352937600.0
2012-11-13,4130.0,4130.0,4069.2,4083.9,4093.089292929293,2475.0,377.0,10130396.0,1312.0,53.01,60.8,-46.1,1352764800.0
2012-11-12,4120.3,4158.95,4050.0,4087.85,4115.383816684569,2793.0,607.0,11494267.0,674.0,24.13,108.95,-32.45,1352678400.0
2012-11-09,4160.05,4190.0,4095.1,4114.0,4143.285078472712,4269.0,815.0,17687684.0,1080.0,25.3,94.9,-46.05,1352419200.0
2012-11-08,4087.9,4200.0,4070.05,4180.55,4165.727476530755,14274.0,2071.0,59461594.0,4899.0,34.32,129.95,92.65,1352332800.0
2012-11-07,4100.05,4141.9,4084.05,4109.95,4118.626039377881,23211.0,1910.0,95597429.0,14572.0,62.78,57.85,9.9,1352246400.0
2012-11-06,3959.9,4113.0,3945.45,4097.7,4056.6551345079242,32749.0,3802.0,132851399.0,10952.0,33.44,167.55,137.8,1352160000.0
2012-11-05,3900.0,3962.25,3890.0,3953.75,3939.4811354019753,5672.0,740.0,22344737.0,2575.0,45.4,72.25,53.75,1352073600.0
2012-11-02,3910.0,3914.9,3875.0,3906.6,3903.5178147268407,2105.0,247.0,8216905.0,1026.0,48.74,39.9,-3.4,1351814400.0
2012-11-01,3869.25,3888.95,3841.0,3875.7,3860.798423037367,2917.0,453.0,11261949.0,876.0,30.03,47.95,6.45,1351728000.0
2012-10-31,3890.05,3910.95,3855.55,3868.9,3874.218106995885,1944.0,320.0,7531480.0,515.0,26.49,55.4,-21.15,1351641600.0
2012-10-30,3935.1,3945.0,3875.05,3883.55,3900.432152406417,2992.0,386.0,11670093.0,977.0,32.65,69.95,-51.55,1351555200.0
2012-10-29,3916.2,3945.0,3895.5,3932.85,3926.0848837209296,2580.0,373.0,10129299.0,824.0,31.94,49.5,16.65,1351468800.0
2012-10-26,3882.0,3936.0,3872.0,3918.85,3908.452691897655,7504.0,993.0,29329029.0,1566.0,20.87,64.0,36.85,1351209600.0
2012-10-25,3914.6,3916.8,3871.6,3898.25,3895.202500385863,6479.0,1006.0,25237017.0,1745.0,26.93,45.2,-16.35,1351123200.0
2012-10-23,3924.9,3939.95,3900.0,3914.75,3917.5644484412483,3336.0,340.0,13068995.0,1448.0,43.41,39.95,-10.15,1350950400.0
2012-10-22,3882.0,3937.6,3839.4,3925.85,3908.994011976048,3340.0,444.0,13056040.0,950.0,28.44,98.2,43.85,1350864000.0
2012-10-19,3940.0,3940.0,3871.2,3881.65,3884.8985507246375,5658.0,516.0,21980756.0,3444.0,60.87,68.8,-58.35,1350604800.0
2012-10-18,3930.0,3948.0,3901.0,3923.9,3925.835840855901,2991.0,402.0,11742175.0,967.0,32.33,47.0,-6.1,1350518400.0
2012-10-17,3900.0,3942.0,3892.0,3911.5,3928.071140447377,16362.0,848.0,64271100.0,12308.0,75.22,50.0,11.5,1350432000.0
2012-10-16,3898.0,3910.0,3866.05,3882.15,3882.5178861788618,2460.0,277.0,9550994.0,880.0,35.77,43.95,-15.85,1350345600.0
2012-10-15,3875.0,3916.95,3850.0,3865.75,3882.188170183328,2891.0,470.0,11223406.0,1040.0,35.97,66.95,-9.25,1350259200.0
2012-10-12,3919.75,3921.0,3874.0,3887.45,3894.98965380024,2513.0,387.0,9788109.0,686.0,27.3,47.0,-32.3,1350000000.0
2012-10-11,3905.4,3929.0,3867.0,3895.25,3900.812189616253,2215.0,327.0,8640299.0,827.0,37.34,62.0,-10.15,1349913600.0
2012-10-10,3911.0,3932.0,3867.7,3885.1,3902.213484971568,6155.0,969.0,24018124.0,1528.0,24.83,64.3,-25.9,1349827200.0
2012-10-09,3915.0,3915.05,3860.1,3879.45,3889.7044972422573,4714.0,804.0,18336067.0,1933.0,41.01,54.95,-35.55,1349740800.0
2012-10-08,3836.0,3910.0,3816.05,3887.6,3865.4568813232695,6227.0,853.0,24070200.0,2195.0,35.25,93.95,51.6,1349654400.0
2012-10-05,3898.2,3898.5,3775.1,3815.2,3832.7102096940525,11636.0,1597.0,44597416.0,2887.0,24.81,123.4,-83.0,1349395200.0
2012-10-04,3914.0,3949.0,3870.2,3874.95,3906.171287593985,4256.0,792.0,16624665.0,1470.0,34.54,78.8,-39.05,1349308800.0
2012-10-03,3952.7,3956.95,3876.4,3907.95,3906.494024499552,6694.0,822.0,26150071.0,3063.0,45.76,80.55,-44.75,1349222400.0
2012-10-01,3955.0,3959.9,3928.5,3939.6,3942.224327485381,4275.0,732.0,16853009.0,2556.0,59.79,31.4,-15.4,1349049600.0
2012-09-28,3899.0,3962.0,3899.0,3936.5,3937.5313479623824,7018.0,1156.0,27633595.0,3452.0,49.19,63.0,37.5,1348790400.0
2012-09-27,3900.0,3921.45,3840.0,3863.45,3877.0204081632646,6272.0,988.0,24316672.0,2942.0,46.91,81.45,-36.55,1348704000.0
2012-09-26,3911.85,3950.0,3872.05,3887.55,3905.789652247668,4716.0,1011.0,18419704.0,1847.0,39.16,77.95,-24.3,1348617600.0
2012-09-25,3980.0,4015.0,3905.0,3929.35,3966.3191333088494,5446.0,809.0,21600574.0,1519.0,27.89,110.0,-50.65,1348531200.0
2012-09-24,3950.0,3998.3,3944.0,3978.95,3977.2355993772703,5781.0,693.0,22992399.0,2722.0,47.09,54.3,28.95,1348444800.0
2012-09-21,3910.0,3960.95,3892.0,3944.05,3936.416314553991,8520.0,927.0,33538267.0,4303.0,50.5,68.95,34.05,1348185600.0
2012-09-20,3895.0,3934.5,3866.95,3895.65,3904.9743787324214,5191.0,821.0,20270722.0,1802.0,34.71,67.55,0.65,1348099200.0
2012-09-18,3910.0,3920.0,3870.05,3895.55,3900.8755474149953,132669.0,497.0,517525258.0,130513.0,98.37,49.95,-14.45,1347926400.0
2012-09-17,3905.05,3926.0,3862.5,3881.7,3899.547420670093,5641.0,761.0,21997347.0,2547.0,45.15,63.5,-23.35,1347840000.0
2012-09-14,3875.0,3915.0,3855.85,3892.85,3895.618990142829,14913.0,1397.0,58095366.0,8321.0,55.8,59.15,17.85,1347580800.0
2012-09-13,3844.0,3873.25,3820.15,3839.8,3852.9219761499135,5870.0,870.0,22616652.0,1558.0,26.54,53.1,-4.2,1347494400.0
2012-09-12,3770.0,3855.0,3770.0,3845.65,3830.7474538235797,11586.0,1608.0,44383040.0,3543.0,30.58,85.0,75.65,1347408000.0
2012-09-11,3727.0,3773.5,3727.0,3770.25,3758.3040794417607,3726.0,532.0,14003441.0,1480.0,39.72,46.5,43.25,1347321600.0
2012-09-10,3783.0,3783.0,3724.0,3736.65,3745.082861189802,5648.0,651.0,21152228.0,1692.0,29.96,59.0,-46.35,1347235200.0
2012-09-08,3780.0,3780.0,3757.85,3766.9,3768.7413793103447,290.0,34.0,1092935.0,150.0,51.72,22.15,-13.1,1347062400.0
2012-09-07,3706.5,3776.1,3706.5,3765.8,3751.257606219005,7461.0,1031.0,27988133.0,2275.0,30.49,69.6,59.3,1346976000.0
2012-09-06,3641.0,3714.1,3625.0,3692.05,3680.840532464004,3681.0,654.0,13549174.0,1347.0,36.59,89.1,51.05,1346889600.0
2012-09-05,3686.95,3686.95,3616.1,3646.1,3651.215036189587,4283.0,458.0,15638154.0,1685.0,39.34,70.85,-40.85,1346803200.0
2012-09-04,3650.0,3695.0,3640.0,3686.5,3675.0224919671546,2801.0,499.0,10293738.0,886.0,31.63,55.0,36.5,1346716800.0
2012-09-03,3654.0,3684.4,3632.2,3653.2,3656.9224340558894,3829.0,572.0,14002356.0,1001.0,26.14,52.2,-0.8,1346630400.0
2012-08-31,3699.0,3720.85,3626.8,3653.35,3653.360112936345,19480.0,835.0,71167455.0,15967.0,81.97,94.05,-45.65,1346371200.0
2012-08-30,3690.0,3725.0,3653.9,3689.75,3680.897192224623,4630.0,823.0,17042554.0,1427.0,30.82,71.1,-0.25,1346284800.0
2012-08-29,3724.85,3743.6,3676.0,3701.4,3706.9434842249652,3645.0,652.0,13511809.0,1331.0,36.52,67.6,-23.45,1346198400.0
2012-08-28,3675.85,3745.15,3650.55,3727.4,3694.4140266021773,4135.0,721.0,15276402.0,1924.0,46.53,94.6,51.55,1346112000.0
2012-08-27,3680.0,3724.75,3655.0,3663.45,3669.110165247872,1997.0,333.0,7327213.0,714.0,35.75,69.75,-16.55,1346025600.0
2012-08-24,3676.05,3692.15,3651.8,3678.85,3670.680658873538,3764.0,727.0,13816442.0,1444.0,38.36,40.35,2.8,1345766400.0
2012-08-23,3714.0,3727.8,3680.15,3696.35,3700.972274143304,3210.0,497.0,11880121.0,1083.0,33.74,47.65,-17.65,1345680000.0
2012-08-22,3700.0,3730.0,3675.0,3690.9,3705.48047367095,3969.0,509.0,14707052.0,2001.0,50.42,55.0,-9.1,1345593600.0
2012-08-21,3680.0,3712.0,3639.05,3693.45,3692.0195627157646,3476.0,532.0,12833460.0,936.0,26.93,72.95,13.45,1345507200.0
2012-08-17,3705.5,3731.5,3671.5,3684.7,3691.766062602965,7891.0,1172.0,29131726.0,1207.0,15.3,60.0,-20.8,1345161600.0
2012-08-16,3782.0,3788.0,3696.2,3711.7,3723.5079060852895,6261.0,1051.0,23312883.0,1546.0,24.69,91.8,-70.3,1345075200.0
2012-08-14,3786.0,3815.0,3755.0,3773.45,3786.650868137025,6393.0,1054.0,24208059.0,1557.0,24.35,60.0,-12.55,1344902400.0
2012-08-13,3713.35,3788.95,3691.05,3773.0,3734.372892784896,4449.0,642.0,16614225.0,1888.0,42.44,97.9,59.65,1344816000.0
2012-08-10,3759.0,3759.0,3700.0,3718.75,3718.848126801153,3470.0,650.0,12904403.0,916.0,26.4,59.0,-40.25,1344556800.0
2012-08-09,3754.8,3765.0,3735.0,3750.0,3751.485894357743,3332.0,495.0,12499951.0,1229.0,36.88,30.0,-4.8,1344470400.0
2012-08-08,3738.9,3755.0,3716.05,3734.35,3736.199290060852,3944.0,616.0,14735570.0,1035.0,26.24,38.95,-4.55,1344384000.0
2012-08-07,3750.0,3769.7,3715.55,3738.9,3747.385775320432,3979.0,611.0,14910848.0,815.0,20.48,54.15,-11.1,1344297600.0
2012-08-06,3775.0,3797.75,3725.8,3750.35,3748.081268104281,6214.0,839.0,23290577.0,1595.0,25.67,71.95,-24.65,1344211200.0
2012-08-03,3640.0,3761.75,3640.0,3750.25,3710.810044285312,10613.0,2008.0,39382827.0,2186.0,20.6,121.75,110.25,1343952000.0
2012-08-02,3616.0,3695.95,3591.05,3650.1,3660.6806560540276,8292.0,1343.0,30354364.0,1647.0,19.86,104.9,34.1,1343865600.0
2012-08-01,3622.4,3674.0,3601.35,3615.45,3642.58515625,3840.0,703.0,13987527.0,1100.0,28.65,72.65,-6.95,1343779200.0
2012-07-31,3570.0,3656.0,3552.1,3637.05,3612.133677991137,6770.0,1275.0,24454145.0,1609.0,23.77,103.9,67.05,1343692800.0
2012-07-30,3518.85,3588.0,3516.0,3574.55,3548.523922252679,8026.0,783.0,28480453.0,3101.0,38.64,72.0,55.7,1343606400.0
2012-07-27,3499.0,3550.0,3472.0,3504.7,3500.0901343821697,6102.0,1093.0,21357550.0,1619.0,26.53,78.0,5.7,1343347200.0
2012-07-26,3540.1,3547.4,3447.9,3464.1,3483.3727324034508,12403.0,1703.0,43204272.0,4634.0,37.36,99.5,-76.0,1343260800.0
2012-07-25,3565.0,3582.25,3517.05,3529.25,3543.2925857028968,11289.0,1456.0,40000230.0,2165.0,19.18,65.2,-35.75,1343174400.0
2012-07-24,3594.9,3627.0,3550.5,3564.45,3586.5983986830292,13364.0,2510.0,47931301.0,3922.0,29.35,76.5,-30.45,1343088000.0
2012-07-23,3692.0,3692.0,3592.0,3601.75,3625.6968042396015,18681.0,2693.0,67731642.0,6235.0,33.38,100.0,-90.25,1343001600.0
2012-07-20,3635.0,3837.3,3626.0,3723.9,3732.275706321972,73727.0,10794.0,275169491.0,11611.0,15.75,211.3,88.9,1342742400.0
2012-07-19,3655.0,3694.55,3610.0,3624.4,3652.269306036429,6643.0,1159.0,24262025.0,1104.0,16.62,84.55,-30.6,1342656000.0
2012-07-18,3651.05,3674.95,3608.85,3661.6,3640.750417083751,5994.0,996.0,21822658.0,1754.0,29.26,66.1,10.55,1342569600.0
2012-07-17,3718.0,3725.7,3640.0,3657.85,3670.2464802314366,5185.0,943.0,19030228.0,1415.0,27.29,85.7,-60.15,1342483200.0
2012-07-16,3681.0,3734.0,3680.0,3689.35,3711.52917131178,2691.0,512.0,9987725.0,886.0,32.92,54.0,8.35,1342396800.0
2012-07-13,3715.15,3750.0,3700.0,3710.2,3725.857625591349,4439.0,668.0,16539082.0,1069.0,24.08,50.0,-4.95,1342137600.0
2012-07-12,3680.0,3759.0,3680.0,3722.25,3725.8645202422695,6274.0,976.0,23376074.0,1881.0,29.98,79.0,42.25,1342051200.0
2012-07-11,3680.0,3721.0,3679.15,3695.9,3701.9417808219177,4088.0,666.0,15133538.0,1567.0,38.33,41.85,15.9,1341964800.0
2012-07-10,3700.0,3746.75,3677.05,3691.95,3716.840414507772,7720.0,995.0,28694008.0,2115.0,27.4,69.7,-8.05,1341878400.0
2012-07-09,3700.0,3706.3,3657.85,3682.05,3684.697069807527,13924.0,1062.0,51305722.0,9149.0,65.71,48.45,-17.95,1341792000.0
2012-07-06,3775.0,3775.0,3680.4,3713.25,3719.3447048717626,16298.0,2691.0,60617880.0,6329.0,38.83,94.6,-61.75,1341532800.0
2012-07-05,3889.25,3889.45,3773.1,3781.1,3814.5639266839094,17786.0,1663.0,67845834.0,10653.0,59.9,116.35,-108.15,1341446400.0
2012-07-04,3925.0,3959.0,3870.0,3878.35,3890.0989434848243,5963.0,705.0,23196660.0,1936.0,32.47,89.0,-46.65,1341360000.0
2012-07-03,3922.75,3965.0,3905.95,3938.15,3947.789567925263,12845.0,971.0,50709357.0,9397.0,73.16,59.05,15.4,1341273600.0
2012-07-02,3883.5,3948.7,3863.05,3919.6,3873.320093064032,59314.0,757.0,229742108.0,54642.0,92.12,85.65,36.1,1341187200.0
2012-06-29,3774.0,3899.0,3740.0,3881.85,3847.435845213849,10311.0,1285.0,39670911.0,4574.0,44.36,159.0,107.85,1340928000.0
2012-06-28,3790.0,3816.5,3740.0,3747.55,3789.183992070376,16142.0,724.0,61165008.0,12447.0,77.11,76.5,-42.45,1340841600.0
2012-06-27,3770.0,3798.2,3761.15,3769.5,3773.631271878646,3428.0,502.0,12936008.0,1046.0,30.51,37.05,-0.5,1340755200.0
2012-06-26,3805.0,3806.0,3735.0,3763.1,3759.9973980919344,8071.0,1250.0,30346939.0,1627.0,20.16,71.0,-41.9,1340668800.0
2012-06-25,3891.55,3900.0,3800.0,3814.25,3849.639580862001,5058.0,680.0,19471477.0,2139.0,42.29,100.0,-77.3,1340582400.0
2012-06-22,3881.0,3903.95,3863.05,3884.65,3885.6180497345617,3579.0,455.0,13906627.0,1414.0,39.51,40.9,3.65,1340323200.0
2012-06-21,3887.0,3914.8,3847.05,3904.35,3880.273205561818,2661.0,407.0,10325407.0,635.0,23.86,67.75,17.35,1340236800.0
2012-06-20,3898.0,3918.0,3860.0,3887.4,3884.667321729365,3562.0,523.0,13837185.0,1120.0,31.44,58.0,-10.6,1340150400.0
2012-06-19,3850.0,3905.95,3749.15,3884.55,3865.403423772609,6192.0,773.0,23934578.0,2359.0,38.1,156.8,34.55,1340064000.0
2012-06-18,3901.0,3970.0,3826.0,3864.7,3891.937185138539,6352.0,664.0,24721585.0,2204.0,34.7,144.0,-36.3,1339977600.0
2012-06-15,3880.65,3900.0,3839.55,3885.75,3880.717968955538,3801.0,598.0,14750609.0,887.0,23.34,60.45,5.1,1339718400.0
2012-06-14,3880.0,3910.0,3856.0,3868.5,3887.4563781717065,2877.0,521.0,11184212.0,457.0,15.88,54.0,-11.5,1339632000.0
2012-06-13,3875.0,3918.95,3861.05,3874.6,3888.540432345877,4996.0,804.0,19427148.0,618.0,12.37,57.9,-0.4,1339545600.0
2012-06-12,3839.0,3899.8,3786.1,3881.9,3849.6870329094013,7627.0,1008.0,29361563.0,2270.0,29.76,113.7,42.9,1339459200.0
2012-06-11,3850.2,3889.0,3812.2,3835.85,3861.9043510877723,5332.0,709.0,20591674.0,2131.0,39.97,76.8,-14.35,1339372800.0
2012-06-08,3812.6,3850.0,3770.0,3829.6,3803.915577587501,6657.0,925.0,25322666.0,1747.0,26.24,80.0,17.0,1339113600.0
2012-06-07,3810.0,3861.0,3805.3,3844.1,3842.893000190729,10486.0,1069.0,40296576.0,2070.0,19.74,55.7,34.1,1339027200.0
2012-06-06,3764.7,3840.0,3745.85,3827.35,3808.7971875,16000.0,2266.0,60940755.0,5131.0,32.07,94.15,62.65,1338940800.0
2012-06-05,3690.0,3794.45,3690.0,3720.85,3748.994879387994,16209.0,2307.0,60767458.0,2909.0,17.95,104.45,30.85,1338854400.0
2012-06-04,3766.0,3776.0,3661.1,3684.75,3721.678495455424,10342.0,1658.0,38489599.0,2352.0,22.74,114.9,-81.25,1338768000.0
2012-06-01,4020.0,4020.0,3699.65,3777.15,3858.789399684717,23471.0,4386.0,90569646.0,4629.0,19.72,320.35,-242.85,1338508800.0
2012-05-31,3799.0,4170.0,3793.35,4034.65,3971.2737383451104,23917.0,3690.0,94980954.0,5604.0,23.43,376.65,235.65,1338422400.0
2012-05-30,3825.95,3849.0,3810.2,3821.9,3824.063703703704,6075.0,439.0,23231187.0,1630.0,26.83,38.8,-4.05,1338336000.0
2012-05-29,3826.0,3851.0,3804.0,3837.05,3831.712435811565,4479.0,652.0,17162240.0,1380.0,30.81,47.0,11.05,1338249600.0
2012-05-28,3778.75,3835.05,3750.95,3821.95,3811.4650412334167,8367.0,938.0,31890528.0,3143.0,37.56,84.1,43.2,1338163200.0
2012-05-25,3743.0,3775.0,3719.0,3757.25,3754.3211286530072,5954.0,790.0,22353228.0,1180.0,19.82,56.0,14.25,1337904000.0
2012-05-24,3669.0,3750.0,3669.0,3746.25,3727.350757770357,7786.0,1109.0,29021153.0,2314.0,29.72,81.0,77.25,1337817600.0
2012-05-23,3651.0,3688.7,3640.0,3670.85,3659.496586475943,6152.0,662.0,22513223.0,2167.0,35.22,48.7,19.85,1337731200.0
2012-05-22,3743.95,3750.7,3661.0,3683.05,3712.0790626786047,5249.0,767.0,19484703.0,1463.0,27.87,89.7,-60.9,1337644800.0
2012-05-21,3708.0,3757.3,3700.45,3744.75,3736.5487624286015,4727.0,570.0,17662666.0,1284.0,27.16,56.85,36.75,1337558400.0
2012-05-18,3655.0,3730.0,3644.0,3708.4,3693.0731382978715,7520.0,942.0,27771910.0,3114.0,41.41,86.0,53.4,1337299200.0
2012-05-17,3735.35,3783.1,3660.05,3691.3,3727.7706279190447,7708.0,1115.0,28733656.0,2014.0,26.13,123.05,-44.05,1337212800.0
2012-05-16,3714.05,3784.0,3714.05,3752.85,3752.915043417039,8522.0,1081.0,31982342.0,1679.0,19.7,69.95,38.8,1337126400.0
2012-05-15,3674.55,3775.0,3674.55,3759.25,3741.1457478005855,10230.0,1361.0,38271921.0,2041.0,19.95,100.45,84.7,1337040000.0
2012-05-14,3585.0,3739.0,3579.95,3700.7,3643.868329690112,7777.0,1158.0,28338364.0,2308.0,29.68,159.05,115.7,1336953600.0
2012-05-11,3620.0,3670.0,3585.0,3618.55,3622.729726501851,8373.0,1216.0,30333116.0,1282.0,15.31,85.0,-1.45,1336694400.0
2012-05-10,3671.0,3744.35,3629.0,3654.55,3694.4678275904657,8097.0,1161.0,29914106.0,1351.0,16.69,115.35,-16.45,1336608000.0
2012-05-09,3700.0,3731.9,3626.8,3699.55,3691.253094809536,27223.0,3695.0,100486983.0,2881.0,10.58,105.1,-0.45,1336521600.0
2012-05-08,3661.0,3700.0,3623.0,3652.8,3650.370237239396,9737.0,1243.0,35543655.0,1624.0,16.68,77.0,-8.2,1336435200.0
2012-05-07,3583.0,3695.0,3549.0,3634.3,3583.977401587559,49384.0,1804.0,176991140.0,34815.0,70.5,146.0,51.3,1336348800.0
2012-05-04,3600.0,3649.85,3581.5,3617.35,3625.908340636868,13692.0,1688.0,49645937.0,2305.0,16.83,68.35,17.35,1336089600.0
2012-05-03,3515.05,3620.0,3479.7,3600.9,3571.8771257852004,13054.0,1382.0,46627284.0,4466.0,34.21,140.3,85.85,1336003200.0
2012-05-02,3506.45,3552.0,3482.0,3533.45,3515.4174031271245,2942.0,524.0,10342358.0,1222.0,41.54,70.0,27.0,1335916800.0
2012-04-30,3510.2,3537.9,3501.0,3523.05,3521.274699501613,3411.0,449.0,12011068.0,885.0,25.95,36.9,12.85,1335744000.0
2012-04-28,3518.0,3548.9,3518.0,3539.8,3536.7544581618654,729.0,83.0,2578294.0,158.0,21.67,30.9,21.8,1335571200.0
2012-04-27,3474.3,3550.0,3430.05,3516.4,3514.6272483973357,16067.0,1632.0,56469516.0,5767.0,35.89,119.95,42.1,1335484800.0
2012-04-26,3466.5,3512.0,3451.6,3482.75,3486.5855116633447,17062.0,2188.0,59488122.0,8751.0,51.29,60.4,16.25,1335398400.0
2012-04-25,3450.0,3450.0,3411.1,3436.85,3431.4378483835003,3588.0,605.0,12311999.0,1633.0,45.51,38.9,-13.15,1335312000.0
2012-04-24,3455.0,3498.95,3431.05,3459.9,3472.0040553907024,10110.0,1787.0,35101961.0,4621.0,45.71,67.9,4.9,1335225600.0
2012-04-23,3332.85,3469.8,3320.5,3459.1,3434.3287565403657,28477.0,3000.0,97799380.0,13306.0,46.73,149.3,126.25,1335139200.0
2012-04-20,3321.05,3353.6,3321.05,3336.65,3336.3373076923076,2600.0,331.0,8674477.0,1331.0,51.19,32.55,15.6,1334880000.0
2012-04-19,3312.0,3340.0,3305.0,3323.65,3321.2168854415277,3352.0,408.0,11132719.0,2335.0,69.66,35.0,11.65,1334793600.0
2012-04-18,3330.0,3344.0,3290.0,3311.2,3318.2179455445544,16160.0,357.0,53622402.0,14625.0,90.5,54.0,-18.8,1334707200.0
2012-04-17,3378.35,3378.35,3312.5,3325.8,3350.9289026275114,3882.0,464.0,13008306.0,2251.0,57.99,65.85,-52.55,1334620800.0
2012-04-16,3328.0,3365.0,3307.0,3348.4,3342.335909969308,8797.0,877.0,29402529.0,4761.0,54.12,58.0,20.4,1334534400.0
2012-04-13,3273.0,3310.0,3259.7,3295.65,3287.6183065154314,3791.0,474.0,12463361.0,1573.0,41.49,50.3,22.65,1334275200.0
2012-04-12,3255.55,3288.0,3227.65,3255.7,3252.257911786693,4013.0,489.0,13051311.0,1617.0,40.29,60.35,0.15,1334188800.0
2012-04-11,3240.0,3252.0,3225.65,3235.9,3240.0220632081096,1677.0,208.0,5433517.0,778.0,46.39,26.35,-4.1,1334102400.0
2012-04-10,3253.6,3293.0,3245.5,3254.1,3263.194933281764,5171.0,356.0,16873981.0,2858.0,55.27,47.5,0.5,1334016000.0
2012-04-09,3306.95,3319.4,3260.0,3275.1,3281.787427877316,3293.0,410.0,10806926.0,1721.0,52.26,59.4,-31.85,1333929600.0
2012-04-04,3357.0,3395.0,3316.0,3331.75,3362.0954596622887,13325.0,1465.0,44799922.0,3379.0,25.36,79.0,-25.25,1333497600.0
2012-04-03,3272.0,3380.0,3260.0,3356.85,3330.461285274915,18533.0,1335.0,61723439.0,9884.0,53.33,120.0,84.85,1333411200.0
2012-04-02,3239.0,3290.0,3225.0,3265.55,3269.892504357932,6884.0,971.0,22509940.0,2684.0,38.99,65.0,26.55,1333324800.0
2012-03-30,3185.0,3253.0,3185.0,3237.75,3245.0096923350525,11246.0,889.0,36493379.0,3888.0,34.57,68.0,52.75,1333065600.0
2012-03-29,3129.75,3237.0,3004.0,3188.45,3135.6277203647414,8225.0,995.0,25790538.0,3779.0,45.95,233.0,58.7,1332979200.0
2012-03-28,3095.0,3186.65,3075.0,3101.45,3137.5794355892344,7654.0,1155.0,24015033.0,1982.0,25.89,111.65,6.45,1332892800.0
2012-03-27,3065.0,3111.1,3051.0,3093.75,3088.7297698589446,2694.0,345.0,8321038.0,1470.0,54.57,60.1,28.75,1332806400.0
2012-03-26,3124.0,3124.0,3050.0,3061.15,3072.9126725219567,3985.0,453.0,12245557.0,1869.0,46.9,74.0,-62.85,1332720000.0
2012-03-23,3075.5,3139.85,3075.5,3104.2,3095.8771663119487,3289.0,387.0,10182340.0,1485.0,45.15,64.35,28.7,1332460800.0
2012-03-22,3072.0,3105.65,3058.0,3074.45,3084.387405209364,3033.0,483.0,9354947.0,713.0,23.51,47.65,2.45,1332374400.0
2012-03-21,3019.0,3096.0,3019.0,3062.35,3068.0536237188867,5464.0,626.0,16763845.0,1540.0,28.18,77.0,43.35,1332288000.0
2012-03-20,3075.0,3147.95,3006.25,3020.45,3020.0875816109065,29561.0,1146.0,89276809.0,23497.0,79.49,141.7,-54.55,1332201600.0
2012-03-19,3225.0,3225.0,3058.15,3075.35,3103.1378000979907,8164.0,1253.0,25334017.0,3070.0,37.6,166.85,-149.65,1332115200.0
2012-03-16,3299.0,3299.0,3180.0,3210.4,3216.276598639456,7350.0,504.0,23639633.0,2721.0,37.02,119.0,-88.6,1331856000.0
2012-03-15,3250.0,3332.5,3210.0,3218.65,3248.2672695786027,10394.0,1345.0,33762490.0,1847.0,17.77,122.5,-31.35,1331769600.0
2012-03-14,3222.0,3238.5,3195.0,3207.45,3213.341502683363,5590.0,482.0,17962579.0,2246.0,40.18,43.5,-14.55,1331683200.0
2012-03-13,3180.0,3204.0,3160.0,3186.65,3183.747175901022,1859.0,222.0,5918586.0,938.0,50.46,44.0,6.65,1331596800.0
2012-03-12,3173.8,3206.2,3115.0,3158.25,3188.224419810192,12539.0,316.0,39977146.0,10782.0,85.99,91.2,-15.55,1331510400.0
2012-03-09,3115.0,3193.0,3115.0,3163.95,3167.464273265947,5738.0,513.0,18174910.0,3397.0,59.2,78.0,48.95,1331251200.0
2012-03-07,3151.0,3151.0,3065.1,3089.95,3088.480339533141,8011.0,847.0,24741816.0,3508.0,43.79,85.9,-61.05,1331078400.0
2012-03-06,3225.0,3250.0,3150.5,3171.05,3194.398624926858,6836.0,588.0,21836909.0,2416.0,35.34,99.5,-53.95,1330992000.0
2012-03-05,3140.0,3250.0,3133.3,3228.75,3211.649325721036,40636.0,1693.0,130508582.0,25287.0,62.23,116.7,88.75,1330905600.0
2012-03-03,3109.9,3187.6,3109.9,3133.3,3131.092564491655,659.0,31.0,2063390.0,532.0,80.73,77.7,23.4,1330732800.0
2012-03-02,3184.95,3184.95,3130.0,3148.9,3152.8016773556983,2027.0,269.0,6390729.0,847.0,41.79,54.95,-36.05,1330646400.0
2012-03-01,3165.1,3190.0,3125.0,3152.75,3150.235801581596,2782.0,362.0,8763956.0,716.0,25.74,65.0,-12.35,1330560000.0
2012-02-29,3153.8,3195.0,3139.7,3169.9,3169.812758264463,3872.0,552.0,12273515.0,964.0,24.9,55.3,16.1,1330473600.0
2012-02-28,3065.55,3190.2,3060.0,3155.05,3155.4381673815838,10957.0,1259.0,34574136.0,4052.0,36.98,130.2,89.5,1330387200.0
2012-02-27,3053.0,3113.5,3035.2,3078.75,3088.9990929705214,11025.0,1155.0,34056215.0,3397.0,30.81,78.3,25.75,1330300800.0
2012-02-24,3060.0,3078.0,3051.1,3064.5,3065.8479452054803,1460.0,224.0,4476138.0,807.0,55.27,26.9,4.5,1330041600.0
2012-02-23,3057.0,3104.9,3028.0,3061.1,3084.798701298701,7084.0,782.0,21852714.0,2079.0,29.35,76.9,4.1,1329955200.0
2012-02-22,3066.0,3108.0,3048.0,3071.6,3073.660654743861,6598.0,1010.0,20280013.0,2308.0,34.98,60.0,5.6,1329868800.0
2012-02-21,3030.0,3074.85,3030.0,3039.0,3045.9165378670787,2588.0,334.0,7882832.0,1163.0,44.94,44.85,9.0,1329782400.0
2012-02-17,3097.95,3109.95,3040.0,3045.75,3067.729989035088,3648.0,452.0,11191079.0,1631.0,44.71,69.95,-52.2,1329436800.0
2012-02-16,3040.0,3084.9,3019.75,3063.05,3058.111445783132,1660.0,286.0,5076465.0,485.0,29.22,65.15,23.05,1329350400.0
2012-02-15,3045.0,3100.0,3016.05,3033.75,3062.49072808901,5123.0,596.0,15689140.0,2157.0,42.1,83.95,-11.25,1329264000.0
2012-02-14,3059.0,3070.0,3011.0,3021.9,3038.775854214123,2195.0,291.0,6670113.0,721.0,32.85,59.0,-37.1,1329177600.0
2012-02-13,3072.0,3113.05,3033.05,3047.5,3054.7605585831066,2936.0,415.0,8968777.0,1158.0,39.44,80.0,-24.5,1329091200.0
2012-02-10,3075.0,3125.0,3062.0,3099.6,3107.886652542373,57584.0,1804.0,178964545.0,49716.0,86.34,63.0,24.6,1328832000.0
2012-02-09,2985.0,3072.0,2985.0,3060.8,3043.9096437880103,6906.0,1259.0,21021240.0,3101.0,44.9,87.0,75.8,1328745600.0
2012-02-08,2962.0,3009.45,2941.5,2984.75,2968.774300616405,2109.0,351.0,6261145.0,658.0,31.2,67.95,22.75,1328659200.0
2012-02-07,3000.45,3009.95,2950.0,2958.35,2988.882684715172,1773.0,333.0,5299289.0,726.0,40.95,59.95,-42.1,1328572800.0
2012-02-06,2944.6,3014.9,2918.1,2985.85,2990.795753286149,7912.0,918.0,23663176.0,4562.0,57.66,96.8,41.25,1328486400.0
2012-02-03,2958.15,2965.0,2898.0,2940.5,2955.046280276817,2312.0,436.0,6832067.0,1236.0,53.46,67.0,-17.65,1328227200.0
2012-02-02,2960.45,2990.0,2945.0,2966.45,2966.9235127478755,1412.0,264.0,4189296.0,488.0,34.56,45.0,6.0,1328140800.0
2012-02-01,2990.0,3004.0,2915.0,2938.9,2937.614606741573,3560.0,606.0,10457908.0,631.0,17.72,89.0,-51.1,1328054400.0
2012-01-31,2986.0,3038.0,2955.0,2987.25,2990.336542801264,6647.0,655.0,19876767.0,2134.0,32.1,83.0,1.25,1327968000.0
2012-01-30,2917.75,3015.0,2917.75,2985.05,2984.88563801947,38212.0,1345.0,114058450.0,32392.0,84.77,97.25,67.3,1327881600.0
2012-01-27,2883.0,2949.95,2883.0,2917.75,2914.116769547325,5832.0,966.0,16995129.0,2032.0,34.84,66.95,34.75,1327622400.0
2012-01-25,2822.5,2867.0,2795.0,2849.65,2839.2833667334667,4990.0,565.0,14168024.0,2391.0,47.92,72.0,27.15,1327449600.0
2012-01-24,2856.0,2858.0,2775.0,2798.1,2826.1742277140333,5665.0,894.0,16010277.0,1220.0,21.54,83.0,-57.9,1327363200.0
2012-01-23,2765.0,2835.0,2764.0,2818.7,2810.3094609138047,10221.0,1356.0,28724173.0,2999.0,29.34,71.0,53.7,1327276800.0
2012-01-20,2750.0,2750.0,2710.0,2722.25,2726.852898550725,1380.0,283.0,3763057.0,589.0,42.68,40.0,-27.75,1327017600.0
2012-01-19,2742.0,2757.0,2716.0,2728.15,2730.9159159159162,1332.0,230.0,3637580.0,598.0,44.89,41.0,-13.85,1326931200.0
2012-01-18,2740.0,2747.0,2717.6,2723.15,2730.6939078751857,1346.0,184.0,3675514.0,438.0,32.54,29.4,-16.85,1326844800.0
2012-01-17,2749.0,2788.45,2701.65,2735.6,2742.815887463798,2417.0,272.0,6629386.0,1329.0,54.99,86.8,-13.4,1326758400.0
2012-01-16,2789.95,2789.95,2737.15,2744.9,2753.3676280671543,2323.0,259.0,6396073.0,1073.0,46.19,52.8,-45.05,1326672000.0
2012-01-13,2750.0,2790.0,2724.0,2766.55,2742.385174591825,8391.0,558.0,23011354.0,4689.0,55.88,66.0,16.55,1326412800.0
2012-01-12,2735.0,2764.9,2720.0,2736.55,2742.3095002123746,7063.0,628.0,19368932.0,2383.0,33.74,44.9,1.55,1326326400.0
2012-01-11,2658.0,2724.0,2645.0,2710.8,2695.780450874832,5944.0,825.0,16023719.0,2041.0,34.34,79.0,52.8,1326240000.0
2012-01-10,2684.0,2694.0,2646.25,2657.95,2669.812407680945,2031.0,327.0,5422389.0,626.0,30.82,47.75,-26.05,1326153600.0
2012-01-09,2684.95,2695.0,2664.05,2670.4,2678.1062817258885,3152.0,354.0,8441391.0,1851.0,58.72,30.95,-14.55,1326067200.0
2012-01-07,2658.2,2671.9,2658.2,2665.0,2665.9718309859154,71.0,17.0,189284.0,60.0,84.51,13.7,6.8,1325894400.0
2012-01-06,2654.0,2669.0,2650.0,2663.15,2660.147763578276,1252.0,224.0,3330505.0,486.0,38.82,19.0,9.15,1325808000.0
2012-01-05,2688.8,2690.0,2664.0,2669.6,2675.11981981982,1110.0,161.0,2969383.0,295.0,26.58,26.0,-19.2,1325721600.0
2012-01-04,2653.5,2698.0,2653.5,2672.35,2677.030532043531,3308.0,440.0,8855617.0,796.0,24.06,44.5,18.85,1325635200.0
2012-01-03,2621.0,2659.95,2595.0,2646.55,2630.762612683853,6323.0,602.0,16634312.0,2793.0,44.17,64.95,25.55,1325548800.0
2012-01-02,2580.0,2609.0,2555.9,2593.1,2583.1633401222,2455.0,429.0,6341666.0,895.0,36.46,53.1,13.1,1325462400.0
2011-12-30,2600.05,2731.8,2575.05,2594.95,2613.929663608563,2943.0,524.0,7692795.0,668.0,22.7,156.75,-5.1,1325203200.0
2011-12-29,2610.0,2640.0,2565.0,2620.25,2608.95341455923,9767.0,834.0,25481648.0,5194.0,53.18,75.0,10.25,1325116800.0
2011-12-28,2680.0,2700.0,2551.05,2599.0,2616.594952882926,6261.0,1126.0,16382501.0,2079.0,33.21,148.95,-81.0,1325030400.0
2011-12-27,2615.2,2692.0,2615.2,2665.5,2673.7129588677576,2261.0,354.0,6045265.0,439.0,19.42,76.8,50.3,1324944000.0
2011-12-26,2670.0,2695.0,2645.05,2666.2,2671.820629159105,3306.0,547.0,8833039.0,1091.0,33.0,49.95,-3.8,1324857600.0
2011-12-23,2745.0,2769.9,2650.0,2666.45,2688.43648672724,5613.0,749.0,15090194.0,2679.0,47.73,119.9,-78.55,1324598400.0
2011-12-22,2680.0,2774.95,2657.5,2747.95,2716.675252768416,4154.0,675.0,11285069.0,1723.0,41.48,117.45,67.95,1324512000.0
2011-12-21,2677.9,2708.0,2654.0,2684.0,2661.1510095696176,19959.0,362.0,53113913.0,19297.0,96.68,54.0,6.1,1324425600.0
2011-12-20,2677.9,2699.25,2636.0,2644.4,2647.7236068328198,3571.0,512.0,9455021.0,1824.0,51.08,63.25,-33.5,1324339200.0
2011-12-19,2706.6,2706.6,2604.2,2649.55,2649.988373014301,50486.0,599.0,133787313.0,47710.0,94.5,102.4,-57.05,1324252800.0
2011-12-16,2780.0,2783.5,2695.0,2706.6,2733.33614768174,6988.0,855.0,19100553.0,2762.0,39.52,88.5,-73.4,1323993600.0
2011-12-15,2779.0,2799.0,2755.0,2780.05,2779.290220820189,3804.0,470.0,10572420.0,1256.0,33.02,44.0,1.05,1323907200.0
2011-12-14,2806.0,2848.0,2745.6,2782.45,2783.323835480673,12108.0,1338.0,33700485.0,6941.0,57.33,102.4,-23.55,1323820800.0
2011-12-13,2820.0,2859.0,2782.7,2805.75,2807.049625324973,13078.0,1683.0,36710595.0,7086.0,54.18,76.3,-14.25,1323734400.0
2011-12-12,2855.0,2859.95,2791.4,2829.8,2819.7950469684038,4684.0,587.0,13207920.0,1763.0,37.64,68.55,-25.2,1323648000.0
2011-12-09,2830.0,2860.0,2817.1,2832.35,2834.7495893683736,6697.0,581.0,18984318.0,3361.0,50.19,42.9,2.35,1323388800.0
2011-12-08,2841.0,2870.0,2821.05,2835.75,2833.3020507473066,8631.0,736.0,24454230.0,5217.0,60.44,48.95,-5.25,1323302400.0
2011-12-07,2874.0,2879.5,2848.0,2856.4,2857.0469320672028,16428.0,555.0,46935567.0,14377.0,87.52,31.5,-17.6,1323216000.0
2011-12-05,2857.0,2889.0,2840.05,2850.65,2862.31260177878,15966.0,624.0,45699683.0,12486.0,78.2,48.95,-6.35,1323043200.0
2011-12-02,2800.15,2874.0,2766.05,2855.7,2837.8260385756676,8088.0,1147.0,22952337.0,2868.0,35.46,107.95,55.55,1322784000.0
2011-12-01,2890.05,2965.0,2764.5,2799.35,2821.5457728437236,11710.0,1505.0,33040301.0,4637.0,40.0,200.5,-90.7,1322697600.0
2011-11-30,2905.0,2944.65,2865.0,2881.0,2901.687050359712,6394.0,870.0,18553387.0,1996.0,31.22,79.65,-24.0,1322611200.0
2011-11-29,2951.9,2970.0,2901.2,2924.5,2939.184134150274,3101.0,515.0,9114410.0,1362.0,43.92,68.8,-27.4,1322524800.0
2011-11-28,2997.0,3024.9,2935.0,2947.05,2961.2653061224487,2009.0,375.0,5949182.0,547.0,27.23,89.9,-49.95,1322438400.0
2011-11-25,2938.4,2967.0,2880.0,2941.75,2944.041246357319,4461.0,650.0,13133368.0,1198.0,26.85,87.0,3.35,1322179200.0
2011-11-24,2860.0,2895.0,2835.15,2877.1,2860.241850431448,4172.0,523.0,11932929.0,1684.0,40.36,59.85,17.1,1322092800.0
2011-11-23,2924.0,2998.95,2825.0,2892.55,2880.369126675855,7981.0,1045.0,22988226.0,3474.0,43.53,173.95,-31.45,1322006400.0
2011-11-22,2937.0,2975.0,2919.55,2955.7,2951.3597669115784,3947.0,597.0,11649017.0,1807.0,45.78,55.45,18.7,1321920000.0
2011-11-21,3025.35,3065.0,2910.0,2936.2,2976.3156310470868,4651.0,694.0,13842844.0,2054.0,44.16,155.0,-89.15,1321833600.0
2011-11-18,3034.0,3090.0,3020.0,3043.15,3053.4542132416163,4652.0,807.0,14204669.0,1101.0,23.67,70.0,9.15,1321574400.0
2011-11-17,3098.0,3100.0,3025.0,3033.6,3051.650929477722,3389.0,594.0,10342045.0,860.0,25.38,75.0,-64.4,1321488000.0
2011-11-16,3030.0,3115.0,3000.0,3098.85,3056.2621867254197,10893.0,966.0,33291864.0,6190.0,56.83,115.0,68.85,1321401600.0
2011-11-15,3100.1,3117.0,3015.1,3035.4,3063.3072407045006,2555.0,346.0,7826750.0,1184.0,46.34,101.9,-64.7,1321315200.0
2011-11-14,3075.05,3135.3,3075.0,3102.6,3108.689169847328,4192.0,502.0,13031625.0,1992.0,47.52,60.3,27.55,1321228800.0
2011-11-11,3124.0,3164.9,3049.95,3058.85,3096.7660634033773,8233.0,684.0,25495675.0,5473.0,66.48,114.95,-65.15,1320969600.0
2011-11-09,3180.0,3213.0,3115.05,3123.4,3152.075895994379,2846.0,392.0,8970808.0,1522.0,53.48,97.95,-56.6,1320796800.0
2011-11-08,3241.0,3254.0,3160.0,3170.55,3200.521528371828,3507.0,493.0,11224229.0,1376.0,39.24,94.0,-70.45,1320710400.0
2011-11-04,3156.0,3260.0,3156.0,3217.55,3224.7519582245427,10724.0,1452.0,34582240.0,4120.0,38.42,104.0,61.55,1320364800.0
2011-11-03,3145.0,3172.0,3138.1,3151.8,3155.1262376237623,1616.0,205.0,5098684.0,762.0,47.15,33.9,6.8,1320278400.0
2011-11-02,3115.05,3150.0,3115.05,3141.6,3139.1736486486493,1480.0,195.0,4645977.0,737.0,49.8,34.95,26.55,1320192000.0
2011-11-01,3149.9,3164.95,3126.5,3133.35,3140.630472854641,1713.0,303.0,5379900.0,665.0,38.82,38.45,-16.55,1320105600.0
2011-10-31,3101.0,3168.0,3065.0,3151.15,3138.1385165326183,6714.0,1169.0,21069462.0,2577.0,38.38,103.0,50.15,1320019200.0
2011-10-28,3110.0,3163.1,3050.0,3065.2,3079.3843063738623,3734.0,802.0,11498421.0,1600.0,42.85,113.1,-44.8,1319760000.0
2011-10-26,3087.0,3087.0,3070.0,3073.8,3075.1590013140612,761.0,125.0,2340196.0,568.0,74.64,17.0,-13.2,1319587200.0
2011-10-25,3052.0,3080.0,3012.0,3066.45,3042.6822194199244,3172.0,545.0,9651388.0,745.0,23.49,68.0,14.45,1319500800.0
2011-10-24,3098.95,3098.95,3016.4,3048.65,3039.096270259715,5121.0,686.0,15563212.0,1411.0,27.55,82.55,-50.3,1319414400.0
2011-10-21,3179.95,3195.0,3006.0,3015.25,3066.1788593000715,19602.0,3199.0,60103238.0,4557.0,23.25,189.0,-164.7,1319155200.0
2011-10-20,3111.25,3169.0,3111.25,3153.9,3149.5324733427783,13411.0,227.0,42238380.0,12587.0,93.86,57.75,42.65,1319068800.0
2011-10-19,3125.6,3142.65,3093.0,3127.05,3114.009105960265,2416.0,341.0,7523446.0,948.0,39.24,49.65,1.45,1318982400.0
2011-10-18,3121.05,3139.95,3100.0,3103.45,3113.4139693356046,1761.0,243.0,5482722.0,569.0,32.31,39.95,-17.6,1318896000.0
2011-10-17,3139.9,3184.95,3125.05,3135.2,3146.3229118058807,2143.0,271.0,6742570.0,1050.0,49.0,59.9,-4.7,1318809600.0
2011-10-14,3178.85,3178.85,3117.0,3147.3,3144.9147540983613,1830.0,397.0,5755194.0,470.0,25.68,61.85,-31.55,1318550400.0
2011-10-13,3192.9,3201.0,3131.0,3168.05,3182.078310149408,1941.0,272.0,6176414.0,620.0,31.94,70.0,-24.85,1318464000.0
2011-10-12,3180.0,3193.1,3170.0,3173.55,3183.041568256968,2117.0,455.0,6738499.0,1045.0,49.36,23.1,-6.45,1318377600.0
2011-10-11,3176.05,3204.0,3161.1,3172.55,3179.8699958728853,2423.0,451.0,7704825.0,1046.0,43.17,42.9,-3.5,1318291200.0
2011-10-10,3149.95,3187.95,3128.1,3169.85,3166.0226323119778,2872.0,479.0,9092817.0,1140.0,39.69,59.85,19.9,1318204800.0
2011-10-07,3076.0,3137.0,3055.0,3119.45,3095.9675685693105,5396.0,824.0,16705841.0,2512.0,46.55,82.0,43.45,1317945600.0
2011-10-05,3080.0,3104.75,2998.0,3027.8,3025.243211334121,5082.0,1032.0,15374286.0,1504.0,29.59,106.75,-52.2,1317772800.0
2011-10-04,3158.0,3170.0,3060.25,3076.45,3125.237138565528,5326.0,543.0,16645013.0,2627.0,49.32,109.75,-81.55,1317686400.0
2011-10-03,3150.0,3156.0,3080.0,3130.05,3109.313794356304,8257.0,416.0,25673604.0,1820.0,22.04,76.0,-19.95,1317600000.0
2011-09-30,3143.0,3160.0,3127.05,3149.4,3145.5077227722772,2525.0,237.0,7942407.0,1550.0,61.39,32.95,6.4,1317340800.0
2011-09-29,3111.0,3160.0,3104.0,3143.65,3142.236319340329,5336.0,576.0,16766973.0,2574.0,48.24,56.0,32.65,1317254400.0
2011-09-28,3109.85,3137.9,3109.85,3129.0,3126.0963127781306,3146.0,499.0,9834699.0,1164.0,37.0,28.05,19.15,1317168000.0
2011-09-27,3095.0,3110.05,3070.25,3098.45,3094.1112143022992,4307.0,312.0,13326337.0,2646.0,61.43,39.8,3.45,1317081600.0
2011-09-26,3100.0,3119.9,3035.2,3079.1,3070.9445119481566,2469.0,337.0,7582162.0,815.0,33.01,84.7,-20.9,1316995200.0
2011-09-23,3101.35,3148.0,3080.0,3094.75,3114.523332379045,6986.0,856.0,21758060.0,2318.0,33.18,68.0,-6.6,1316736000.0
2011-09-22,3081.0,3132.35,3060.0,3100.75,3105.6412317754466,7339.0,759.0,22792301.0,3026.0,41.23,72.35,19.75,1316649600.0
2011-09-21,3088.95,3114.95,3075.0,3094.15,3090.6027480916027,3275.0,263.0,10121724.0,1735.0,52.98,39.95,5.2,1316563200.0
2011-09-20,3051.0,3102.0,3051.0,3075.65,3082.1853163361657,4236.0,367.0,13056137.0,2196.0,51.84,51.0,24.65,1316476800.0
2011-09-19,3043.85,3084.35,3001.4,3051.0,3046.894028305144,2897.0,437.0,8826852.0,1261.0,43.53,82.95,7.15,1316390400.0
2011-09-16,3130.05,3150.0,3011.35,3043.85,3084.1383209044984,4157.0,596.0,12820763.0,1867.0,44.91,138.65,-86.2,1316131200.0
2011-09-15,3124.0,3143.0,3108.0,3125.5,3126.883307169021,3822.0,333.0,11950948.0,967.0,25.3,35.0,1.5,1316044800.0
2011-09-14,3147.95,3148.0,3122.0,3131.55,3134.255447941889,2478.0,324.0,7766685.0,844.0,34.06,26.0,-16.4,1315958400.0
2011-09-13,3190.0,3198.0,3130.05,3140.35,3174.4024623803007,3655.0,364.0,11602441.0,1276.0,34.91,67.95,-49.65,1315872000.0
2011-09-12,3190.0,3239.95,3137.15,3174.55,3191.9616490891663,4172.0,428.0,13316864.0,1399.0,33.53,102.8,-15.45,1315785600.0
2011-09-09,3190.1,3224.0,3167.1,3188.75,3198.6030905077264,4530.0,460.0,14489672.0,2003.0,44.22,56.9,-1.35,1315526400.0
2011-09-08,3217.3,3224.7,3160.0,3187.4,3192.48125,7200.0,760.0,22985865.0,2328.0,32.33,64.7,-29.9,1315440000.0
2011-09-07,3265.1,3265.1,3210.0,3217.75,3232.633201864468,2789.0,421.0,9015814.0,1074.0,38.51,55.1,-47.35,1315353600.0
2011-09-06,3274.9,3275.0,3220.0,3260.1,3250.2629640994173,3259.0,524.0,10592607.0,808.0,24.79,55.0,-14.8,1315267200.0
2011-09-05,3255.05,3317.15,3255.0,3268.65,3281.8712686567164,4288.0,485.0,14072664.0,1363.0,31.79,62.15,13.6,1315180800.0
2011-09-02,3325.0,3329.95,3245.0,3252.2,3274.561399918133,4886.0,503.0,15999507.0,2158.0,44.17,84.95,-72.8,1314921600.0
2011-08-30,3338.15,3338.15,3250.0,3287.15,3276.825297559008,4957.0,471.0,16243223.0,2255.0,45.49,88.15,-51.0,1314662400.0
2011-08-29,3265.0,3303.05,3211.25,3294.15,3282.559351679105,8576.0,618.0,28151229.0,5616.0,65.49,91.8,29.15,1314576000.0
2011-08-26,3270.0,3304.95,3251.0,3254.7,3277.589487262173,3101.0,417.0,10163805.0,1349.0,43.5,53.95,-15.3,1314316800.0
2011-08-25,3227.6,3278.8,3190.05,3260.1,3249.371365360304,3164.0,506.0,10281011.0,727.0,22.98,88.75,32.5,1314230400.0
2011-08-24,3272.0,3294.95,3218.25,3231.25,3242.635122838945,3297.0,525.0,10690968.0,865.0,26.24,76.7,-40.75,1314144000.0
2011-08-23,3300.0,3332.15,3232.0,3270.0,3294.0706102895238,4801.0,725.0,15814833.0,1935.0,40.3,100.15,-30.0,1314057600.0
2011-08-22,3185.0,3303.0,3157.7,3287.9,3250.159960920153,11259.0,863.0,36593551.0,6883.0,61.13,145.3,102.9,1313971200.0
2011-08-19,3200.0,3230.9,3156.0,3174.8,3183.4798736250877,17092.0,586.0,54412038.0,14241.0,83.32,74.9,-25.2,1313712000.0
2011-08-18,3237.0,3238.0,3195.0,3210.55,3214.007371007371,3663.0,389.0,11772909.0,858.0,23.42,43.0,-26.45,1313625600.0
2011-08-17,3263.0,3288.95,3221.5,3241.35,3260.3069579974544,4714.0,641.0,15369087.0,1292.0,27.41,67.45,-21.65,1313539200.0
2011-08-16,3215.0,3284.0,3215.0,3257.0,3260.908982274448,10042.0,832.0,32746048.0,3072.0,30.59,69.0,42.0,1313452800.0
2011-08-12,3154.4,3241.9,3154.4,3218.9,3205.881850360064,8193.0,1051.0,26265790.0,2341.0,28.57,87.5,64.5,1313107200.0
2011-08-11,3158.3,3192.9,3136.25,3154.4,3168.243856332703,3174.0,361.0,10056006.0,1382.0,43.54,56.65,-3.9,1313020800.0
2011-08-10,3179.0,3195.0,3152.05,3159.15,3172.5464056349697,9654.0,826.0,30627763.0,3724.0,38.57,42.95,-19.85,1312934400.0
2011-08-09,3025.0,3160.0,3023.05,3145.6,3065.832562571821,35679.0,1300.0,109385840.0,26529.0,74.35,136.95,120.6,1312848000.0
2011-08-08,3060.0,3100.0,3010.6,3074.45,3060.0262093227802,11370.0,1249.0,34792498.0,4166.0,36.64,89.4,14.45,1312761600.0
2011-08-05,3050.0,3093.95,3028.1,3052.0,3055.3861492281303,9328.0,867.0,28500642.0,3431.0,36.78,65.85,2.0,1312502400.0
2011-08-04,3026.1,3131.0,3026.1,3094.1,3122.2011357095275,154617.0,1011.0,482745373.0,148225.0,95.87,104.9,68.0,1312416000.0
2011-08-03,3031.9,3060.0,3012.0,3026.75,3032.6795523906408,2949.0,373.0,8943372.0,950.0,32.21,48.0,-5.15,1312329600.0
2011-08-02,3068.0,3068.0,3000.65,3056.85,3037.9589793281652,6192.0,610.0,18811042.0,1322.0,21.35,67.35,-11.15,1312243200.0
2011-08-01,3150.0,3165.0,3060.0,3070.4,3096.7297297297296,3515.0,455.0,10885005.0,967.0,27.51,105.0,-79.6,1312156800.0
2011-07-29,3124.95,3138.0,3115.0,3125.8,3126.988546495773,3667.0,343.0,11466667.0,892.0,24.33,23.0,0.85,1311897600.0
2011-07-28,3145.0,3145.0,3108.5,3119.1,3121.1014791881653,2907.0,289.0,9073042.0,601.0,20.67,36.5,-25.9,1311811200.0
2011-07-27,3167.0,3167.0,3121.0,3138.05,3139.1312817617163,7084.0,554.0,22237606.0,1528.0,21.57,46.0,-28.95,1311724800.0
2011-07-26,3136.85,3160.0,3067.05,3139.95,3123.83323079447,24381.0,3103.0,76162178.0,1930.0,7.92,92.95,3.1,1311638400.0
2011-07-25,3110.0,3135.0,3096.0,3115.75,3110.4411320754716,2650.0,249.0,8242669.0,430.0,16.23,39.0,5.75,1311552000.0
2011-07-22,3122.0,3145.0,3100.05,3106.8,3121.270998963014,2893.0,258.0,9029837.0,622.0,21.5,44.95,-15.2,1311292800.0
2011-07-21,3121.0,3129.95,3096.0,3112.5,3110.6600737512567,2983.0,273.0,9279099.0,591.0,19.81,33.95,-8.5,1311206400.0
2011-07-20,3162.65,3163.0,3091.15,3120.4,3121.929508196721,4270.0,516.0,13330639.0,460.0,10.77,71.85,-42.25,1311120000.0
2011-07-19,3186.75,3194.0,3132.0,3138.7,3152.740228977497,2533.0,235.0,7985891.0,909.0,35.89,62.0,-48.05,1311033600.0
2011-07-18,3185.0,3197.0,3154.0,3171.15,3171.2333234509333,3373.0,344.0,10696570.0,910.0,26.98,43.0,-13.85,1310947200.0
2011-07-15,3169.95,3197.0,3120.0,3175.5,3165.3299940191387,6688.0,630.0,21169727.0,2021.0,30.22,77.0,5.55,1310688000.0
2011-07-14,3127.9,3172.35,3105.0,3136.15,3149.7699349554327,4151.0,435.0,13074695.0,1045.0,25.17,67.35,8.25,1310601600.0
2011-07-13,3126.8,3145.0,3090.5,3127.75,3119.419957983193,4760.0,521.0,14848439.0,2245.0,47.16,54.5,0.95,1310515200.0
2011-07-12,3194.95,3194.95,3090.0,3096.85,3110.669094024417,4669.0,575.0,14523714.0,1525.0,32.66,104.95,-98.1,1310428800.0
2011-07-11,3166.65,3183.0,3115.0,3151.4,3159.5959259259253,2700.0,340.0,8530909.0,1035.0,38.33,68.0,-15.25,1310342400.0
2011-07-08,3224.3,3242.0,3153.0,3166.65,3200.846598278505,8481.0,785.0,27146380.0,2101.0,24.77,89.0,-57.65,1310083200.0
2011-07-07,3244.0,3269.05,3175.0,3201.95,3205.564558527911,12934.0,966.0,41460772.0,4627.0,35.77,94.05,-42.05,1309996800.0
2011-07-06,3235.05,3288.0,3228.5,3235.8,3261.100759144237,5796.0,628.0,18901340.0,1157.0,19.96,59.5,0.75,1309910400.0
2011-07-05,3290.0,3312.05,3238.4,3245.75,3260.8304424088874,5131.0,582.0,16731321.0,1221.0,23.8,73.65,-44.25,1309824000.0
2011-07-04,3308.0,3365.95,3274.0,3294.15,3326.6554598499583,14396.0,1209.0,47890532.0,3846.0,26.72,91.95,-13.85,1309737600.0
2011-07-01,3180.0,3338.0,3172.05,3308.3,3279.724024790376,21944.0,1634.0,71970264.0,7572.0,34.51,165.95,128.3,1309478400.0
2011-06-30,3159.0,3225.0,3131.05,3180.55,3187.584699859019,13477.0,1243.0,42959079.0,4292.0,31.85,93.95,21.55,1309392000.0
2011-06-29,3175.0,3184.0,3110.0,3139.4,3148.8595188595173,6734.0,849.0,21204420.0,2444.0,36.29,74.0,-35.6,1309305600.0
2011-06-28,3110.15,3175.0,3094.0,3152.0,3147.207733376476,12362.0,1043.0,38905782.0,2226.0,18.01,81.0,41.85,1309219200.0
2011-06-27,2975.85,3118.0,2940.0,3107.5,3072.335244726603,9766.0,1056.0,30004426.0,2447.0,25.06,178.0,131.65,1309132800.0
2011-06-24,2970.0,3020.0,2963.5,2975.85,2984.5829376854604,6740.0,345.0,20116089.0,4423.0,65.62,56.5,5.85,1308873600.0
2011-06-23,2936.0,2970.0,2908.05,2958.15,2932.5373702422144,2890.0,295.0,8475033.0,1004.0,34.74,61.95,22.15,1308787200.0
2011-06-22,2980.0,2980.0,2915.0,2930.2,2938.723277909739,3368.0,291.0,9897620.0,1017.0,30.2,65.0,-49.8,1308700800.0
2011-06-21,2956.8,2970.0,2925.05,2949.9,2950.4646389713157,4044.0,369.0,11931679.0,1250.0,30.91,44.95,-6.9,1308614400.0
2011-06-20,3010.0,3017.75,2911.0,2950.7,2955.765413017345,5823.0,498.0,17211422.0,3364.0,57.77,106.75,-59.3,1308528000.0
2011-06-17,3043.5,3043.5,2994.1,3001.15,3013.4569550931,4565.0,459.0,13756431.0,1751.0,38.36,49.4,-42.35,1308268800.0
2011-06-16,3051.0,3060.85,3020.0,3027.65,3038.669894268225,8985.0,694.0,27302449.0,3339.0,37.16,40.85,-23.35,1308182400.0
2011-06-15,3070.0,3088.7,3061.0,3065.9,3072.255343402678,3509.0,389.0,10780544.0,949.0,27.04,27.7,-4.1,1308096000.0
2011-06-14,3089.65,3089.65,3055.0,3062.3,3067.608053691275,3725.0,437.0,11426840.0,1187.0,31.87,34.65,-27.35,1308009600.0
2011-06-13,3000.65,3100.0,3000.65,3063.1,3063.910973084886,6762.0,880.0,20718166.0,4122.0,60.96,99.35,62.45,1307923200.0
2011-06-10,3105.0,3131.2,3055.55,3099.0,3091.491642218736,14657.0,1185.0,45311993.0,4544.0,31.0,75.65,-6.0,1307664000.0
2011-06-09,3190.0,3202.85,3090.0,3098.15,3143.1939387723705,19501.0,1317.0,61295425.0,6271.0,32.16,112.85,-91.85,1307577600.0
2011-06-08,3155.0,3230.0,3155.0,3208.9,3207.2828554102052,11543.0,1435.0,37021666.0,3273.0,28.35,75.0,53.9,1307491200.0
2011-06-07,3165.0,3227.8,3160.1,3206.4,3202.5243856332704,13225.0,1411.0,42353385.0,3647.0,27.58,67.7,41.4,1307404800.0
2011-06-06,3150.0,3184.0,3140.2,3172.85,3163.054504030845,5706.0,599.0,18048389.0,1520.0,26.64,43.8,22.85,1307318400.0
2011-06-03,3060.0,3187.5,3060.0,3164.7,3152.412767325937,6219.0,596.0,19604855.0,1084.0,17.43,127.5,104.7,1307059200.0
2011-06-02,3060.0,3170.0,3060.0,3108.85,3135.094615367225,176948.0,732.0,554748722.0,171015.0,96.65,110.0,48.85,1306972800.0
2011-06-01,3130.0,3187.9,3070.0,3168.45,3153.702185792349,24888.0,2035.0,78489340.0,2477.0,9.95,117.9,38.45,1306886400.0
2011-05-31,3080.0,3203.0,3079.6,3139.2,3144.240880107768,55675.0,4682.0,175055611.0,9676.0,17.38,123.4,59.2,1306800000.0
2011-05-30,2999.0,3102.0,2999.0,3080.05,3079.441295322447,36130.0,2126.0,111260214.0,18534.0,51.3,103.0,81.05,1306713600.0
2011-05-27,2998.0,3019.0,2962.0,2999.1,2986.127192982456,9120.0,1012.0,27233480.0,2471.0,27.09,57.0,1.1,1306454400.0
2011-05-26,3017.0,3041.0,2960.0,2990.95,3005.002189850519,21006.0,1604.0,63123076.0,6417.0,30.55,81.0,-26.05,1306368000.0
2011-05-25,2970.05,3018.0,2963.3,2993.95,2989.1660463298163,58839.0,2697.0,175879541.0,40304.0,68.5,54.7,23.9,1306281600.0
2011-05-24,2865.1,2990.0,2865.1,2963.45,2964.5110596165996,14241.0,1271.0,42217602.0,3583.0,25.16,124.9,98.35,1306195200.0
2011-05-23,2909.0,2940.0,2885.0,2916.0,2917.5202473862464,13582.0,1276.0,39625760.0,4428.0,32.6,55.0,7.0,1306108800.0
2011-05-20,2840.0,2912.3,2810.05,2904.7,2886.701607501675,11944.0,1146.0,34478764.0,3447.0,28.86,102.25,64.7,1305849600.0
2011-05-19,2862.0,2885.0,2820.0,2846.7,2851.289541918756,5785.0,614.0,16494710.0,1450.0,25.06,65.0,-15.3,1305763200.0
2011-05-18,2858.0,2886.0,2850.0,2861.7,2868.0497116493652,8670.0,713.0,24865991.0,3068.0,35.39,36.0,3.7,1305676800.0
2011-05-17,2805.0,2885.0,2805.0,2849.35,2863.873544171953,21122.0,1624.0,60490737.0,4557.0,21.57,80.0,44.35,1305590400.0
2011-05-16,2775.0,2823.1,2760.4,2790.95,2791.652605724049,9364.0,959.0,26141035.0,3939.0,42.07,62.7,15.95,1305504000.0
2011-05-13,2750.0,2793.0,2750.0,2767.95,2768.644665784485,55922.0,730.0,154828147.0,51423.0,91.95,43.0,17.95,1305244800.0
2011-05-12,2682.3,2760.0,2682.3,2748.55,2737.385757046645,8018.0,778.0,21948359.0,2153.0,26.85,77.7,66.25,1305158400.0
2011-05-11,2668.0,2725.0,2643.0,2682.3,2683.42480359147,7128.0,846.0,19127452.0,1835.0,25.74,82.0,14.3,1305072000.0
2011-05-10,2748.95,2760.9,2667.5,2696.6,2710.8231112182198,8299.0,876.0,22497121.0,2004.0,24.15,93.4,-52.35,1304985600.0
2011-05-09,2710.0,2767.75,2700.0,2735.55,2741.29485505354,3829.0,451.0,10496418.0,1070.0,27.94,67.75,25.55,1304899200.0
2011-05-06,2661.0,2711.9,2661.0,2700.15,2699.1243640474845,1769.0,262.0,4774751.0,582.0,32.9,50.9,39.15,1304640000.0
2011-05-05,2680.0,2712.6,2662.0,2668.3,2682.6948762233733,1737.0,235.0,4659841.0,819.0,47.15,50.6,-11.7,1304553600.0
2011-05-04,2770.0,2785.0,2684.0,2701.05,2722.143762734888,4417.0,488.0,12023709.0,1382.0,31.29,101.0,-68.95,1304467200.0
2011-05-03,2733.5,2789.9,2713.0,2764.15,2762.34210832848,8585.0,700.0,23714707.0,1960.0,22.83,76.9,30.65,1304380800.0
2011-05-02,2784.45,2809.0,2727.0,2740.7,2755.5086414791,4976.0,542.0,13711411.0,1653.0,33.22,82.0,-43.75,1304294400.0
2011-04-29,2696.9,2780.0,2693.0,2773.75,2749.4437255052644,65065.0,2566.0,178892556.0,54330.0,83.5,87.0,76.85,1304035200.0
2011-04-28,2690.0,2709.0,2662.15,2686.45,2692.238816242257,4359.0,455.0,11735469.0,1431.0,32.83,46.85,-3.55,1303948800.0
2011-04-27,2661.0,2674.0,2651.65,2666.0,2663.186440677966,1947.0,164.0,5185224.0,999.0,51.31,22.35,5.0,1303862400.0
2011-04-26,2660.0,2693.5,2645.3,2660.1,2670.391673338671,6245.0,512.0,16676596.0,1710.0,27.38,48.2,0.1,1303776000.0
2011-04-25,2598.85,2680.0,2590.25,2660.2,2643.217641094965,8877.0,804.0,23463843.0,4219.0,47.53,89.75,61.35,1303689600.0
2011-04-21,2579.0,2594.5,2571.1,2586.65,2584.0968688845396,1022.0,119.0,2640947.0,555.0,54.31,23.4,7.65,1303344000.0
2011-04-20,2578.6,2593.9,2554.15,2568.0,2572.587382779199,1173.0,124.0,3017645.0,661.0,56.35,39.75,-10.6,1303257600.0
2011-04-19,2576.0,2579.5,2528.0,2568.2,2563.690355329949,2364.0,231.0,6060564.0,784.0,33.16,51.5,-7.8,1303171200.0
2011-04-18,2620.1,2640.0,2570.0,2576.1,2606.170601675552,3939.0,399.0,10265706.0,1865.0,47.35,70.0,-44.0,1303084800.0
2011-04-15,2610.1,2634.0,2580.0,2620.1,2612.894851584773,5963.0,477.0,15580692.0,2286.0,38.34,54.0,10.0,1302825600.0
2011-04-13,2555.25,2630.0,2550.05,2614.0,2604.0699664725603,11334.0,1016.0,29514529.0,4116.0,36.32,79.95,58.75,1302652800.0
2011-04-11,2531.9,2575.0,2462.05,2567.3,2560.841492864984,13665.0,499.0,34993899.0,10662.0,78.02,112.95,35.4,1302480000.0
2011-04-08,2555.0,2580.75,2550.0,2560.7,2560.0098894706225,10314.0,351.0,26403942.0,7249.0,70.28,30.75,5.7,1302220800.0
2011-04-07,2551.0,2569.9,2527.9,2551.15,2550.96001715082,9329.0,325.0,23797906.0,8370.0,89.72,42.0,0.15,1302134400.0
2011-04-06,2570.0,2590.0,2542.0,2547.55,2556.467717140661,5204.0,408.0,13303858.0,2439.0,46.87,48.0,-22.45,1302048000.0
2011-04-05,2540.25,2597.0,2538.15,2563.85,2570.807196020496,26737.0,830.0,68735672.0,20883.0,78.11,58.85,23.6,1301961600.0
2011-04-04,2539.75,2539.75,2525.0,2528.75,2530.9410801963995,1833.0,220.0,4639215.0,698.0,38.08,14.75,-11.0,1301875200.0
2011-04-01,2530.05,2547.1,2512.0,2518.4,2527.712136752137,2925.0,283.0,7393558.0,1279.0,43.73,35.1,-11.65,1301616000.0
2011-03-31,2525.0,2565.9,2515.0,2526.95,2539.26695706285,3214.0,406.0,8161204.0,1374.0,42.75,50.9,1.95,1301529600.0
2011-03-30,2547.0,2573.8,2504.8,2533.75,2551.5965235815743,25486.0,1445.0,65029989.0,10757.0,42.21,69.0,-13.25,1301443200.0
2011-03-29,2530.1,2545.0,2510.0,2518.2,2523.0967940813807,1622.0,171.0,4092463.0,959.0,59.12,35.0,-11.9,1301356800.0
2011-03-28,2540.0,2547.5,2513.25,2529.85,2537.4135034225264,3214.0,188.0,8155247.0,2349.0,73.09,34.25,-10.15,1301270400.0
2011-03-25,2535.0,2646.95,2519.1,2524.95,2547.325605536332,2890.0,343.0,7361771.0,933.0,32.28,127.85,-10.05,1301011200.0
2011-03-24,2540.0,2554.0,2504.0,2509.1,2526.5280690931518,1621.0,272.0,4095502.0,631.0,38.93,50.0,-30.9,1300924800.0
2011-03-23,2515.0,2550.0,2512.75,2536.7,2535.3384947785376,2777.0,221.0,7040635.0,1456.0,52.43,37.25,21.7,1300838400.0
2011-03-22,2523.0,2552.15,2502.2,2511.7,2526.021413276231,1868.0,250.0,4718608.0,464.0,24.84,49.95,-11.3,1300752000.0
2011-03-21,2512.0,2529.9,2510.0,2523.65,2519.1849103277677,1617.0,158.0,4073522.0,506.0,31.29,19.9,11.65,1300665600.0
2011-03-18,2599.0,2604.0,2502.0,2534.85,2569.7955344221623,4837.0,502.0,12430101.0,1122.0,23.2,102.0,-64.15,1300406400.0
2011-03-17,2503.0,2593.95,2503.0,2576.8,2568.1008076883754,9781.0,730.0,25118594.0,3267.0,33.4,90.95,73.8,1300320000.0
2011-03-16,2547.0,2569.5,2531.05,2548.15,2555.0760107816723,1855.0,368.0,4739666.0,687.0,37.04,38.45,1.15,1300233600.0
2011-03-15,2496.6,2543.9,2495.05,2528.9,2525.815080789946,3342.0,388.0,8441274.0,1088.0,32.56,48.85,32.3,1300147200.0
2011-03-14,2517.15,2555.0,2500.0,2523.45,2525.5586442494478,14929.0,298.0,37704065.0,13568.0,90.88,55.0,6.3,1300060800.0
2011-03-11,2490.0,2532.0,2490.0,2524.05,2524.492417236915,10814.0,1058.0,27299861.0,5262.0,48.66,42.0,34.05,1299801600.0
2011-03-10,2505.0,2513.85,2426.0,2496.05,2498.615886833514,3676.0,312.0,9184912.0,1804.0,49.08,87.85,-8.95,1299715200.0
2011-03-09,2525.0,2525.0,2496.0,2498.25,2508.7654867256642,3164.0,250.0,7937734.0,1562.0,49.37,29.0,-26.75,1299628800.0
2011-03-08,2509.0,2526.95,2495.05,2503.65,2510.325098039216,2550.0,269.0,6401329.0,1186.0,46.51,31.9,-5.35,1299542400.0
2011-03-07,2493.0,2520.0,2450.0,2502.75,2491.8622997006514,5679.0,682.0,14151286.0,1427.0,25.13,70.0,9.75,1299456000.0
2011-03-04,2555.0,2598.0,2482.0,2502.0,2537.5719246031745,16128.0,2008.0,40925960.0,5286.0,32.78,116.0,-53.0,1299196800.0
2011-03-03,2510.15,2560.0,2490.0,2538.45,2532.83254668582,4873.0,490.0,12342493.0,1362.0,27.95,70.0,28.3,1299110400.0
2011-03-01,2418.0,2545.0,2400.4,2522.3,2500.078926905132,7716.0,750.0,19290609.0,2600.0,33.7,144.6,104.3,1298937600.0
2011-02-28,2431.0,2448.0,2396.35,2405.5,2408.3910162002944,2716.0,225.0,6541190.0,1107.0,40.76,51.65,-25.5,1298851200.0
2011-02-25,2425.0,2435.0,2395.05,2411.25,2409.345015930815,6591.0,563.0,15879993.0,1491.0,22.62,39.95,-13.75,1298592000.0
2011-02-24,2470.0,2479.0,2405.0,2422.6,2427.422892133773,10615.0,642.0,25767094.0,8026.0,75.61,74.0,-47.4,1298505600.0
2011-02-23,2490.0,2491.0,2451.0,2480.75,2479.719225449516,5061.0,410.0,12549859.0,2247.0,44.4,40.0,-9.25,1298419200.0
2011-02-22,2565.0,2565.0,2506.5,2513.75,2523.695564965456,4487.0,399.0,11323822.0,3080.0,68.64,58.5,-51.25,1298332800.0
2011-02-21,2609.0,2613.0,2500.0,2576.05,2558.2793247094933,4561.0,597.0,11668312.0,1248.0,27.36,113.0,-32.95,1298246400.0
2011-02-18,2595.0,2616.4,2585.0,2596.35,2599.957219096236,103434.0,385.0,268923975.0,101116.0,97.76,31.4,1.35,1297987200.0
2011-02-17,2578.0,2599.7,2552.0,2588.95,2578.925502562081,2537.0,342.0,6542734.0,658.0,25.94,47.7,10.95,1297900800.0
2011-02-16,2584.0,2617.0,2551.2,2566.0,2592.944312796209,5064.0,482.0,13130670.0,969.0,19.14,65.8,-18.0,1297814400.0
2011-02-15,2608.0,2625.0,2575.0,2591.05,2596.060586529165,3103.0,273.0,8055576.0,690.0,22.24,50.0,-16.95,1297728000.0
2011-02-14,2520.0,2615.0,2452.8,2596.75,2523.147505879875,28487.0,880.0,71876903.0,23451.0,82.32,162.2,76.75,1297641600.0
2011-02-11,2483.4,2515.0,2455.5,2499.3,2495.829412438657,209476.0,732.0,522816362.0,205178.0,97.95,59.5,15.9,1297382400.0
2011-02-10,2470.0,2511.95,2455.15,2483.45,2485.921905436515,11294.0,1013.0,28076002.0,4984.0,44.13,56.8,13.45,1297296000.0
2011-02-09,2477.0,2489.0,2424.15,2474.9,2460.1847784200386,10380.0,857.0,25536718.0,5665.0,54.58,64.85,-2.1,1297209600.0
2011-02-08,2525.9,2555.0,2465.2,2472.85,2498.625196279744,8279.0,631.0,20686118.0,3662.0,44.23,89.8,-53.05,1297123200.0
2011-02-07,2485.0,2530.0,2475.05,2506.8,2496.139027714675,48422.0,571.0,120868044.0,44500.0,91.9,54.95,21.8,1297036800.0
2011-02-04,2489.0,2506.95,2463.0,2480.55,2486.479021763518,4457.0,368.0,11082237.0,1292.0,28.99,43.95,-8.45,1296777600.0
2011-02-03,2460.0,2530.0,2440.0,2476.4,2483.1147234042555,5875.0,618.0,14588299.0,1565.0,26.64,90.0,16.4,1296691200.0
2011-02-02,2495.9,2523.0,2460.1,2486.9,2484.458772248456,5506.0,494.0,13679430.0,1429.0,25.95,62.9,-9.0,1296604800.0
2011-02-01,2570.0,2609.15,2442.5,2487.25,2504.5103822882293,14544.0,1164.0,36425599.0,6838.0,47.02,166.65,-82.75,1296518400.0
2011-01-31,2551.0,2595.0,2485.0,2569.25,2545.934331680664,9883.0,647.0,25161469.0,4169.0,42.18,110.0,18.25,1296432000.0
2011-01-28,2625.0,2625.0,2550.05,2575.55,2562.9815952673544,34991.0,450.0,89681289.0,32479.0,92.82,74.95,-49.45,1296172800.0
2011-01-27,2636.45,2682.6,2595.0,2600.3,2602.356478611284,3226.0,290.0,8395202.0,1552.0,48.11,87.6,-36.15,1296086400.0
2011-01-25,2627.0,2642.0,2595.0,2599.95,2600.380660190444,249837.0,640.0,649671303.0,244518.0,97.87,47.0,-27.05,1295913600.0
2011-01-24,2670.05,2694.9,2611.6,2622.3,2640.6021803766102,20180.0,1322.0,53287352.0,9517.0,47.16,83.3,-47.75,1295827200.0
2011-01-21,2676.0,2680.95,2655.15,2660.95,2661.8301245753114,1766.0,168.0,4700792.0,758.0,42.92,25.8,-15.05,1295568000.0
2011-01-20,2670.0,2680.0,2635.0,2671.7,2664.452488687783,2210.0,198.0,5888440.0,571.0,25.84,45.0,1.7,1295481600.0
2011-01-19,2670.0,2700.0,2667.0,2675.35,2680.185353208036,4629.0,324.0,12406578.0,2873.0,62.07,33.0,5.35,1295395200.0
2011-01-18,2663.0,2673.0,2640.0,2659.15,2654.2822357498612,3614.0,362.0,9592576.0,1426.0,39.46,33.0,-3.85,1295308800.0
2011-01-17,2700.0,2700.0,2647.1,2663.55,2667.1116859403533,6572.0,403.0,17528258.0,4027.0,61.28,52.9,-36.45,1295222400.0
2011-01-14,2726.0,2739.95,2686.25,2727.5,2720.332735426009,3345.0,305.0,9099513.0,1910.0,57.1,53.7,1.5,1294963200.0
2011-01-13,2730.0,2765.0,2703.0,2714.4,2727.591315789474,3800.0,380.0,10364847.0,1071.0,28.18,62.0,-15.6,1294876800.0
2011-01-12,2700.0,2740.0,2679.85,2726.6,2723.5664556962024,26544.0,520.0,72294348.0,23138.0,87.17,60.15,26.6,1294790400.0
2011-01-11,2655.55,2729.9,2614.0,2691.9,2673.209663428175,11528.0,1168.0,30816761.0,2061.0,17.88,115.9,36.35,1294704000.0
2011-01-10,2774.15,2787.9,2652.25,2674.6,2706.9518904660213,7961.0,739.0,21550044.0,2270.0,28.51,135.65,-99.55,1294617600.0
2011-01-07,2829.95,2865.0,2761.4,2774.15,2800.3283679816664,6109.0,649.0,17107206.0,2157.0,35.31,103.6,-55.8,1294358400.0
2011-01-06,2898.0,2898.0,2841.0,2846.3,2857.9089823220256,4186.0,280.0,11963207.0,2202.0,52.6,57.0,-51.7,1294272000.0
2011-01-05,2840.0,2887.95,2840.0,2867.95,2872.0479251082847,7157.0,474.0,20555247.0,2309.0,32.26,47.95,27.95,1294185600.0
2011-01-04,2880.0,2897.0,2825.0,2837.85,2860.752233956133,3693.0,343.0,10564758.0,1766.0,47.82,72.0,-42.15,1294099200.0
2011-01-03,2898.0,2948.8,2860.2,2874.9,2902.3241379310343,10730.0,820.0,31141938.0,2652.0,24.72,88.6,-23.1,1294012800.0
2010-12-31,2820.0,2893.0,2813.0,2874.85,2868.2376387039503,11265.0,867.0,32310697.0,4430.0,39.33,80.0,54.85,1293753600.0
2010-12-30,2799.0,2832.0,2799.0,2819.75,2819.3827042522694,6279.0,444.0,17702904.0,2542.0,40.48,33.0,20.75,1293667200.0
2010-12-29,2825.0,2859.85,2802.2,2817.35,2834.2906352324817,7635.0,639.0,21639809.0,1466.0,19.2,57.65,-7.65,1293580800.0
2010-12-28,2832.0,2846.5,2801.0,2813.55,2817.596118859916,4947.0,506.0,13938648.0,902.0,18.23,45.5,-18.45,1293494400.0
2010-12-27,2820.0,2925.1,2820.0,2832.4,2854.901838402179,8812.0,659.0,25157395.0,1585.0,17.99,105.1,12.4,1293408000.0
2010-12-24,2950.0,2965.5,2875.0,2886.6,2909.855818218872,19628.0,1107.0,57114650.0,4047.0,20.62,90.5,-63.4,1293148800.0
2010-12-23,2935.0,3027.0,2867.8,2963.15,2986.732548608897,43922.0,3950.0,131183267.0,8015.0,18.25,159.2,28.15,1293062400.0
2010-12-22,2920.15,2972.5,2920.15,2933.75,2950.013731430805,20464.0,1684.0,60369081.0,4007.0,19.58,52.35,13.6,1292976000.0
2010-12-21,2760.0,2930.0,2753.15,2908.15,2883.7595847025764,41994.0,3963.0,121100600.0,12852.0,30.6,176.85,148.15,1292889600.0
2010-12-20,2701.2,2767.9,2697.5,2756.2,2753.6455984970476,7452.0,544.0,20520167.0,4112.0,55.18,70.4,55.0,1292803200.0
2010-12-16,2714.0,2729.9,2676.85,2701.2,2697.734115626789,3494.0,108.0,9425883.0,3040.0,87.01,53.05,-12.8,1292457600.0
2010-12-15,2650.0,2735.0,2650.0,2711.35,2710.6850704826998,18728.0,168.0,50765710.0,17318.0,92.47,85.0,61.35,1292371200.0
2010-12-14,2695.1,2745.0,2695.1,2738.3,2727.021589916385,8013.0,463.0,21851624.0,4957.0,61.86,49.9,43.2,1292284800.0
2010-12-13,2655.5,2700.0,2655.5,2687.75,2685.652229299363,1570.0,240.0,4216474.0,834.0,53.12,44.5,32.25,1292198400.0
2010-12-10,2616.0,2671.0,2616.0,2661.65,2647.228425215166,8598.0,288.0,22760870.0,7419.0,86.29,55.0,45.65,1291939200.0
2010-12-09,2658.0,2664.0,2614.0,2654.5,2639.154123951537,8584.0,724.0,22654499.0,7294.0,84.97,50.0,-3.5,1291852800.0
2010-12-08,2617.0,2715.0,2617.0,2657.0,2692.716149679961,4062.0,454.0,10937813.0,1412.0,34.76,98.0,40.0,1291766400.0
2010-12-07,2675.0,2708.0,2657.05,2699.3,2690.079961858057,7341.0,494.0,19747877.0,4013.0,54.67,50.95,24.3,1291680000.0
2010-12-06,2663.2,2692.4,2663.2,2675.2,2677.38371040724,3315.0,228.0,8875527.0,1687.0,50.89,29.2,12.0,1291593600.0
2010-12-03,2695.0,2695.0,2640.0,2660.0,2661.046940486169,2386.0,228.0,6349258.0,981.0,41.11,55.0,-35.0,1291334400.0
2010-12-02,2691.0,2728.0,2640.0,2656.05,2655.790373906125,5028.0,364.0,13353314.0,1846.0,36.71,88.0,-34.95,1291248000.0
2010-12-01,2640.2,2720.0,2640.2,2673.35,2688.156978982216,12989.0,1051.0,34916471.0,4058.0,31.24,79.8,33.15,1291161600.0
2010-11-30,2586.0,2655.0,2584.05,2642.5,2624.7131652661064,5355.0,416.0,14055339.0,2863.0,53.46,70.95,56.5,1291075200.0
2010-11-29,2550.0,2612.0,2550.0,2585.05,2578.6049279599083,9578.0,472.0,24697878.0,5580.0,58.26,62.0,35.05,1290988800.0
2010-11-26,2589.95,2621.2,2475.0,2546.0,2543.888417305586,7304.0,577.0,18580561.0,2567.0,35.15,146.2,-43.95,1290729600.0
2010-11-25,2602.0,2629.0,2450.0,2526.25,2558.5413389602923,5213.0,497.0,13337676.0,2189.0,41.99,179.0,-75.75,1290643200.0
2010-11-24,2647.1,2660.0,2595.0,2605.15,2621.8105565717274,3827.0,225.0,10033669.0,1653.0,43.19,65.0,-41.95,1290556800.0
2010-11-23,2626.0,2649.8,2601.0,2630.55,2629.612605042017,3570.0,234.0,9387717.0,1652.0,46.27,48.8,4.55,1290470400.0
2010-11-22,2650.0,2684.9,2628.0,2652.9,2653.4625748502995,5344.0,405.0,14180104.0,2997.0,56.08,56.9,2.9,1290384000.0
2010-11-19,2654.0,2655.0,2618.0,2628.1,2633.69682422452,2708.0,291.0,7132051.0,876.0,32.35,37.0,-25.9,1290124800.0
2010-11-18,2660.2,2693.0,2590.0,2650.0,2641.0933813237352,5001.0,577.0,13208108.0,1308.0,26.15,103.0,-10.2,1290038400.0
2010-11-16,2665.0,2665.15,2625.1,2656.85,2650.415255404103,7263.0,457.0,19249966.0,4354.0,59.95,40.05,-8.15,1289865600.0
2010-11-15,2629.3,2689.45,2621.0,2664.45,2665.495405819296,15672.0,1201.0,41773644.0,4866.0,31.05,68.45,35.15,1289779200.0
2010-11-12,2660.0,2690.5,2618.0,2629.2,2649.160620604979,8959.0,565.0,23733830.0,3676.0,41.03,72.5,-30.8,1289520000.0
2010-11-11,2740.0,2745.45,2625.0,2659.65,2702.9564598321344,13344.0,1994.0,36068251.0,6907.0,51.76,120.45,-80.35,1289433600.0
2010-11-10,2760.0,2770.0,2731.25,2743.55,2757.499824929972,11424.0,902.0,31501678.0,6910.0,60.49,38.75,-16.45,1289347200.0
2010-11-09,2749.9,2760.0,2710.1,2755.05,2749.8703048320117,42384.0,583.0,116550503.0,38187.0,90.1,49.9,5.15,1289260800.0
2010-11-08,2700.0,2750.0,2692.8,2738.35,2727.66098503617,10091.0,2013.0,27524827.0,4529.0,44.88,57.2,38.35,1289174400.0
2010-11-05,2700.0,2700.0,2670.25,2688.85,2687.756652526032,2593.0,219.0,6969353.0,1352.0,52.14,29.75,-11.15,1288915200.0
2010-11-04,2728.0,2728.0,2650.0,2662.85,2671.824066655985,12482.0,987.0,33349708.0,4697.0,37.63,78.0,-65.15,1288828800.0
2010-11-03,2805.5,2823.5,2681.1,2695.25,2729.467688507102,17811.0,1139.0,48614549.0,6982.0,39.2,142.4,-110.25,1288742400.0
2010-11-02,2690.25,2790.0,2690.25,2781.85,2768.0706705372863,21013.0,1829.0,58165469.0,6515.0,31.0,99.75,91.6,1288656000.0
2010-11-01,2681.0,2709.8,2680.0,2694.85,2695.5223087146383,5267.0,299.0,14197316.0,2378.0,45.15,29.8,13.85,1288569600.0
2010-10-29,2615.0,2710.0,2615.0,2678.25,2685.232757396449,21125.0,1620.0,56725542.0,3454.0,16.35,95.0,63.25,1288310400.0
2010-10-28,2510.0,2692.0,2503.1,2651.7,2634.929560854276,46636.0,3287.0,122882575.0,9782.0,20.98,188.9,141.7,1288224000.0
2010-10-27,2625.0,2629.0,2494.1,2502.9,2528.134276827372,32150.0,2064.0,81279517.0,18082.0,56.24,134.9,-122.1,1288137600.0
2010-10-26,2635.0,2640.0,2592.15,2597.1,2615.5515171182865,6163.0,400.0,16119644.0,3245.0,52.65,47.85,-37.9,1288051200.0
2010-10-25,2645.0,2645.0,2613.0,2621.6,2623.068893040635,4282.0,254.0,11231981.0,2962.0,69.17,32.0,-23.4,1287964800.0
2010-10-22,2635.15,2644.95,2615.15,2620.9,2634.742851872348,27105.0,241.0,71414705.0,25857.0,95.4,29.8,-14.25,1287705600.0
2010-10-21,2648.0,2648.0,2615.0,2628.85,2625.7094972067043,4117.0,318.0,10810046.0,2206.0,53.58,33.0,-19.15,1287619200.0
2010-10-20,2620.0,2637.0,2600.0,2603.4,2604.162757640369,16884.0,570.0,43968684.0,12785.0,75.72,37.0,-16.6,1287532800.0
2010-10-19,2698.0,2698.0,2630.0,2636.9,2660.813873961896,6141.0,457.0,16340058.0,1718.0,27.98,68.0,-61.1,1287446400.0
2010-10-18,2675.05,2680.0,2630.0,2655.2,2652.338023560209,3056.0,308.0,8105545.0,1312.0,42.93,50.0,-19.85,1287360000.0
2010-10-15,2682.0,2717.5,2655.0,2666.05,2687.2800077564475,5157.0,421.0,13858303.0,1305.0,25.31,62.5,-15.95,1287100800.0
2010-10-14,2675.0,2721.0,2674.15,2695.0,2704.26354362682,10097.0,695.0,27304949.0,4261.0,42.2,46.85,20.0,1287014400.0
2010-10-13,2693.0,2693.0,2655.0,2661.0,2663.792462186957,4033.0,352.0,10743075.0,1576.0,39.08,38.0,-32.0,1286928000.0
2010-10-12,2666.0,2670.0,2645.55,2660.65,2657.293273709708,5367.0,388.0,14261693.0,1705.0,31.77,24.45,-5.35,1286841600.0
2010-10-11,2699.0,2708.9,2652.0,2661.55,2670.564359227408,7093.0,377.0,18942313.0,3362.0,47.4,56.9,-37.45,1286755200.0
2010-10-08,2725.0,2725.0,2670.0,2677.75,2688.9272500889365,5622.0,468.0,15117149.0,1327.0,23.6,55.0,-47.25,1286496000.0
2010-10-07,2705.0,2744.0,2675.6,2697.65,2718.2796182308607,14459.0,972.0,39303605.0,3971.0,27.46,68.4,-7.35,1286409600.0
2010-10-06,2675.0,2717.95,2672.55,2700.35,2699.176574345117,26646.0,1086.0,71922259.0,18440.0,69.2,45.4,25.35,1286323200.0
2010-10-05,2660.0,2680.0,2652.0,2656.5,2668.092416602017,10312.0,842.0,27513369.0,2897.0,28.09,28.0,-3.5,1286236800.0
2010-10-04,2696.2,2708.0,2637.1,2644.55,2669.1067692307693,13000.0,921.0,34698388.0,5724.0,44.03,70.9,-51.65,1286150400.0
2010-10-01,2700.0,2729.9,2658.0,2666.5,2691.188030888031,20720.0,1169.0,55761416.0,8722.0,42.09,71.9,-33.5,1285891200.0
2010-09-30,2733.55,2743.0,2658.0,2671.6,2688.372273589379,16872.0,1403.0,45358217.0,9790.0,58.03,85.0,-61.95,1285804800.0
2010-09-29,2800.0,2800.0,2728.0,2747.15,2764.0489240763286,4926.0,501.0,13615705.0,1655.0,33.6,72.0,-52.85,1285718400.0
2010-09-28,2366.0,2795.0,2366.0,2773.5,2774.1868190273717,3763.0,423.0,10439265.0,1138.0,30.24,429.0,407.5,1285632000.0
2010-09-27,2810.0,2820.0,2766.5,2776.0,2793.670316907251,6027.0,547.0,16837451.0,2743.0,45.51,53.5,-34.0,1285545600.0
2010-09-24,2750.0,2817.0,2735.0,2789.7,2797.315151614542,60977.0,1152.0,170571886.0,53037.0,86.98,82.0,39.7,1285286400.0
2010-09-23,2788.8,2788.8,2730.0,2740.2,2747.4167399589564,6822.0,574.0,18742877.0,3192.0,46.79,58.8,-48.6,1285200000.0
2010-09-22,2790.0,2829.8,2754.0,2768.2,2778.3765368852446,7808.0,760.0,21693564.0,2953.0,37.82,75.8,-21.8,1285113600.0
2010-09-21,2858.05,2870.0,2805.0,2815.25,2825.4582841401025,5082.0,483.0,14358979.0,1956.0,38.49,65.0,-42.8,1285027200.0
2010-09-20,2845.0,2880.0,2834.05,2847.75,2854.2488465545466,6719.0,622.0,19177698.0,2380.0,35.42,45.95,2.75,1284940800.0
2010-09-17,2828.0,2849.0,2806.0,2840.75,2834.4784813795104,6901.0,642.0,19560736.0,2335.0,33.84,43.0,12.75,1284681600.0
2010-09-16,2852.5,2880.0,2792.0,2804.55,2877.004160862064,108391.0,936.0,311841358.0,102438.0,94.51,88.0,-47.95,1284595200.0
2010-09-15,2858.8,2916.0,2830.05,2854.8,2882.081406609369,33044.0,2890.0,95235498.0,6897.0,20.87,85.95,-4.0,1284508800.0
2010-09-14,2808.0,2920.0,2800.0,2861.0,2850.55028034661,27466.0,1941.0,78293214.0,6477.0,23.58,120.0,53.0,1284422400.0
2010-09-13,2821.0,2833.0,2787.0,2797.65,2799.866010054376,9747.0,573.0,27290294.0,4647.0,47.68,46.0,-23.35,1284336000.0
2010-09-09,2847.0,2859.0,2795.25,2809.15,2821.50945968979,5867.0,605.0,16553796.0,2626.0,44.76,63.75,-37.85,1283990400.0
2010-09-08,2847.0,2877.0,2826.0,2832.6,2851.7884667571234,7370.0,577.0,21017681.0,2175.0,29.51,51.0,-14.4,1283904000.0
2010-09-07,2850.0,2881.0,2831.0,2847.85,2858.0409629895794,16698.0,767.0,47723568.0,7136.0,42.74,50.0,-2.15,1283817600.0
2010-09-06,2796.0,2863.0,2785.0,2849.8,2848.8022881847414,18967.0,1430.0,54033233.0,5800.0,30.58,78.0,53.8,1283731200.0
2010-09-03,2797.0,2828.0,2785.0,2808.5,2812.307129936689,13268.0,976.0,37313691.0,3035.0,22.87,43.0,11.5,1283472000.0
2010-09-02,2767.0,2810.0,2745.5,2795.8,2787.621671039033,12579.0,1073.0,35065493.0,3591.0,28.55,64.5,28.8,1283385600.0
2010-09-01,2821.0,2821.0,2700.0,2737.95,2747.7064323111445,5348.0,546.0,14694734.0,1943.0,36.33,121.0,-83.05,1283299200.0
2010-08-31,2711.0,2794.0,2711.0,2762.45,2761.7335184450612,25210.0,1834.0,69623302.0,4835.0,19.18,83.0,51.45,1283212800.0
2010-08-30,2745.15,2745.5,2685.1,2705.55,2705.077116890129,33339.0,719.0,90184566.0,27128.0,81.37,60.4,-39.6,1283126400.0
2010-08-27,2745.0,2759.9,2706.2,2713.6,2721.2493961352657,11592.0,767.0,31544723.0,3255.0,28.08,53.7,-31.4,1282867200.0
2010-08-26,2775.0,2786.0,2730.0,2744.75,2733.039701692465,188128.0,834.0,514161293.0,181570.0,96.51,56.0,-30.25,1282780800.0
2010-08-25,2751.25,2821.0,2739.15,2751.25,2777.58588918339,23769.0,1797.0,66020439.0,6326.0,26.61,81.85,0.0,1282694400.0
2010-08-24,2789.0,2810.0,2730.1,2769.15,2782.5058050819343,15073.0,1587.0,41940710.0,3103.0,20.59,79.9,-19.85,1282608000.0
2010-08-23,2766.0,2807.0,2755.0,2764.25,2776.0002748385327,7277.0,707.0,20200954.0,2652.0,36.44,52.0,-1.75,1282521600.0
2010-08-20,2715.0,2815.85,2700.0,2766.55,2776.6324727083693,69252.0,2276.0,192287352.0,45569.0,65.8,115.85,51.55,1282262400.0
2010-08-19,2666.15,2826.0,2654.65,2704.5,2754.4020615476543,33470.0,3470.0,92189837.0,3997.0,11.94,171.35,38.35,1282176000.0
2010-08-18,2640.0,2685.0,2636.0,2641.85,2658.028252901649,6548.0,487.0,17404769.0,2320.0,35.43,49.0,1.85,1282089600.0
2010-08-17,2658.0,2674.9,2605.0,2629.05,2608.0886361248795,104709.0,510.0,273090353.0,101170.0,96.62,69.9,-28.95,1282003200.0
2010-08-16,2660.0,2680.0,2629.0,2634.95,2643.782803738317,5350.0,324.0,14144238.0,3488.0,65.2,51.0,-25.05,1281916800.0
2010-08-13,2695.0,2710.0,2652.15,2658.95,2681.910836069714,3959.0,366.0,10617685.0,1630.0,41.17,57.85,-36.05,1281657600.0
2010-08-12,2650.0,2700.0,2606.0,2694.5,2677.219210059002,209484.0,688.0,560834589.0,201914.0,96.39,94.0,44.5,1281571200.0
2010-08-11,2668.0,2712.0,2660.0,2674.95,2687.1012844809434,4749.0,470.0,12761044.0,1541.0,32.45,52.0,6.95,1281484800.0
2010-08-10,2670.0,2678.0,2631.1,2667.35,2667.8304167418364,5543.0,425.0,14787784.0,1802.0,32.51,46.9,-2.65,1281398400.0
2010-08-09,2626.0,2680.0,2610.0,2656.75,2650.87936452514,5728.0,578.0,15184237.0,1566.0,27.34,70.0,30.75,1281312000.0
2010-08-06,2617.0,2635.0,2593.0,2603.05,2618.5580304806563,4265.0,333.0,11168150.0,1681.0,39.41,42.0,-13.95,1281052800.0
2010-08-05,2613.9,2661.95,2593.55,2599.6,2624.5859455257237,36017.0,584.0,94529712.0,31223.0,86.69,68.4,-14.3,1280966400.0
2010-08-04,2610.0,2615.0,2582.15,2591.75,2593.842037808395,3121.0,259.0,8095381.0,1090.0,34.92,32.85,-18.25,1280880000.0
2010-08-03,2638.0,2638.0,2590.15,2599.1,2602.502406891309,3947.0,327.0,10272077.0,1077.0,27.29,47.85,-38.9,1280793600.0
2010-08-02,2605.0,2638.5,2605.0,2617.05,2621.545799115603,3166.0,319.0,8299814.0,1198.0,37.84,33.5,12.05,1280707200.0
2010-07-30,2600.0,2675.0,2594.75,2605.35,2628.317535545024,11605.0,988.0,30501625.0,2795.0,24.08,80.25,5.35,1280448000.0
2010-07-29,2584.0,2705.9,2580.0,2622.3,2658.705404927241,45218.0,2849.0,120221341.0,24112.0,53.32,125.9,38.3,1280361600.0
2010-07-28,2434.0,2608.9,2434.0,2584.75,2547.1847150838003,22375.0,2121.0,56993258.0,7580.0,33.88,174.9,150.75,1280275200.0
2010-07-27,2526.0,2529.6,2420.0,2437.75,2502.818272662384,84060.0,911.0,210386904.0,78392.0,93.26,109.6,-88.25,1280188800.0
2010-07-26,2521.0,2534.9,2510.5,2520.45,2522.5835080363386,2862.0,233.0,7219634.0,1220.0,42.63,24.4,-0.55,1280102400.0
2010-07-23,2516.0,2548.0,2505.05,2517.35,2523.71165260856,3201.0,464.0,8078401.0,976.0,30.49,42.95,1.35,1279843200.0
2010-07-22,2485.0,2524.0,2465.0,2516.4,2481.216423630585,106980.0,630.0,265440533.0,102276.0,95.6,59.0,31.4,1279756800.0
2010-07-21,2482.0,2498.9,2457.0,2485.65,2480.0502411038337,389044.0,647.0,964848666.0,382909.0,98.42,41.9,3.65,1279670400.0
2010-07-20,2474.0,2485.0,2455.05,2482.0,2477.4105612832545,142388.0,504.0,352753535.0,139470.0,97.95,29.95,8.0,1279584000.0
2010-07-19,2456.0,2480.0,2452.7,2474.55,2463.951424986557,5579.0,350.0,13746385.0,3469.0,62.18,27.3,18.55,1279497600.0
2010-07-16,2445.5,2474.0,2440.0,2456.7,2450.7430013517637,91732.0,550.0,224811557.0,44350.0,48.35,34.0,11.2,1279238400.0
2010-07-15,2420.0,2459.95,2409.0,2439.7,2434.312277236227,23287.0,835.0,56687830.0,15516.0,66.63,50.95,19.7,1279152000.0
2010-07-14,2378.0,2424.8,2350.15,2409.85,2408.919380399775,19561.0,608.0,47120872.0,13763.0,70.36,74.65,31.85,1279065600.0
2010-07-13,2388.0,2388.8,2360.0,2370.4,2374.407582613465,43758.0,211.0,103899327.0,41338.0,94.47,28.8,-17.6,1278979200.0
2010-07-12,2402.0,2419.0,2352.0,2365.7,2391.8375209380238,8955.0,675.0,21418905.0,3049.0,34.05,67.0,-36.3,1278892800.0
2010-07-09,2360.0,2398.0,2350.05,2385.75,2376.797206165704,8304.0,608.0,19736924.0,2620.0,31.55,47.95,25.75,1278633600.0
2010-07-08,2354.0,2360.0,2335.05,2344.95,2346.339994370954,3553.0,455.0,8336546.0,1084.0,30.51,24.95,-9.05,1278547200.0
2010-07-07,2351.5,2362.0,2325.0,2335.1,2344.87136790578,47803.0,405.0,112091886.0,44001.0,92.05,37.0,-16.4,1278460800.0
2010-07-06,2332.05,2350.0,2330.0,2342.9,2341.929836995039,2822.0,254.0,6608926.0,1401.0,49.65,20.0,10.85,1278374400.0
2010-07-05,2337.0,2349.0,2325.0,2331.0,2339.0950956937804,1672.0,193.0,3910967.0,622.0,37.2,24.0,-6.0,1278288000.0
2010-07-02,2336.0,2359.0,2310.0,2320.6,2345.8819463643904,10851.0,354.0,25455165.0,8080.0,74.46,49.0,-15.4,1278028800.0
2010-07-01,2315.0,2336.0,2283.5,2329.65,2316.0791148832973,6598.0,598.0,15281490.0,1339.0,20.29,52.5,14.65,1277942400.0
2010-06-30,2340.0,2340.0,2292.0,2306.25,2311.4017868538613,7835.0,813.0,18109833.0,3296.0,42.07,48.0,-33.75,1277856000.0
2010-06-29,2371.25,2400.0,2330.0,2358.0,2380.610330257825,11597.0,889.0,27607938.0,4266.0,36.79,70.0,-13.25,1277769600.0
2010-06-28,2400.0,2404.9,2355.05,2366.65,2369.203789893617,6016.0,513.0,14253130.0,3252.0,54.06,49.85,-33.35,1277683200.0
2010-06-25,2457.0,2457.0,2382.0,2392.8,2406.172178624813,10704.0,671.0,25755667.0,6485.0,60.58,75.0,-64.2,1277424000.0
2010-06-24,2402.0,2465.0,2402.0,2457.65,2442.7686310063464,11030.0,656.0,26943738.0,5402.0,48.98,63.0,55.65,1277337600.0
2010-06-23,2360.25,2419.0,2360.25,2409.45,2399.620784937619,83599.0,1095.0,200605898.0,75621.0,90.46,58.75,49.2,1277251200.0
2010-06-22,2380.0,2434.8,2360.1,2372.6,2390.269903106583,10011.0,714.0,23928992.0,4731.0,47.26,74.7,-7.4,1277164800.0
2010-06-21,2350.0,2448.65,2350.0,2416.4,2418.7049317825986,17884.0,1143.0,43256119.0,11466.0,64.11,98.65,66.4,1277078400.0
2010-06-18,2370.0,2390.0,2345.0,2372.15,2367.228707661953,6082.0,700.0,14397485.0,2535.0,41.68,45.0,2.15,1276819200.0
2010-06-17,2324.7,2395.0,2313.05,2363.9,2369.1576000509,15717.0,1296.0,37236050.0,7062.0,44.93,81.95,39.2,1276732800.0
2010-06-16,2300.0,2318.9,2290.15,2310.0,2308.838874059695,4121.0,753.0,9514725.0,2559.0,62.1,28.75,10.0,1276646400.0
2010-06-15,2307.8,2315.85,2285.5,2290.75,2297.026051475204,9558.0,726.0,21954975.0,6726.0,70.37,30.35,-17.05,1276560000.0
2010-06-14,2300.0,2300.0,2285.0,2293.45,2291.889766890557,2531.0,257.0,5800773.0,843.0,33.31,15.0,-6.55,1276473600.0
2010-06-11,2313.0,2319.95,2276.0,2288.35,2287.439928975697,45055.0,425.0,103060606.0,41988.0,93.19,43.95,-24.65,1276214400.0
2010-06-10,2295.0,2326.95,2265.0,2313.1,2290.602395106401,11607.0,873.0,26587022.0,2874.0,24.76,61.95,18.1,1276128000.0
2010-06-09,2235.05,2295.0,2225.1,2286.05,2259.474176209395,17116.0,1001.0,38673160.0,8262.0,48.27,69.9,51.0,1276041600.0
2010-06-08,2199.0,2240.0,2191.15,2232.9,2218.6945592286497,8712.0,851.0,19329267.0,3601.0,41.33,48.85,33.9,1275955200.0
2010-06-07,2111.2,2207.0,2111.2,2184.7,2176.8528088968837,12229.0,911.0,26620733.0,4511.0,36.89,95.8,73.5,1275868800.0
2010-06-04,2118.75,2158.75,2096.7,2142.95,2142.8893375205625,6687.0,605.0,14329501.0,3095.0,46.28,62.05,24.2,1275609600.0
2010-06-03,2100.05,2126.0,2090.2,2111.5,2111.0877123666532,5062.0,394.0,10686326.0,1551.0,30.64,35.8,11.45,1275523200.0
2010-06-02,2071.5,2098.0,2038.0,2079.7,2056.4834093077493,9433.0,520.0,19398808.0,4163.0,44.13,60.0,8.2,1275436800.0
2010-06-01,2112.85,2112.9,2060.0,2071.35,2085.303191489362,1692.0,201.0,3528333.0,1002.0,59.22,52.9,-41.5,1275350400.0
2010-05-31,2108.0,2119.9,2080.0,2086.65,2096.571989528796,3820.0,288.0,8008905.0,2085.0,54.58,39.9,-21.35,1275264000.0
2010-05-28,2158.0,2180.0,2095.0,2103.75,2114.4072289156625,4150.0,354.0,8774790.0,1603.0,38.63,85.0,-54.25,1275004800.0
2010-05-27,2082.7,2130.0,2060.0,2109.05,2087.78309777906,3467.0,285.0,7238344.0,1796.0,51.8,70.0,26.35,1274918400.0
2010-05-26,2088.0,2100.0,2060.05,2082.7,2089.5509893455096,1314.0,188.0,2745670.0,573.0,43.61,39.95,-5.3,1274832000.0
2010-05-25,2050.0,2089.0,2030.0,2068.9,2054.781320715902,4861.0,265.0,9988292.0,3539.0,72.8,59.0,18.9,1274745600.0
2010-05-24,2050.0,2082.0,2033.0,2066.0,2062.5626810639974,7594.0,317.0,15663101.0,6224.0,81.96,49.0,16.0,1274659200.0
2010-05-21,2052.0,2069.0,2016.1,2022.2,2033.6664272890484,2785.0,309.0,5663761.0,1319.0,47.36,52.9,-29.8,1274400000.0
2010-05-20,2104.05,2146.95,2050.0,2067.65,2073.4862009486847,4638.0,499.0,9616829.0,1032.0,22.25,96.95,-36.4,1274313600.0
2010-05-19,2155.0,2175.0,2100.0,2106.75,2150.7473230220107,13448.0,706.0,28923250.0,6479.0,48.18,75.0,-48.25,1274227200.0
2010-05-18,2140.05,2171.0,2120.15,2163.45,2153.0031502264223,10158.0,490.0,21870206.0,5279.0,51.97,50.85,23.4,1274140800.0
2010-05-17,2128.0,2130.0,2075.0,2118.85,2120.712988192552,1101.0,206.0,2334905.0,434.0,39.42,55.0,-9.15,1274054400.0
2010-05-14,2119.9,2145.0,2103.0,2138.3,2134.170747527161,6167.0,598.0,13161431.0,3106.0,50.36,42.0,18.4,1273795200.0
2010-05-13,2079.85,2113.5,2068.0,2105.85,2096.246164908917,4172.0,336.0,8745539.0,1046.0,25.07,45.5,26.0,1273708800.0
2010-05-12,2090.0,2098.95,2041.05,2065.5,2065.86363365333,16771.0,344.0,34646599.0,2149.0,12.81,57.9,-24.5,1273622400.0
2010-05-11,2127.9,2127.9,2060.2,2068.65,2085.91599642538,2238.0,325.0,4668280.0,1177.0,52.59,67.7,-59.25,1273536000.0
2010-05-10,2121.0,2145.0,2100.15,2111.4,2115.1867621443776,5167.0,476.0,10929170.0,2657.0,51.42,44.85,-9.6,1273449600.0
2010-05-07,2037.0,2095.0,2010.0,2086.1,2071.326099940274,5023.0,423.0,10404271.0,2110.0,42.01,85.0,49.1,1273190400.0
2010-05-06,2010.0,2074.3,2009.9,2035.8,2033.3624851602688,2527.0,239.0,5138307.0,1579.0,62.49,64.4,25.8,1273104000.0
2010-05-05,2050.0,2069.95,2050.0,2057.8,2058.3312401883827,1274.0,147.0,2622314.0,549.0,43.09,19.95,7.8,1273017600.0
2010-05-04,2081.0,2098.5,2072.15,2083.65,2076.33793851718,13825.0,176.0,28705372.0,12952.0,93.69,26.35,2.65,1272931200.0
2010-05-03,2075.8,2095.0,2067.25,2073.05,2082.0741444866917,1052.0,162.0,2190342.0,549.0,52.19,27.75,-2.75,1272844800.0
2010-04-30,2050.55,2115.85,2050.55,2074.95,2081.455134596212,2006.0,184.0,4175399.0,876.0,43.67,65.3,24.4,1272585600.0
2010-04-29,2088.0,2094.9,2072.0,2080.85,2079.025283347864,1147.0,114.0,2384642.0,371.0,32.35,22.9,-7.15,1272499200.0
2010-04-28,2040.6,2098.0,2040.6,2088.65,2079.434137830765,3439.0,283.0,7151174.0,1471.0,42.77,57.4,48.05,1272412800.0
2010-04-27,2056.65,2094.65,2056.65,2062.65,2077.894549763033,4220.0,349.0,8768715.0,2050.0,48.58,38.0,6.0,1272326400.0
2010-04-26,2013.3,2117.0,2013.3,2068.2,2087.5670307845085,2014.0,202.0,4204360.0,623.0,30.93,103.7,54.9,1272240000.0
2010-04-23,2062.55,2093.0,2062.55,2089.65,2083.664032382421,5188.0,320.0,10810049.0,2491.0,48.01,30.45,27.1,1271980800.0
2010-04-22,2052.0,2079.9,2045.0,2069.85,2062.3507049345417,3972.0,377.0,8191657.0,1447.0,36.43,34.9,17.85,1271894400.0
2010-04-21,2085.0,2113.0,2035.0,2051.4,2076.0547852553264,5914.0,576.0,12277788.0,1809.0,30.59,78.0,-33.6,1271808000.0
2010-04-20,2043.55,2099.0,2043.55,2080.75,2080.8153718780186,7247.0,477.0,15079669.0,3575.0,49.33,55.45,37.2,1271721600.0
2010-04-19,2059.0,2060.0,2012.55,2035.0,2038.6094393411465,3157.0,395.0,6435890.0,1351.0,42.79,47.45,-24.0,1271635200.0
2010-04-16,2030.05,2080.0,2030.05,2053.0,2060.631809643081,3194.0,263.0,6581658.0,1781.0,55.76,49.95,22.95,1271376000.0
2010-04-15,2046.0,2073.4,2040.0,2044.55,2053.385073012439,3698.0,161.0,7593418.0,1860.0,50.3,33.4,-1.45,1271289600.0
2010-04-13,2034.0,2074.9,2034.0,2058.75,2058.4656943303203,4868.0,283.0,10020611.0,2102.0,43.18,40.9,24.75,1271116800.0
2010-04-12,2030.05,2050.0,2015.1,2048.05,2030.342550877738,6437.0,362.0,13069315.0,2845.0,44.2,34.9,18.0,1271030400.0
2010-04-09,2041.2,2049.9,2025.0,2042.3,2039.823386537128,2882.0,180.0,5878771.0,1405.0,48.75,24.9,1.1,1270771200.0
2010-04-08,2040.05,2055.0,2005.0,2029.05,2040.9636831348678,155107.0,546.0,316567754.0,150429.0,96.98,50.0,-11.0,1270684800.0
2010-04-07,2060.0,2060.0,2035.15,2039.2,2047.1982339160209,5549.0,156.0,11359903.0,4705.0,84.79,24.85,-20.8,1270598400.0
2010-04-06,2050.0,2056.0,2030.0,2041.4,2042.782120395328,2226.0,173.0,4547233.0,1670.0,75.02,26.0,-8.6,1270512000.0
2010-04-05,2051.9,2070.0,2022.0,2051.0,2052.561087354917,3274.0,261.0,6720085.0,1267.0,38.7,48.0,-0.9,1270425600.0
2010-04-01,2047.0,2063.0,2005.0,2025.85,2028.652537796976,3704.0,410.0,7514129.0,1098.0,29.64,58.0,-21.15,1270080000.0
2010-03-31,2050.05,2090.0,2030.0,2042.6,2058.715396578538,5144.0,429.0,10590032.0,1650.0,32.08,60.0,-7.45,1269993600.0
2010-03-30,2040.0,2075.9,2039.0,2066.55,2065.058220275612,9361.0,640.0,19331010.0,2942.0,31.43,36.9,26.55,1269907200.0
2010-03-29,2001.0,2054.0,1995.0,2031.15,2022.4778826577829,5403.0,479.0,10927448.0,3090.0,57.19,59.0,30.15,1269820800.0
2010-03-26,1978.0,2050.0,1965.4,1999.8,2018.3917084587088,14955.0,1084.0,30185048.0,3657.0,24.45,84.6,21.8,1269561600.0
2010-03-25,1987.9,1987.9,1960.0,1962.4,1966.0604861503675,7076.0,192.0,13911844.0,5522.0,78.04,27.9,-25.5,1269475200.0
2010-03-23,1987.0,1997.9,1961.0,1966.3,1975.5569514237848,2388.0,255.0,4717630.0,701.0,29.36,36.9,-20.7,1269302400.0
2010-03-22,1985.0,2015.0,1965.0,1970.85,1989.5433789954327,3285.0,302.0,6535650.0,995.0,30.29,50.0,-14.15,1269216000.0
2010-03-19,1999.0,2020.0,1985.0,1994.85,2000.3989455184533,8535.0,565.0,17073405.0,3427.0,40.15,35.0,-4.15,1268956800.0
2010-03-18,1980.0,1998.0,1950.2,1994.9,1994.3930756233167,358646.0,394.0,715281099.0,354921.0,98.96,47.8,14.9,1268870400.0
2010-03-17,1938.5,1975.0,1910.3,1970.0,1958.1729088841969,30785.0,882.0,60282353.0,24077.0,78.21,64.7,31.5,1268784000.0
2010-03-16,1904.5,1920.0,1879.0,1904.3,1899.330272324256,3158.0,319.0,5998085.0,948.0,30.02,41.0,-0.2,1268697600.0
2010-03-15,1905.55,1922.95,1891.0,1903.35,1907.8994299674268,2456.0,246.0,4685801.0,924.0,37.62,31.95,-2.2,1268611200.0
2010-03-12,1959.0,1959.0,1912.05,1923.1,1931.856733524356,2443.0,390.0,4719526.0,875.0,35.82,46.95,-35.9,1268352000.0
2010-03-11,1938.1,1950.05,1910.0,1942.95,1929.6017176596888,1863.0,189.0,3594848.0,740.0,39.72,40.05,4.85,1268265600.0
2010-03-10,1940.0,1955.0,1900.15,1937.5,1938.817757009345,1926.0,137.0,3734163.0,1086.0,56.39,54.85,-2.5,1268179200.0
2010-03-09,1925.5,1956.9,1925.15,1942.6,1946.3611111111115,2232.0,164.0,4344278.0,793.0,35.53,31.75,17.1,1268092800.0
2010-03-08,1979.95,1979.95,1935.0,1943.35,1952.7022841656988,2583.0,283.0,5043830.0,1010.0,39.1,44.95,-36.6,1268006400.0
2010-03-05,1975.0,1981.0,1948.0,1959.75,1967.8920876335324,5523.0,391.0,10868668.0,3024.0,54.75,33.0,-15.25,1267747200.0
2010-03-04,1980.0,1995.0,1944.7,1963.7,1967.6220187634226,8847.0,740.0,17407552.0,2460.0,27.81,50.3,-16.3,1267660800.0
2010-03-03,1884.0,2000.0,1877.0,1978.15,1941.1988272634353,18589.0,1088.0,36084945.0,6725.0,36.18,123.0,94.15,1267574400.0
2010-03-02,1822.0,1878.0,1818.5,1865.55,1854.387662189848,4393.0,466.0,8146325.0,1452.0,33.05,59.5,43.55,1267488000.0
2010-02-26,1766.0,1823.5,1742.5,1809.55,1788.788833075734,5176.0,463.0,9258771.0,2315.0,44.73,81.0,43.55,1267142400.0
2010-02-25,1762.0,1776.0,1715.2,1766.75,1745.9161787031012,18444.0,858.0,32201678.0,5023.0,27.23,60.8,4.75,1267056000.0
2010-02-24,1815.0,1824.0,1745.25,1761.35,1764.4994228549442,5198.0,435.0,9171868.0,2525.0,48.58,78.75,-53.65,1266969600.0
2010-02-23,1812.0,1820.0,1764.0,1787.5,1790.2975722543356,4325.0,524.0,7743037.0,1951.0,45.11,56.0,-24.5,1266883200.0
2010-02-22,1843.0,1876.0,1822.05,1825.45,1839.5029453015427,3565.0,306.0,6557828.0,1791.0,50.24,53.95,-17.55,1266796800.0
2010-02-19,1855.25,1870.0,1840.0,1856.15,1851.3614988978686,2722.0,273.0,5039406.0,1131.0,41.55,30.0,0.9,1266537600.0
2010-02-18,1904.0,1904.0,1850.1,1855.25,1867.2583052479536,4154.0,468.0,7756591.0,1767.0,42.54,53.9,-48.75,1266451200.0
2010-02-17,1925.0,1925.0,1850.0,1893.45,1898.2568031704093,3785.0,394.0,7184902.0,1648.0,43.54,75.0,-31.55,1266364800.0
2010-02-16,1935.0,1944.0,1890.1,1913.7,1910.7574303611887,7503.0,451.0,14336413.0,5429.0,72.36,53.9,-21.3,1266278400.0
2010-02-15,1959.0,1965.0,1905.1,1933.0,1929.383834586466,5320.0,400.0,10264322.0,3086.0,58.01,59.9,-26.0,1266192000.0
2010-02-11,1979.0,1994.45,1930.0,1945.05,1965.0460979093625,7701.0,681.0,15132820.0,2473.0,32.11,64.45,-33.95,1265846400.0
2010-02-10,1910.0,2024.0,1910.0,1980.1,1981.5816016359013,36188.0,1080.0,71709475.0,19763.0,54.61,114.0,70.1,1265760000.0
2010-02-09,1955.0,1981.0,1948.9,1968.0,1968.6672004804325,9991.0,627.0,19668954.0,4099.0,41.03,32.1,13.0,1265673600.0
2010-02-08,1979.9,1985.0,1945.0,1947.4,1956.3600362756952,13232.0,815.0,25886556.0,8055.0,60.88,40.0,-32.5,1265587200.0
2010-02-06,1955.0,1970.0,1945.0,1966.4,1962.718429534134,3413.0,168.0,6698758.0,1171.0,34.31,25.0,11.4,1265414400.0
2010-02-05,1900.0,1993.0,1855.05,1944.3,1956.1869726089385,37567.0,2083.0,73488076.0,9557.0,25.44,137.95,44.3,1265328000.0
2010-02-04,1910.0,1925.0,1878.35,1916.0,1908.3407310704958,6128.0,448.0,11694312.0,3564.0,58.16,46.65,6.0,1265241600.0
2010-02-03,1885.0,1921.0,1874.0,1915.5,1904.956066554496,10698.0,488.0,20379220.0,4772.0,44.61,47.0,30.5,1265155200.0
2010-02-02,1925.0,1930.0,1865.0,1871.3,1887.4203549283727,4677.0,364.0,8827465.0,2460.0,52.6,65.0,-53.7,1265068800.0
2010-02-01,1835.0,1950.0,1821.15,1915.2,1908.3670473460327,43256.0,528.0,82548325.0,37678.0,87.1,128.85,80.2,1264982400.0
2010-01-29,1771.0,1872.0,1770.05,1853.15,1835.737059264816,7998.0,350.0,14682225.0,5591.0,69.9,101.95,82.15,1264723200.0
2010-01-28,1780.5,1824.0,1777.0,1800.4,1801.9648921961457,5241.0,400.0,9444098.0,2710.0,51.71,47.0,19.9,1264636800.0
2010-01-27,1774.0,1819.85,1750.0,1765.2,1783.7214998352158,66754.0,584.0,119070545.0,60774.0,91.04,69.85,-8.8,1264550400.0
2010-01-25,1759.9,1800.0,1759.9,1774.9,1782.3282659108474,3881.0,182.0,6917216.0,2353.0,60.63,40.1,15.0,1264377600.0
2010-01-22,1800.0,1849.0,1740.1,1766.9,1775.3151627703735,9154.0,621.0,16251235.0,1964.0,21.46,108.9,-33.1,1264118400.0
2010-01-21,1836.45,1840.5,1795.1,1811.6,1814.988060930424,4858.0,246.0,8817212.0,3251.0,66.92,45.4,-24.85,1264032000.0
2010-01-20,1866.7,1866.7,1820.0,1830.2,1829.0086513994904,1965.0,179.0,3594002.0,1034.0,52.62,46.7,-36.5,1263945600.0
2010-01-19,1876.0,1884.85,1835.0,1846.1,1860.1507837770605,4019.0,244.0,7475946.0,1980.0,49.27,49.85,-29.9,1263859200.0
2010-01-18,1871.0,1915.0,1862.0,1867.3,1887.6609124537606,5677.0,316.0,10716251.0,2514.0,44.28,53.0,-3.7,1263772800.0
2010-01-15,1890.0,1926.0,1862.15,1872.95,1893.3337347785362,7473.0,441.0,14148883.0,3024.0,40.47,63.85,-17.05,1263513600.0
2010-01-14,1875.0,1903.8,1866.7,1880.5,1884.6511426592801,5776.0,418.0,10885745.0,2457.0,42.54,37.1,5.5,1263427200.0
2010-01-13,1840.0,1874.1,1830.25,1864.7,1861.587710701685,10204.0,651.0,18995641.0,4658.0,45.65,43.85,24.7,1263340800.0
2010-01-12,1795.0,1875.0,1792.05,1846.45,1848.1889377659195,13867.0,698.0,25628836.0,4099.0,29.56,82.95,51.45,1263254400.0
2010-01-11,1775.0,1820.0,1765.0,1802.05,1793.242965701376,4869.0,407.0,8731300.0,1982.0,40.71,55.0,27.05,1263168000.0
2010-01-08,1730.0,1829.0,1730.0,1795.7,1758.9967826261816,14919.0,405.0,26242473.0,11265.0,75.51,99.0,65.7,1262908800.0
2010-01-07,1780.0,1795.0,1770.25,1776.5,1775.7791804857172,28041.0,148.0,49794624.0,27003.0,96.3,24.75,-3.5,1262822400.0
2010-01-06,1806.8,1806.8,1776.05,1780.4,1787.6371145374449,1816.0,121.0,3246349.0,1373.0,75.61,30.75,-26.4,1262736000.0
2010-01-05,1791.0,1799.2,1785.0,1790.4,1792.3325604504807,3019.0,148.0,5411052.0,1607.0,53.23,14.2,-0.6,1262649600.0
2010-01-04,1738.0,1799.9,1738.0,1789.65,1787.1558052434455,2670.0,148.0,4771706.0,1206.0,45.17,61.9,51.65,1262563200.0
2009-12-31,1783.65,1800.0,1762.1,1796.25,1785.3747412008279,5313.0,273.0,9485696.0,2547.0,47.94,37.9,12.6,1262217600.0
2009-12-30,1740.0,1772.0,1725.0,1765.25,1762.1807894736844,3800.0,165.0,6696287.0,2928.0,77.05,47.0,25.25,1262131200.0
2009-12-29,1757.0,1790.0,1726.0,1764.9,1761.0344383649826,3107.0,155.0,5471534.0,1635.0,52.62,64.0,7.9,1262044800.0
2009-12-24,1755.1,1765.0,1730.55,1755.3,1755.3702127659576,1880.0,182.0,3300096.0,1245.0,66.22,34.45,0.2,1261612800.0
2009-12-23,1744.9,1766.1,1730.65,1750.25,1753.2938970337539,8799.0,333.0,15427233.0,5775.0,65.63,35.45,5.35,1261526400.0
2009-12-22,1743.9,1770.0,1726.5,1735.5,1749.0773739742083,2559.0,200.0,4475889.0,1192.0,46.58,43.5,-8.4,1261440000.0
2009-12-21,1782.0,1800.0,1730.0,1744.3,1769.6974137931036,16240.0,312.0,28739886.0,12696.0,78.18,70.0,-37.7,1261353600.0
2009-12-18,1752.2,1811.0,1752.2,1799.65,1796.0800812765194,16733.0,522.0,30053808.0,6327.0,37.81,58.8,47.45,1261094400.0
2009-12-17,1784.5,1788.9,1763.0,1772.15,1774.1292409657572,6337.0,368.0,11242657.0,2681.0,42.31,25.9,-12.35,1261008000.0
2009-12-16,1729.0,1774.0,1719.95,1765.95,1753.7491161616156,15840.0,693.0,27779386.0,6550.0,41.35,54.05,36.95,1260921600.0
2009-12-15,1670.0,1755.95,1670.0,1732.55,1737.517564144918,27243.0,662.0,47335191.0,20445.0,75.05,85.95,62.55,1260835200.0
2009-12-14,1711.8,1720.0,1705.0,1716.85,1712.802254098361,3904.0,193.0,6686780.0,2622.0,67.16,15.0,5.05,1260748800.0
2009-12-11,1698.0,1715.0,1690.0,1703.75,1700.5732147818835,3599.0,213.0,6120363.0,1877.0,52.15,25.0,5.75,1260489600.0
2009-12-10,1662.0,1718.85,1662.0,1696.25,1703.5628295254835,4552.0,319.0,7754618.0,2027.0,44.53,56.85,34.25,1260403200.0
2009-12-09,1685.0,1714.45,1680.1,1694.85,1696.886662059433,2894.0,285.0,4910790.0,1306.0,45.13,34.35,9.85,1260316800.0
2009-12-08,1680.0,1695.0,1668.55,1687.4,1681.9627249357327,778.0,130.0,1308567.0,465.0,59.77,26.45,7.4,1260230400.0
2009-12-07,1678.0,1694.75,1666.3,1676.25,1677.1484033999536,17412.0,203.0,29202508.0,16280.0,93.5,28.45,-1.75,1260144000.0
2009-12-04,1660.55,1694.7,1660.55,1673.1,1679.421686746988,830.0,138.0,1393920.0,441.0,53.13,34.15,12.55,1259884800.0
2009-12-03,1690.0,1700.0,1680.0,1684.3,1689.6675213675214,2340.0,141.0,3953822.0,1644.0,70.26,20.0,-5.7,1259798400.0
2009-12-02,1710.0,1712.0,1685.1,1697.05,1696.2961904761905,2100.0,155.0,3562222.0,1268.0,60.38,26.9,-12.95,1259712000.0
2009-12-01,1677.0,1710.0,1670.4,1703.0,1695.0862369337979,2296.0,216.0,3891918.0,1165.0,50.74,39.6,26.0,1259625600.0
2009-11-30,1654.0,1684.7,1654.0,1675.1,1672.2284902597405,2464.0,196.0,4120371.0,1498.0,60.8,30.7,21.1,1259539200.0
2009-11-27,1668.0,1686.0,1615.0,1639.4,1651.589861751152,5208.0,328.0,8601480.0,2242.0,43.05,71.0,-28.6,1259280000.0
2009-11-26,1696.0,1700.0,1670.0,1682.9,1686.3895274584927,1566.0,171.0,2640886.0,483.0,30.84,30.0,-13.1,1259193600.0
2009-11-25,1690.2,1708.7,1680.0,1682.5,1689.3469224620305,1251.0,137.0,2113373.0,726.0,58.03,28.7,-7.7,1259107200.0
2009-11-24,1670.1,1714.9,1670.1,1701.4,1701.4106071514277,4167.0,299.0,7089778.0,1713.0,41.11,44.8,31.3,1259020800.0
2009-11-23,1700.0,1707.85,1684.0,1700.3,1699.3053825267527,6261.0,144.0,10639351.0,5037.0,80.45,23.85,0.3,1258934400.0
2009-11-20,1697.95,1697.95,1665.0,1694.05,1689.2435139994861,3893.0,146.0,6576225.0,2520.0,64.73,32.95,-3.9,1258675200.0
2009-11-19,1680.0,1712.0,1672.0,1683.45,1696.3448174322732,6792.0,510.0,11521574.0,2209.0,32.52,40.0,3.45,1258588800.0
2009-11-18,1666.5,1707.0,1665.65,1675.4,1687.2688878460815,4262.0,319.0,7191140.0,1069.0,25.08,41.35,8.9,1258502400.0
2009-11-17,1675.0,1686.95,1652.0,1673.55,1672.726573110005,2209.0,99.0,3695053.0,1026.0,46.45,34.95,-1.45,1258416000.0
2009-11-16,1679.0,1680.0,1660.0,1671.5,1672.1031358885016,1435.0,116.0,2399468.0,832.0,57.98,20.0,-7.5,1258329600.0
2009-11-13,1660.0,1686.0,1656.0,1659.5,1670.7803988326846,4112.0,413.0,6870249.0,1524.0,37.06,30.0,-0.5,1258070400.0
2009-11-12,1700.0,1700.0,1650.0,1658.55,1664.3938189845474,2265.0,144.0,3769852.0,1402.0,61.9,50.0,-41.45,1257984000.0
2009-11-11,1690.0,1705.0,1629.0,1681.65,1677.949706227967,8510.0,440.0,14279352.0,1745.0,20.51,76.0,-8.35,1257897600.0
2009-11-10,1685.0,1733.8,1661.55,1676.3,1700.6937940905834,9781.0,574.0,16634486.0,2977.0,30.44,72.25,-8.7,1257811200.0
2009-11-09,1681.05,1694.4,1681.05,1689.8,1689.7055863110215,5961.0,133.0,10072335.0,5103.0,85.61,13.35,8.75,1257724800.0
2009-11-06,1699.0,1720.0,1670.0,1685.3,1689.0612991765781,4372.0,232.0,7384576.0,2271.0,51.94,50.0,-13.7,1257465600.0
2009-11-05,1699.0,1709.9,1672.0,1679.65,1690.3778128508436,61459.0,509.0,103888930.0,55522.0,90.34,37.9,-19.35,1257379200.0
2009-11-04,1685.0,1692.0,1670.0,1689.0,1688.26282916948,65164.0,420.0,110013959.0,58532.0,89.82,22.0,4.0,1257292800.0
2009-11-03,1644.0,1683.0,1630.0,1660.0,1665.532695176529,8044.0,346.0,13397545.0,4695.0,58.37,53.0,16.0,1257206400.0
2009-10-30,1650.0,1690.0,1609.95,1644.8,1661.4754406090315,9589.0,506.0,15931888.0,4368.0,45.55,80.05,-5.2,1256860800.0
2009-10-29,1601.1,1634.0,1575.0,1594.3,1612.4447430298956,2977.0,271.0,4800248.0,1418.0,47.63,59.0,-6.8,1256774400.0
2009-10-28,1635.0,1635.0,1595.05,1621.9,1615.2210404624275,4325.0,363.0,6985831.0,2065.0,47.75,39.95,-13.1,1256688000.0
2009-10-27,1611.15,1645.0,1611.15,1638.35,1634.4232076387766,6179.0,279.0,10099101.0,3007.0,48.66,33.85,27.2,1256601600.0
2009-10-26,1690.0,1715.0,1651.0,1666.5,1690.3991874274484,22398.0,1252.0,37861561.0,7466.0,33.33,64.0,-23.5,1256515200.0
2009-10-23,1580.0,1707.0,1577.0,1676.15,1638.5299905414447,86694.0,3350.0,142050719.0,42534.0,49.06,130.0,96.15,1256256000.0
2009-10-22,1578.0,1579.95,1522.0,1530.2,1548.2602609727164,4215.0,204.0,6525917.0,3083.0,73.14,57.95,-47.8,1256169600.0
2009-10-21,1571.0,1573.9,1525.6,1536.15,1551.8662420382166,2355.0,203.0,3654645.0,1175.0,49.89,48.3,-34.85,1256083200.0
2009-10-20,1594.9,1595.0,1570.0,1577.9,1584.8256385068762,2036.0,160.0,3226705.0,1219.0,59.87,25.0,-17.0,1255996800.0
2009-10-17,1560.0,1584.0,1560.0,1571.95,1568.7707462686567,1675.0,108.0,2627691.0,1231.0,73.49,24.0,11.95,1255737600.0
2009-10-16,1579.0,1585.0,1553.0,1560.7,1571.9146742706732,4559.0,270.0,7166359.0,2847.0,62.45,32.0,-18.3,1255651200.0
2009-10-15,1590.0,1598.75,1550.0,1560.15,1570.08277562522,2839.0,227.0,4457465.0,1933.0,68.09,48.75,-29.85,1255564800.0
2009-10-14,1599.0,1620.0,1575.0,1581.5,1599.2257876312713,15426.0,876.0,24669657.0,7016.0,45.48,45.0,-17.5,1255478400.0
2009-10-12,1500.0,1551.95,1500.0,1546.45,1537.8236200048636,12337.0,597.0,18972130.0,7335.0,59.46,51.95,46.45,1255305600.0
2009-10-09,1496.0,1508.95,1479.0,1500.25,1498.6021611001966,4072.0,187.0,6102308.0,2629.0,64.56,29.95,4.25,1255046400.0
2009-10-08,1515.0,1530.0,1480.15,1493.7,1496.4994629430719,5586.0,320.0,8359446.0,2529.0,45.27,49.85,-21.3,1254960000.0
2009-10-07,1425.1,1515.0,1421.0,1485.3,1493.0336929556336,51999.0,1221.0,77636259.0,36467.0,70.13,94.0,60.2,1254873600.0
2009-10-06,1410.0,1422.6,1375.0,1416.65,1404.2367743780387,3497.0,180.0,4910616.0,2146.0,61.37,47.6,6.65,1254787200.0
2009-10-05,1412.0,1417.7,1385.0,1404.9,1405.9993214204928,4421.0,264.0,6215923.0,2622.0,59.31,32.7,-7.1,1254700800.0
2009-10-01,1410.0,1414.8,1380.0,1411.4,1405.081213307241,5110.0,184.0,7179965.0,3256.0,63.72,34.8,1.4,1254355200.0
2009-09-30,1400.0,1415.0,1391.7,1405.6,1408.966909809285,26322.0,242.0,37086827.0,23703.0,90.05,23.3,5.6,1254268800.0
2009-09-29,1380.1,1423.8,1375.85,1395.4,1405.7736656835696,10511.0,617.0,14776087.0,3140.0,29.87,47.95,15.3,1254182400.0
2009-09-25,1375.5,1385.0,1364.45,1377.65,1377.8704485488126,3790.0,145.0,5222129.0,2848.0,75.15,20.55,2.15,1253836800.0
2009-09-24,1351.9,1368.0,1351.9,1365.3,1364.4108527131782,1806.0,87.0,2464126.0,1528.0,84.61,16.1,13.4,1253750400.0
2009-09-23,1384.5,1397.9,1343.1,1361.9,1364.808972503618,2073.0,131.0,2829249.0,780.0,37.63,54.8,-22.6,1253664000.0
2009-09-22,1395.0,1399.75,1354.0,1358.35,1365.0727824109172,3957.0,161.0,5401593.0,2227.0,56.28,45.75,-36.65,1253577600.0
2009-09-18,1360.0,1384.45,1357.0,1372.1,1369.4010989010987,3276.0,190.0,4486158.0,1524.0,46.52,27.45,12.1,1253232000.0
2009-09-17,1389.75,1424.0,1345.0,1363.95,1390.9982525120138,9156.0,522.0,12735980.0,3123.0,34.11,79.0,-25.8,1253145600.0
2009-09-16,1394.75,1394.75,1360.2,1371.7,1378.0201900237528,1684.0,99.0,2320586.0,1006.0,59.74,34.55,-23.05,1253059200.0
2009-09-15,1352.0,1375.0,1352.0,1371.6,1367.147746967071,2308.0,110.0,3155377.0,1406.0,60.92,23.0,19.6,1252972800.0
2009-09-14,1343.0,1368.9,1343.0,1360.6,1357.907354733848,2461.0,88.0,3341810.0,1992.0,80.94,25.9,17.6,1252886400.0
2009-09-11,1365.0,1375.0,1355.0,1365.1,1364.8579686209744,1211.0,68.0,1652843.0,922.0,76.14,20.0,0.1,1252627200.0
2009-09-10,1350.0,1380.0,1350.0,1370.3,1373.5231629392972,2504.0,101.0,3439302.0,2047.0,81.75,30.0,20.3,1252540800.0
2009-09-09,1400.0,1400.0,1354.0,1366.3,1365.5097469929487,2411.0,75.0,3292244.0,1954.0,81.05,46.0,-33.7,1252454400.0
2009-09-08,1415.0,1440.0,1367.0,1375.7,1381.1780141843972,1410.0,100.0,1947461.0,700.0,49.65,73.0,-39.3,1252368000.0
2009-09-07,1394.0,1395.0,1375.0,1379.3,1383.4608227228207,2042.0,112.0,2825027.0,1218.0,59.65,20.0,-14.7,1252281600.0
2009-09-04,1377.0,1383.95,1335.1,1363.4,1356.449637919684,1519.0,112.0,2060447.0,817.0,53.79,48.85,-13.6,1252022400.0
2009-09-03,1366.0,1370.0,1343.0,1349.1,1349.9137535085479,3919.0,140.0,5290312.0,2823.0,72.03,27.0,-16.9,1251936000.0
2009-09-02,1385.0,1393.5,1352.0,1362.15,1364.6996632996631,1485.0,96.0,2026579.0,709.0,47.74,41.5,-22.85,1251849600.0
2009-09-01,1399.8,1399.8,1369.0,1378.35,1387.6612903225805,1116.0,84.0,1548630.0,521.0,46.68,30.8,-21.45,1251763200.0
2009-08-31,1415.0,1415.0,1376.1,1391.4,1390.3430270984795,1513.0,90.0,2103589.0,982.0,64.9,38.9,-23.6,1251676800.0
2009-08-28,1346.0,1402.0,1346.0,1395.7,1399.5011170394516,190235.0,277.0,266234095.0,185555.0,97.54,56.0,49.7,1251417600.0
2009-08-27,1370.0,1375.0,1349.05,1369.35,1366.5049019607845,816.0,61.0,1115068.0,641.0,78.55,25.95,-0.65,1251331200.0
2009-08-26,1365.0,1375.0,1351.2,1370.15,1368.1509245377313,2001.0,121.0,2737670.0,1494.0,74.66,23.8,5.15,1251244800.0
2009-08-25,1340.0,1365.0,1321.05,1358.5,1347.955403987408,1906.0,109.0,2569203.0,1474.0,77.33,43.95,18.5,1251158400.0
2009-08-24,1314.0,1345.0,1314.0,1332.55,1329.919318181818,1760.0,96.0,2340658.0,1069.0,60.74,31.0,18.55,1251072000.0
2009-08-21,1315.0,1319.0,1299.0,1306.2,1309.4383626097867,12752.0,116.0,16697958.0,11300.0,88.61,20.0,-8.8,1250812800.0
2009-08-20,1308.0,1325.0,1302.35,1305.4,1312.7112715158244,1801.0,83.0,2364193.0,1314.0,72.96,22.65,-2.6,1250726400.0
2009-08-19,1339.05,1339.15,1300.0,1306.35,1313.3378684807255,3969.0,216.0,5212638.0,1354.0,34.11,39.15,-32.7,1250640000.0
2009-08-18,1355.0,1355.0,1337.4,1346.55,1346.855319148936,705.0,63.0,949533.0,330.0,46.81,17.6,-8.45,1250553600.0
2009-08-17,1331.1,1365.0,1331.1,1349.85,1354.970822281167,1131.0,84.0,1532472.0,584.0,51.64,33.9,18.75,1250467200.0
2009-08-14,1390.0,1390.0,1365.1,1369.3,1376.2955823293173,1245.0,106.0,1713488.0,758.0,60.88,24.9,-20.7,1250208000.0
2009-08-13,1341.0,1400.0,1341.0,1388.55,1346.4329536842106,475000.0,280.0,639555653.0,472125.0,99.39,59.0,47.55,1250121600.0
2009-08-12,1341.0,1349.45,1326.0,1341.8,1335.5023923444976,1463.0,81.0,1953840.0,686.0,46.89,23.45,0.8,1250035200.0
2009-08-11,1360.0,1390.05,1311.0,1348.35,1361.1301728653746,3818.0,212.0,5196795.0,1514.0,39.65,79.05,-11.65,1249948800.0
2009-08-10,1394.0,1394.05,1296.25,1324.6,1333.7676266137041,6042.0,288.0,8058624.0,3632.0,60.11,97.8,-69.4,1249862400.0
2009-08-07,1390.0,1417.0,1333.0,1337.75,1383.3929716915356,7171.0,278.0,9920311.0,4367.0,60.9,84.0,-52.25,1249603200.0
2009-08-06,1441.0,1441.0,1355.5,1383.6,1399.1883302943475,3839.0,274.0,5371484.0,1431.0,37.28,85.5,-57.4,1249516800.0
2009-08-05,1405.0,1448.0,1405.0,1427.0,1431.7464426877468,5060.0,315.0,7244637.0,1702.0,33.64,43.0,22.0,1249430400.0
2009-08-04,1421.2,1429.9,1402.1,1411.8,1415.1756291902136,56978.0,356.0,80633877.0,52851.0,92.76,27.8,-9.4,1249344000.0
2009-08-03,1405.0,1420.0,1386.0,1415.0,1410.601635184663,3547.0,177.0,5003404.0,1957.0,55.17,34.0,10.0,1249257600.0
2009-07-31,1400.0,1415.0,1387.5,1408.55,1409.0800228841129,27967.0,207.0,39407741.0,27112.0,96.94,27.5,8.55,1248998400.0
2009-07-30,1400.0,1410.0,1380.0,1397.35,1393.9741100323624,3399.0,215.0,4738118.0,2505.0,73.7,30.0,-2.65,1248912000.0
2009-07-29,1399.0,1420.0,1346.2,1391.75,1397.430397761536,41457.0,384.0,57933272.0,38045.0,91.77,73.8,-7.25,1248825600.0
2009-07-28,1355.0,1400.05,1343.0,1385.9,1377.0221277523435,9174.0,646.0,12632801.0,6039.0,65.83,57.05,30.9,1248739200.0
2009-07-27,1280.0,1373.0,1280.0,1349.5,1355.7875720785382,41101.0,1030.0,55724225.0,22873.0,55.65,93.0,69.5,1248652800.0
2009-07-24,1302.0,1330.0,1285.0,1307.85,1313.2937414863025,26428.0,579.0,34707727.0,13898.0,52.59,45.0,5.85,1248393600.0
2009-07-23,1299.95,1310.0,1271.0,1283.65,1300.3724854609593,73423.0,276.0,95477249.0,13067.0,17.8,39.0,-16.3,1248307200.0
2009-07-22,1250.0,1297.1,1250.0,1294.05,1281.1528764611505,8726.0,510.0,11179340.0,5441.0,62.35,47.1,44.05,1248220800.0
2009-07-21,1203.0,1257.95,1199.25,1251.7,1228.669828494778,10437.0,400.0,12823627.0,6706.0,64.25,58.7,48.7,1248134400.0
2009-07-20,1208.0,1209.0,1175.0,1205.1,1199.2804232804233,8505.0,347.0,10199880.0,6514.0,76.59,34.0,-2.9,1248048000.0
2009-07-17,1177.0,1194.9,1177.0,1188.15,1186.231464737794,3871.0,71.0,4591902.0,3257.0,84.14,17.9,11.15,1247788800.0
2009-07-16,1195.0,1198.0,1177.6,1187.2,1186.7916544225684,3403.0,175.0,4038652.0,2305.0,67.73,20.4,-7.8,1247702400.0
2009-07-15,1172.0,1195.0,1111.1,1163.55,1166.5273403324586,4572.0,165.0,5333363.0,2627.0,57.46,83.9,-8.45,1247616000.0
2009-07-14,1138.0,1172.4,1137.5,1155.55,1153.2905811623245,1497.0,96.0,1726476.0,1142.0,76.29,34.9,17.55,1247529600.0
2009-07-13,1170.0,1170.0,1110.0,1129.9,1151.5273666092944,2905.0,163.0,3345187.0,2205.0,75.9,60.0,-40.1,1247443200.0
2009-07-10,1170.5,1185.0,1167.0,1173.3,1176.6679950407367,11292.0,112.0,13286935.0,10790.0,95.55,18.0,2.8,1247184000.0
2009-07-09,1189.0,1194.65,1163.1,1175.55,1183.7070959674895,3199.0,156.0,3786679.0,2659.0,83.12,31.55,-13.45,1247097600.0
2009-07-08,1175.0,1198.8,1175.0,1192.15,1190.1949816605534,23992.0,119.0,28555158.0,23317.0,97.19,23.8,17.15,1247011200.0
2009-07-07,1195.0,1210.0,1185.3,1207.25,1199.8591890700748,4538.0,116.0,5444961.0,4006.0,88.28,24.7,12.25,1246924800.0
2009-07-06,1190.0,1200.0,1181.5,1193.45,1191.2501546072974,6468.0,163.0,7705006.0,4642.0,71.77,18.5,3.45,1246838400.0
2009-07-03,1190.0,1197.0,1182.0,1192.9,1189.7098958333333,3840.0,105.0,4568486.0,2756.0,71.77,15.0,2.9,1246579200.0
2009-07-02,1180.0,1190.0,1180.0,1187.1,1186.6206683168316,3232.0,76.0,3835158.0,2193.0,67.85,10.0,7.1,1246492800.0
2009-07-01,1195.0,1195.0,1175.0,1184.85,1182.533627162912,6126.0,113.0,7244201.0,5453.0,89.01,20.0,-10.15,1246406400.0
2009-06-30,1177.5,1194.9,1165.0,1177.45,1175.5685621003945,14702.0,198.0,17283209.0,11792.0,80.21,29.9,-0.05,1246320000.0
2009-06-29,1152.5,1180.0,1152.0,1173.15,1168.9235479356191,5716.0,147.0,6681567.0,3282.0,57.42,28.0,20.65,1246233600.0
2009-06-26,1125.0,1159.0,1125.0,1152.85,1148.5006153846152,3250.0,179.0,3732627.0,1753.0,53.94,34.0,27.85,1245974400.0
2009-06-25,1120.0,1130.0,1120.0,1125.75,1125.1259829345825,5977.0,47.0,6724878.0,5562.0,93.06,10.0,5.75,1245888000.0
2009-06-24,1099.0,1137.15,1081.0,1125.85,1097.5325553560742,16710.0,143.0,18339769.0,15509.0,92.81,56.15,26.85,1245801600.0
2009-06-23,1080.0,1104.0,1070.0,1084.95,1079.17522957108,34412.0,100.0,37136578.0,33196.0,96.47,34.0,4.95,1245715200.0
2009-06-22,1115.0,1128.0,1076.3,1082.25,1106.036044362292,1082.0,61.0,1196731.0,753.0,69.59,51.7,-32.75,1245628800.0
2009-06-19,1093.8,1117.9,1090.0,1108.6,1102.302655960469,3238.0,118.0,3569256.0,2289.0,70.69,27.9,14.8,1245369600.0
2009-06-18,1125.0,1125.0,1050.6,1088.7,1101.7779083431255,1702.0,129.0,1875226.0,1078.0,63.34,74.4,-36.3,1245283200.0
2009-06-17,1154.0,1155.0,1103.1,1120.25,1129.1545003543586,1411.0,114.0,1593237.0,802.0,56.84,51.9,-33.75,1245196800.0
2009-06-16,1170.0,1178.0,1144.0,1163.35,1164.4591439688716,1028.0,118.0,1197064.0,510.0,49.61,34.0,-6.65,1245110400.0
2009-06-15,1150.0,1179.9,1135.0,1157.35,1148.348890153671,1757.0,107.0,2017649.0,1565.0,89.07,44.9,7.35,1245024000.0
2009-06-12,1165.0,1199.95,1146.0,1154.3,1161.7186609686607,11232.0,166.0,13048424.0,10547.0,93.9,53.95,-10.7,1244764800.0
2009-06-11,1150.2,1186.95,1150.0,1179.05,1162.5264735264736,9009.0,249.0,10473201.0,7824.0,86.85,36.95,28.85,1244678400.0
2009-06-10,1149.0,1159.7,1121.0,1139.9,1137.0781683626276,6486.0,189.0,7375089.0,4962.0,76.5,38.7,-9.1,1244592000.0
2009-06-09,1145.0,1150.0,1120.0,1149.75,1146.395255307234,58929.0,188.0,67555926.0,57284.0,97.21,30.0,4.75,1244505600.0
2009-06-08,1130.0,1150.2,1105.1,1125.15,1129.8261034143386,52836.0,123.0,59695492.0,52029.0,98.47,45.1,-4.85,1244419200.0
2009-06-05,1135.0,1150.0,1118.95,1121.8,1120.1168585877049,16413.0,91.0,18384478.0,15940.0,97.12,31.05,-13.2,1244160000.0
2009-06-04,1155.0,1155.0,1102.0,1123.65,1121.40234791889,6559.0,89.0,7355278.0,5983.0,91.22,53.0,-31.35,1244073600.0
2009-06-03,1155.0,1160.6,1104.05,1130.0,1128.8405283646064,22863.0,123.0,25808681.0,22007.0,96.26,56.55,-25.0,1243987200.0
2009-06-02,1153.0,1160.0,1100.0,1114.45,1139.378319189707,3653.0,202.0,4162149.0,2200.0,60.22,60.0,-38.55,1243900800.0
2009-06-01,1068.6,1147.0,1068.6,1130.15,1113.9182126126127,69375.0,268.0,77278076.0,66985.0,96.55,78.4,61.55,1243814400.0
2009-05-29,1063.0,1090.0,1050.0,1081.05,1075.6865903357268,5153.0,166.0,5543013.0,2534.0,49.18,40.0,18.05,1243555200.0
2009-05-28,1090.0,1090.0,1062.25,1065.45,1077.5264150943397,2650.0,98.0,2855445.0,1585.0,59.81,27.75,-24.55,1243468800.0
2009-05-27,1046.0,1095.0,1045.3,1086.4,1074.9038290293856,3369.0,219.0,3621351.0,2457.0,72.93,49.7,40.4,1243382400.0
2009-05-26,1064.8,1075.0,1020.0,1055.25,1023.9214919536772,33245.0,196.0,34040270.0,30609.0,92.07,55.0,-9.55,1243296000.0
2009-05-25,960.0,1190.0,915.0,1044.4,1048.6965252895593,24002.0,166.0,25170814.0,21222.0,88.42,275.0,84.4,1243209600.0
2009-05-22,1094.0,1095.0,1050.0,1065.55,1068.7564052029957,2537.0,161.0,2711435.0,1631.0,64.29,45.0,-28.45,1242950400.0
2009-05-21,1046.5,1125.0,1025.05,1097.75,1070.2695139911634,4753.0,278.0,5086991.0,3146.0,66.19,99.95,51.25,1242864000.0
2009-05-20,1013.0,1030.0,995.0,1019.6,1016.612530120482,4150.0,182.0,4218942.0,3261.0,78.58,35.0,6.6,1242777600.0
2009-05-19,999.0,1015.0,955.0,1001.8,999.106057611542,161912.0,420.0,161767260.0,158179.0,97.69,60.0,2.8,1242691200.0
2009-05-15,940.0,964.5,940.0,955.1,959.6821693981004,40638.0,138.0,38999564.0,40031.0,98.51,24.5,15.1,1242345600.0
2009-05-14,930.0,960.0,916.0,952.25,949.5588686080536,7177.0,256.0,6814984.0,4107.0,57.22,44.0,22.25,1242259200.0
2009-05-13,900.9,952.0,900.9,949.75,942.3871378091873,14150.0,451.0,13334778.0,10237.0,72.35,51.1,48.85,1242172800.0
2009-05-12,910.0,917.9,885.0,898.4,904.1005552128315,3242.0,220.0,2931094.0,1289.0,39.76,32.9,-11.6,1242086400.0
2009-05-11,908.0,922.0,900.3,914.05,914.2210526315787,4180.0,199.0,3821444.0,1717.0,41.08,21.7,6.05,1242000000.0
2009-05-08,907.8,909.8,898.0,905.1,903.2034257120862,5196.0,139.0,4693045.0,4526.0,87.11,11.8,-2.7,1241740800.0
2009-05-07,863.0,902.0,863.0,897.6,891.8705432937181,2356.0,158.0,2101247.0,1297.0,55.05,39.0,34.6,1241654400.0
2009-05-06,886.5,899.0,886.2,887.55,890.6096866096866,1755.0,75.0,1563020.0,1143.0,65.13,12.8,1.05,1241568000.0
2009-05-05,891.0,900.0,878.0,891.05,890.8847078447726,20383.0,139.0,18158903.0,2515.0,12.34,22.0,0.05,1241481600.0
2009-05-04,887.0,895.0,873.0,884.15,884.3629270350062,4742.0,252.0,4193649.0,2738.0,57.74,22.0,-2.85,1241395200.0
2009-04-29,870.0,894.9,861.05,887.05,882.4125523012552,2390.0,196.0,2108966.0,1511.0,63.22,33.85,17.05,1240963200.0
2009-04-28,883.05,895.0,872.0,876.05,875.2644325463978,36047.0,147.0,31550657.0,34716.0,96.31,23.0,-7.0,1240876800.0
2009-04-27,900.0,926.0,860.0,878.55,904.9514333096422,21105.0,1132.0,19099000.0,5239.0,24.82,66.0,-21.45,1240790400.0
2009-04-24,895.0,900.0,880.0,898.6,895.5309210526317,1520.0,105.0,1361207.0,1005.0,66.12,20.0,3.6,1240531200.0
2009-04-23,882.0,900.0,874.15,885.05,885.0848730289638,81239.0,142.0,71903410.0,80163.0,98.68,25.85,3.05,1240444800.0
2009-04-22,890.7,905.0,885.0,887.4,891.8587575730174,11059.0,132.0,9863066.0,10256.0,92.74,20.0,-3.3,1240358400.0
2009-04-21,919.95,920.0,876.0,890.7,903.3711457936812,2627.0,186.0,2373156.0,826.0,31.44,44.0,-29.25,1240272000.0
2009-04-20,920.0,950.0,898.0,923.95,928.4437329816199,47008.0,250.0,43644283.0,45409.0,96.6,52.0,3.95,1240185600.0
2009-04-17,910.0,920.0,905.0,914.3,913.0633802816901,2272.0,139.0,2074480.0,1786.0,78.61,15.0,4.3,1239926400.0
2009-04-16,880.0,914.95,863.0,904.05,902.0373172608361,7798.0,395.0,7034087.0,5206.0,66.76,51.95,24.05,1239840000.0
2009-04-15,824.4,881.0,792.1,873.7,853.1733131733131,10582.0,481.0,9028280.0,7349.0,69.45,88.9,49.3,1239753600.0
2009-04-13,803.95,826.0,794.9,816.4,812.2790197764401,2326.0,179.0,1889361.0,1336.0,57.44,31.1,12.45,1239580800.0
2009-04-09,797.0,800.0,785.0,785.75,793.3931987247612,941.0,92.0,746583.0,497.0,52.82,15.0,-11.25,1239235200.0
2009-04-08,785.0,785.0,770.0,780.65,781.2103052366285,3571.0,238.0,2789702.0,2121.0,59.4,15.0,-4.35,1239148800.0
2009-04-06,810.0,815.0,775.1,783.85,797.4913316822252,5249.0,248.0,4186032.0,3621.0,68.98,39.9,-26.15,1238976000.0
2009-04-02,783.55,801.0,783.25,797.4,793.7146824019438,2881.0,171.0,2286692.0,1660.0,57.62,17.75,13.85,1238630400.0
2009-04-01,809.0,809.0,780.0,788.65,789.5372233400403,1988.0,107.0,1569600.0,1026.0,51.61,29.0,-20.35,1238544000.0
2009-03-31,792.0,802.0,760.0,786.0,777.364258555133,5260.0,463.0,4088936.0,931.0,17.7,42.0,-6.0,1238457600.0
2009-03-30,762.0,807.0,762.0,792.3,785.3420303605313,4216.0,199.0,3311002.0,1501.0,35.6,45.0,30.3,1238371200.0
2009-03-27,770.05,795.0,760.0,773.85,769.2297297297298,4514.0,153.0,3472303.0,3438.0,76.16,35.0,3.8,1238112000.0
2009-03-26,769.75,774.9,746.0,767.7,753.3623472446393,26022.0,168.0,19603995.0,14757.0,56.71,28.9,-2.05,1238025600.0
2009-03-25,692.35,790.0,692.35,763.4,761.3479394038118,6139.0,406.0,4673915.0,2427.0,39.53,97.65,71.05,1237939200.0
2009-03-24,747.5,770.0,747.5,760.85,763.0274031028416,18757.0,177.0,14312105.0,16586.0,88.43,22.5,13.35,1237852800.0
2009-03-23,733.5,754.8,733.25,750.3,748.9190082644627,605.0,68.0,453096.0,423.0,69.92,21.55,16.8,1237766400.0
2009-03-20,740.05,754.8,735.0,748.3,743.0864040660738,787.0,58.0,584809.0,583.0,74.08,19.8,8.25,1237507200.0
2009-03-19,760.0,760.0,739.0,747.2,748.8251928020564,389.0,63.0,291293.0,165.0,42.42,21.0,-12.8,1237420800.0
2009-03-18,735.0,762.0,735.0,752.85,748.8375241779497,2068.0,129.0,1548596.0,1337.0,64.65,27.0,17.85,1237334400.0
2009-03-17,738.0,744.0,725.0,741.15,736.9389728096678,1655.0,110.0,1219634.0,1134.0,68.52,19.0,3.15,1237248000.0
2009-03-16,722.5,729.9,720.0,726.1,725.0401955458989,11046.0,60.0,8008794.0,10754.0,97.36,9.9,3.6,1237161600.0
2009-03-13,680.9,728.0,680.9,720.95,719.0542168674698,2158.0,149.0,1551719.0,1414.0,65.52,47.1,40.05,1236902400.0
2009-03-12,721.0,726.0,702.0,710.1,714.0728346456692,2032.0,170.0,1450996.0,1005.0,49.46,24.0,-10.9,1236816000.0
2009-03-09,735.5,740.0,715.0,718.55,720.7275953859805,1127.0,124.0,812260.0,756.0,67.08,25.0,-16.95,1236556800.0
2009-03-06,765.0,765.0,693.0,736.85,725.2470059880237,1336.0,115.0,968930.0,834.0,62.43,72.0,-28.15,1236297600.0
2009-03-05,744.0,744.4,716.2,724.7,732.1291018998272,2316.0,153.0,1695611.0,1854.0,80.05,28.2,-19.3,1236211200.0
2009-03-04,740.0,745.0,731.0,738.35,738.6425196850394,1270.0,120.0,938076.0,838.0,65.98,14.0,-1.65,1236124800.0
2009-03-03,775.0,775.05,735.0,741.55,751.8948161543096,3318.0,208.0,2494787.0,2202.0,66.37,40.05,-33.45,1236038400.0
2009-03-02,781.0,785.0,774.0,775.15,778.2254791431793,1774.0,109.0,1380572.0,835.0,47.07,11.0,-5.85,1235952000.0
2009-02-27,778.0,789.0,775.05,786.25,784.4377952755908,3175.0,51.0,2490590.0,3091.0,97.35,13.95,8.25,1235692800.0
2009-02-26,835.0,835.0,777.1,785.3,789.7356970185333,1241.0,101.0,980062.0,661.0,53.26,57.9,-49.7,1235606400.0
2009-02-25,795.0,796.95,787.0,787.7,790.0480719124544,7676.0,69.0,6064409.0,7383.0,96.18,9.95,-7.3,1235520000.0
2009-02-24,787.0,799.0,787.0,790.5,792.3347826086957,690.0,52.0,546711.0,440.0,63.77,12.0,3.5,1235433600.0
2009-02-20,793.0,800.0,790.0,797.0,798.4548169051056,60952.0,67.0,48667418.0,30640.0,50.27,10.0,4.0,1235088000.0
2009-02-19,800.0,810.0,792.0,800.5,799.4355987055015,1545.0,117.0,1235128.0,1050.0,67.96,18.0,0.5,1235001600.0
2009-02-18,796.0,812.95,786.0,797.9,796.3787515006003,1666.0,89.0,1326767.0,1064.0,63.87,26.95,1.9,1234915200.0
2009-02-17,805.05,809.0,783.0,797.15,791.3842157347847,4042.0,208.0,3198775.0,3344.0,82.73,26.0,-7.9,1234828800.0
2009-02-16,820.15,830.1,801.0,805.1,815.8831548198634,3081.0,187.0,2513736.0,2048.0,66.47,29.1,-15.05,1234742400.0
2009-02-13,818.0,834.0,808.0,832.05,824.2334196891188,7720.0,249.0,6363082.0,6769.0,87.68,26.0,14.05,1234483200.0
2009-02-12,806.0,813.5,797.35,801.2,805.4629969418961,1635.0,167.0,1316932.0,977.0,59.76,16.15,-4.8,1234396800.0
2009-02-11,810.0,814.0,796.0,802.75,807.7698145025295,2372.0,200.0,1916030.0,1438.0,60.62,18.0,-7.25,1234310400.0
2009-02-10,790.0,844.9,777.0,828.2,817.681081081081,5735.0,399.0,4689401.0,2924.0,50.99,67.9,38.2,1234224000.0
2009-02-09,795.0,799.0,785.25,794.7,792.4105922551253,1756.0,133.0,1391473.0,1150.0,65.49,13.75,-0.3,1234137600.0
2009-02-06,795.0,801.0,775.0,791.35,787.9237104464673,2307.0,237.0,1817740.0,1231.0,53.36,26.0,-3.65,1233878400.0
2009-02-05,773.1,787.0,766.0,781.35,778.5100950118765,1684.0,151.0,1311011.0,1061.0,63.0,21.0,8.25,1233792000.0
2009-02-04,768.0,779.4,757.0,772.85,768.8966659763928,4829.0,329.0,3713002.0,1374.0,28.45,22.4,4.85,1233705600.0
2009-02-03,795.0,795.0,763.0,768.5,771.4097152428809,5970.0,337.0,4605316.0,2692.0,45.09,32.0,-26.5,1233619200.0
2009-02-02,789.85,789.95,770.0,777.5,778.8938486663037,5511.0,423.0,4292484.0,1864.0,33.82,19.95,-12.35,1233532800.0
2009-01-30,744.0,805.0,721.25,785.05,783.0251980154933,137868.0,1227.0,107954118.0,124535.0,90.33,83.75,41.05,1233273600.0
2009-01-29,760.1,773.8,700.0,749.65,737.5470123270703,443171.0,3945.0,326859447.0,372917.0,84.15,73.8,-10.45,1233187200.0
2009-01-28,805.2,814.5,764.8,780.35,782.3773964990276,14396.0,1142.0,11263105.0,4803.0,33.36,49.7,-24.85,1233100800.0
2009-01-27,902.0,903.0,795.1,805.5,827.2553471989925,50821.0,1160.0,42041944.0,40625.0,79.94,107.9,-96.5,1233014400.0
2009-01-23,899.0,935.0,890.0,922.6,901.7741500508424,45238.0,361.0,40794459.0,35889.0,79.33,45.0,23.6,1232668800.0
2009-01-22,920.5,928.9,895.0,903.85,906.7701746106654,2119.0,110.0,1921446.0,1106.0,52.19,33.9,-16.65,1232582400.0
2009-01-21,922.9,940.0,920.2,925.25,930.0062421972534,801.0,75.0,744935.0,428.0,53.43,19.8,2.35,1232496000.0
2009-01-20,945.0,945.0,915.6,927.15,923.8082901554403,579.0,42.0,534885.0,358.0,61.83,29.4,-17.85,1232409600.0
2009-01-19,916.45,930.0,910.0,926.85,918.0066585956416,1652.0,97.0,1516547.0,1065.0,64.47,20.0,10.4,1232323200.0
2009-01-16,940.0,945.0,910.0,914.7,918.2770007770007,2574.0,154.0,2363645.0,1290.0,50.12,35.0,-25.3,1232064000.0
2009-01-15,918.0,940.0,885.1,930.1,922.5923190546528,2708.0,166.0,2498380.0,1986.0,73.34,54.9,12.1,1231977600.0
2009-01-14,917.95,924.95,910.0,915.8,914.6990905496243,2529.0,104.0,2313274.0,2138.0,84.54,14.95,-2.15,1231891200.0
2009-01-13,884.0,914.0,884.0,910.3,895.8849557522125,2599.0,147.0,2328405.0,2031.0,78.15,30.0,26.3,1231804800.0
2009-01-12,877.0,888.0,877.0,883.35,881.7039740470398,1233.0,62.0,1087141.0,1112.0,90.19,11.0,6.35,1231718400.0
2009-01-09,898.0,898.0,878.5,883.3,883.6012877662207,2019.0,107.0,1783991.0,1871.0,92.67,19.5,-14.7,1231459200.0
2009-01-07,918.0,918.0,870.0,889.55,885.5740198130319,7167.0,132.0,6346909.0,5961.0,83.17,48.0,-28.45,1231286400.0
2009-01-06,918.0,918.0,903.5,915.25,911.6631901840492,1630.0,92.0,1486011.0,1401.0,85.95,14.5,-2.75,1231200000.0
2009-01-05,911.0,915.0,902.95,913.8,911.8006472491907,3090.0,150.0,2817464.0,2768.0,89.58,12.05,2.8,1231113600.0
2009-01-02,907.5,907.5,885.5,897.85,896.2643678160919,1914.0,136.0,1715450.0,831.0,43.42,22.0,-9.65,1230854400.0
2009-01-01,897.0,904.0,881.0,888.0,890.9865771812082,745.0,101.0,663785.0,326.0,43.76,23.0,-9.0,1230768000.0
2008-12-31,863.15,900.0,863.15,895.1,886.9598846985347,4163.0,184.0,3692414.0,2559.0,61.47,36.85,31.95,1230681600.0
2008-12-30,870.0,885.0,868.3,871.9,875.1204819277107,830.0,61.0,726350.0,395.0,47.59,16.7,1.9,1230595200.0
2008-12-29,861.0,875.0,852.0,869.05,867.4093437152391,899.0,69.0,779801.0,405.0,45.05,23.0,8.05,1230508800.0
2008-12-26,862.2,874.0,860.0,863.8,863.5742771684945,1003.0,55.0,866165.0,870.0,86.74,14.0,1.6,1230249600.0
2008-12-24,865.0,879.95,857.1,865.0,866.2238514173997,2046.0,90.0,1772294.0,1452.0,70.97,22.85,0.0,1230076800.0
2008-12-23,880.0,883.0,868.0,870.9,872.4459833795014,1083.0,73.0,944859.0,601.0,55.49,15.0,-9.1,1229990400.0
2008-12-22,851.0,910.75,851.0,873.35,889.0165562913907,3322.0,137.0,2953313.0,1864.0,56.11,59.75,22.35,1229904000.0
2008-12-19,874.95,913.3,856.05,898.5,884.9319786712782,6939.0,274.0,6140543.0,3871.0,55.79,57.25,23.55,1229644800.0
2008-12-18,864.0,869.0,855.0,860.6,859.9705725535232,48764.0,120.0,41935605.0,48023.0,98.48,14.0,-3.4,1229558400.0
2008-12-17,873.9,883.0,861.0,865.0,872.1832566168007,3476.0,144.0,3031709.0,2389.0,68.73,22.0,-8.9,1229472000.0
2008-12-16,851.0,867.5,850.0,861.1,856.9875288683603,2165.0,92.0,1855378.0,845.0,39.03,17.5,10.1,1229385600.0
2008-12-15,874.8,874.8,845.0,852.7,862.2043665905052,3939.0,155.0,3396223.0,2731.0,69.33,29.8,-22.1,1229299200.0
2008-12-12,850.0,880.0,850.0,859.25,860.0265313054308,52994.0,142.0,45576246.0,52060.0,98.24,30.0,9.25,1229040000.0
2008-12-11,858.1,875.0,851.0,869.7,869.9984545268171,63411.0,87.0,55167472.0,63179.0,99.63,24.0,11.6,1228953600.0
2008-12-10,884.0,895.0,862.05,866.8,872.9665792922673,1526.0,121.0,1332147.0,957.0,62.71,32.95,-17.2,1228867200.0
2008-12-08,900.0,903.0,881.1,884.3,889.4698492462311,1194.0,69.0,1062027.0,657.0,55.03,21.9,-15.7,1228694400.0
2008-12-05,890.0,900.0,875.1,883.4,899.5289575289572,58534.0,134.0,52653028.0,57766.0,98.69,24.9,-6.6,1228435200.0
2008-12-04,874.0,900.0,855.0,885.85,876.1843775876346,3623.0,223.0,3174416.0,2842.0,78.44,45.0,11.85,1228348800.0
2008-12-03,870.05,875.0,857.0,861.8,865.1599443671766,2157.0,124.0,1866150.0,1624.0,75.29,18.0,-8.25,1228262400.0
2008-12-02,857.0,875.0,850.0,871.45,866.9081003289474,4864.0,203.0,4216641.0,2666.0,54.81,25.0,14.45,1228176000.0
2008-12-01,886.1,892.45,864.0,877.15,878.1660801072563,5967.0,183.0,5240017.0,2724.0,45.65,28.45,-8.95,1228089600.0
2008-11-28,895.0,899.45,883.0,888.35,890.0,486.0,38.0,432540.0,247.0,50.82,16.45,-6.65,1227830400.0
2008-11-26,885.0,904.8,875.0,893.1,895.1720533626736,7271.0,224.0,6508796.0,5075.0,69.8,29.8,8.1,1227657600.0
2008-11-25,900.0,906.75,880.0,892.4,903.5281997555439,5727.0,143.0,5174506.0,4775.0,83.38,26.75,-7.6,1227571200.0
2008-11-24,897.1,905.0,885.0,899.7,895.2610939112486,7752.0,239.0,6940064.0,6104.0,78.74,20.0,2.6,1227484800.0
2008-11-21,899.75,906.95,880.0,897.3,897.4916808149402,2945.0,167.0,2643113.0,2177.0,73.92,26.95,-2.45,1227225600.0
2008-11-20,900.0,922.0,885.55,899.75,899.9883288196173,108558.0,224.0,97700933.0,107333.0,98.87,36.45,-0.25,1227139200.0
2008-11-19,960.1,963.0,932.0,944.35,945.448585231194,30429.0,152.0,28769055.0,29641.0,97.41,31.0,-15.75,1227052800.0
2008-11-18,975.0,980.0,952.05,956.7,959.8333095272104,14002.0,98.0,13439586.0,13482.0,96.29,27.95,-18.3,1226966400.0
2008-11-17,965.0,979.9,955.0,971.95,966.3198529411764,4080.0,287.0,3942585.0,2771.0,67.92,24.9,6.95,1226880000.0
2008-11-14,962.0,985.0,940.0,965.55,970.4804713804714,2970.0,226.0,2882327.0,1974.0,66.46,45.0,3.55,1226620800.0
2008-11-12,950.0,960.0,942.6,954.5,958.4484299588867,16783.0,76.0,16085640.0,16652.0,99.22,17.4,4.5,1226448000.0
2008-11-11,950.0,968.5,949.0,957.35,954.3505735515297,89094.0,89.0,85026910.0,88161.0,98.95,19.5,7.35,1226361600.0
2008-11-10,961.9,968.7,955.25,964.15,959.9872065315053,51198.0,62.0,49149425.0,50893.0,99.4,13.45,2.25,1226275200.0
2008-11-07,935.0,957.0,922.0,954.5,946.5585796051863,8561.0,169.0,8103488.0,6181.0,72.2,35.0,19.5,1226016000.0
2008-11-06,938.0,960.0,931.6,942.1,940.8237172177879,4385.0,154.0,4125512.0,3402.0,77.58,28.4,4.1,1225929600.0
2008-11-05,999.0,999.0,960.0,978.85,976.9487738419617,3670.0,297.0,3585402.0,1744.0,47.52,39.0,-20.15,1225843200.0
2008-11-04,948.65,972.5,936.25,956.8,957.432684165961,7086.0,184.0,6784368.0,5922.0,83.57,36.25,8.15,1225756800.0
2008-11-03,990.0,990.0,941.15,949.15,950.1814772592224,227191.0,237.0,215872680.0,221055.0,97.3,48.85,-40.85,1225670400.0
2008-10-31,970.1,987.6,956.6,956.75,961.4735525375268,2798.0,140.0,2690203.0,2068.0,73.91,31.0,-13.35,1225411200.0
2008-10-29,889.0,969.0,863.55,961.5,945.9036372224847,2117.0,176.0,2002478.0,1259.0,59.47,105.45,72.5,1225238400.0
2008-10-28,948.45,992.0,920.0,935.9,940.1981057616417,1267.0,70.0,1191231.0,1164.0,91.87,72.0,-12.55,1225152000.0
2008-10-27,945.0,945.0,830.0,918.8,901.0733407254872,18939.0,362.0,17065428.0,14383.0,75.94,115.0,-26.2,1225065600.0
2008-10-24,993.0,993.0,929.0,950.85,950.2719270842903,54419.0,334.0,51712848.0,50274.0,92.38,64.0,-42.15,1224806400.0
2008-10-23,1102.0,1102.0,973.1,982.65,986.8897058823527,2176.0,168.0,2147472.0,1311.0,60.25,128.9,-119.35,1224720000.0
2008-10-22,1011.0,1043.5,1011.0,1029.7,1029.6675815127896,9109.0,185.0,9379242.0,7246.0,79.55,32.5,18.7,1224633600.0
2008-10-21,950.6,1060.0,950.6,1028.45,1012.771087335158,4019.0,274.0,4070327.0,3042.0,75.69,109.4,77.85,1224547200.0
2008-10-20,984.0,984.0,931.0,960.2,953.2949367088607,3950.0,144.0,3765515.0,3314.0,83.9,53.0,-23.8,1224460800.0
2008-10-17,955.0,975.0,944.45,954.15,950.4016705809368,90268.0,145.0,85790858.0,89677.0,99.35,30.55,-0.85,1224201600.0
2008-10-16,945.0,964.45,930.0,942.45,946.1233095901728,19374.0,367.0,18330193.0,16288.0,84.07,34.45,-2.55,1224115200.0
2008-10-15,1000.0,1025.0,960.1,969.4,999.4744728079912,36040.0,204.0,36021060.0,34820.0,96.61,64.9,-30.6,1224028800.0
2008-10-14,1011.4,1038.0,990.0,1015.85,1005.1597583487164,5959.0,221.0,5989747.0,4982.0,83.6,48.0,4.45,1223942400.0
2008-10-13,956.0,988.0,953.0,981.95,971.7751135790004,3962.0,147.0,3850173.0,3006.0,75.87,35.0,25.95,1223856000.0
2008-10-10,983.0,983.0,930.0,965.7,956.9012123033763,9981.0,278.0,9550831.0,8401.0,84.17,53.0,-17.3,1223596800.0
2008-10-08,1011.0,1025.0,985.0,1006.65,1001.8729938405482,11527.0,339.0,11548590.0,7347.0,63.74,40.0,-4.35,1223424000.0
2008-10-07,1077.6,1105.0,1045.0,1050.2,1070.8495903238393,5126.0,262.0,5489175.0,3655.0,71.3,60.0,-27.4,1223337600.0
2008-10-06,1150.0,1152.0,1090.0,1099.6,1106.166722352155,5986.0,234.0,6621514.0,4018.0,67.12,62.0,-50.4,1223251200.0
2008-10-03,1180.0,1180.1,1145.9,1149.05,1166.9282175112896,31888.0,70.0,37211007.0,31565.0,98.99,34.2,-30.95,1222992000.0
2008-10-01,1162.0,1185.0,1162.0,1183.8,1175.401096391046,2189.0,59.0,2572953.0,2125.0,97.08,23.0,21.8,1222819200.0
2008-09-30,1160.0,1187.8,1136.0,1182.5,1160.0743912229061,3737.0,172.0,4335198.0,2303.0,61.63,51.8,22.5,1222732800.0
2008-09-29,1167.95,1185.0,1160.0,1179.65,1174.2586713058604,9197.0,159.0,10799657.0,6793.0,73.86,25.0,11.7,1222646400.0
2008-09-26,1174.75,1200.0,1174.75,1181.75,1199.4313059586293,32390.0,61.0,38849580.0,32156.0,99.28,25.25,7.0,1222387200.0
2008-09-25,1171.0,1205.0,1171.0,1200.2,1197.7030859049207,3597.0,138.0,4308138.0,3085.0,85.77,34.0,29.2,1222300800.0
2008-09-24,1177.95,1194.8,1162.35,1188.6,1180.221238938053,2147.0,63.0,2533935.0,1904.0,88.68,32.45,10.65,1222214400.0
2008-09-23,1151.0,1170.0,1150.0,1166.2,1160.4852899171665,3501.0,61.0,4062859.0,3112.0,88.89,20.0,15.2,1222128000.0
2008-09-22,1160.0,1178.0,1140.0,1154.65,1155.9636238846945,2914.0,149.0,3368478.0,1746.0,59.92,38.0,-5.35,1222041600.0
2008-09-19,1180.95,1197.0,1155.0,1156.9,1170.1783606557374,4575.0,208.0,5353566.0,3391.0,74.12,42.0,-24.05,1221782400.0
2008-09-18,1177.0,1190.0,1160.0,1172.05,1172.6061260288761,7411.0,170.0,8690184.0,7110.0,95.94,30.0,-4.95,1221696000.0
2008-09-17,1208.9,1210.0,1190.0,1199.9,1204.001419690976,72551.0,120.0,87351507.0,71361.0,98.36,20.0,-9.0,1221609600.0
2008-09-16,1177.0,1199.0,1177.0,1196.5,1188.8206785137318,1857.0,113.0,2207640.0,1203.0,64.78,22.0,19.5,1221523200.0
2008-09-15,1200.0,1208.9,1170.0,1203.55,1200.0733633595535,31528.0,210.0,37835913.0,29567.0,93.78,38.9,3.55,1221436800.0
2008-09-12,1204.85,1211.0,1196.0,1204.45,1204.3010590015128,1322.0,88.0,1592086.0,1067.0,80.71,15.0,-0.4,1221177600.0
2008-09-11,1176.0,1215.0,1176.0,1212.3,1206.5899069083782,2041.0,88.0,2462650.0,1836.0,89.96,39.0,36.3,1221091200.0
2008-09-10,1203.0,1204.0,1195.25,1202.8,1199.4142212189615,886.0,50.0,1062681.0,827.0,93.34,8.75,-0.2,1221004800.0
2008-09-09,1194.0,1207.0,1192.25,1197.55,1199.922048997773,449.0,48.0,538765.0,270.0,60.13,14.75,3.55,1220918400.0
2008-09-08,1218.0,1218.0,1184.0,1202.4,1198.5861542377195,23574.0,150.0,28255470.0,22771.0,96.59,34.0,-15.6,1220832000.0
2008-09-05,1211.0,1219.0,1195.0,1197.25,1205.4269776876267,986.0,56.0,1188551.0,686.0,69.57,24.0,-13.75,1220572800.0
2008-09-04,1235.0,1235.0,1205.25,1212.8,1214.5810397553516,1308.0,58.0,1588672.0,886.0,67.74,29.75,-22.2,1220486400.0
2008-09-02,1192.0,1225.0,1192.0,1218.4,1209.6063867958378,2787.0,145.0,3371173.0,1863.0,66.85,33.0,26.4,1220313600.0
2008-09-01,1224.0,1236.0,1195.0,1198.65,1204.1220125786165,795.0,80.0,957277.0,467.0,58.74,41.0,-25.35,1220227200.0
2008-08-29,1205.0,1234.9,1196.05,1223.35,1215.4557771923219,2657.0,166.0,3229466.0,1888.0,71.06,38.85,18.35,1219968000.0
2008-08-28,1186.6,1199.9,1186.0,1195.35,1192.2602611940301,1072.0,55.0,1278103.0,916.0,85.45,13.9,8.75,1219881600.0
2008-08-27,1205.0,1205.0,1191.4,1193.6,1195.9135135135134,925.0,50.0,1106220.0,759.0,82.05,13.6,-11.4,1219795200.0
2008-08-26,1200.0,1205.0,1190.0,1202.75,1198.1135265700486,828.0,47.0,992038.0,583.0,70.41,15.0,2.75,1219708800.0
2008-08-25,1208.0,1209.0,1200.05,1202.85,1203.5754985754986,351.0,45.0,422455.0,191.0,54.42,8.95,-5.15,1219622400.0
2008-08-22,1190.0,1206.75,1185.1,1200.3,1201.3630862329805,661.0,80.0,794101.0,565.0,85.48,21.65,10.3,1219363200.0
2008-08-21,1214.0,1214.7,1185.2,1200.1,1196.7330065780989,7753.0,121.0,9278271.0,6419.0,82.79,29.5,-13.9,1219276800.0
2008-08-20,1190.1,1218.9,1190.1,1198.5,1203.2532061821769,3041.0,140.0,3659093.0,1489.0,48.96,28.8,8.4,1219190400.0
2008-08-19,1255.0,1257.0,1180.1,1189.85,1203.5656623081295,1759.0,166.0,2117072.0,796.0,45.25,76.9,-65.15,1219104000.0
2008-08-18,1259.45,1260.0,1240.0,1253.6,1248.8878205128203,2184.0,126.0,2727571.0,1433.0,65.61,20.0,-5.85,1219017600.0
2008-08-14,1275.0,1280.0,1241.05,1245.5,1258.0785840707965,2825.0,128.0,3554072.0,1752.0,62.02,38.95,-29.5,1218672000.0
2008-08-13,1282.0,1298.0,1250.0,1272.7,1277.8929716117216,8736.0,372.0,11163673.0,4136.0,47.34,48.0,-9.3,1218585600.0
2008-08-12,1260.0,1260.0,1235.0,1255.9,1248.4098851318554,12362.0,206.0,15432843.0,6533.0,52.85,25.0,-4.1,1218499200.0
2008-08-11,1250.0,1260.0,1250.0,1255.4,1253.6672443674174,5770.0,132.0,7233660.0,5285.0,91.59,10.0,5.4,1218412800.0
2008-08-08,1235.1,1240.8,1230.0,1239.8,1236.6273710335047,5641.0,117.0,6975815.0,4161.0,73.76,10.8,4.7,1218153600.0
2008-08-07,1241.05,1245.0,1234.95,1240.45,1236.3079752094259,14683.0,116.0,18152710.0,14090.0,95.96,10.05,-0.6,1218067200.0
2008-08-06,1240.05,1245.0,1230.0,1236.85,1236.0518692745727,8078.0,154.0,9984827.0,6898.0,85.39,15.0,-3.2,1217980800.0
2008-08-05,1235.0,1240.0,1226.0,1238.9,1232.74941314554,1704.0,92.0,2100605.0,1032.0,60.56,14.0,3.9,1217894400.0
2008-08-04,1228.95,1240.0,1219.9,1229.05,1226.2928827444955,5859.0,192.0,7184850.0,4469.0,76.28,20.1,0.1,1217808000.0
2008-08-01,1200.0,1222.0,1200.0,1206.85,1210.670890531503,2841.0,170.0,3439516.0,1685.0,59.31,22.0,6.85,1217548800.0
2008-07-31,1199.0,1222.0,1181.0,1203.0,1198.1075455333912,5765.0,259.0,6907090.0,3615.0,62.71,41.0,4.0,1217462400.0
2008-07-30,1120.05,1196.0,1120.05,1188.55,1171.7620992135512,6612.0,228.0,7747691.0,5233.0,79.14,75.95,68.5,1217376000.0
2008-07-29,1110.0,1152.95,1110.0,1148.25,1146.004304160689,2091.0,120.0,2396295.0,1466.0,70.11,42.95,38.25,1217289600.0
2008-07-28,1100.0,1147.8,1100.0,1139.75,1130.2078373015872,4032.0,128.0,4556998.0,3419.0,84.8,47.8,39.75,1217203200.0
2008-07-25,1100.05,1129.0,1100.0,1114.05,1111.5712180746561,2036.0,107.0,2263159.0,1664.0,81.73,29.0,14.0,1216944000.0
2008-07-24,1115.0,1143.95,1115.0,1120.25,1120.7121666960975,5663.0,141.0,6346593.0,4653.0,82.16,28.95,5.25,1216857600.0
2008-07-23,1109.0,1140.0,1090.0,1112.0,1111.6033681065844,41507.0,285.0,46139321.0,38724.0,93.3,50.0,3.0,1216771200.0
2008-07-22,1069.0,1090.0,1065.0,1069.15,1074.4369247428262,1847.0,128.0,1984485.0,920.0,49.81,25.0,0.15,1216684800.0
2008-07-21,1040.0,1064.95,1030.2,1060.4,1056.5428061831149,1682.0,94.0,1777105.0,1090.0,64.8,34.75,20.4,1216598400.0
2008-07-18,1044.0,1053.8,1025.0,1045.35,1036.7763937414552,6583.0,131.0,6825099.0,5180.0,78.69,28.8,1.35,1216339200.0
2008-07-17,1002.05,1036.95,1002.05,1031.3,1022.594733363835,19671.0,244.0,20115461.0,14048.0,71.41,34.9,29.25,1216252800.0
2008-07-16,1036.5,1045.0,1001.0,1004.6,1017.9972714870396,2199.0,123.0,2238576.0,1581.0,71.9,44.0,-31.9,1216166400.0
2008-07-15,1053.0,1053.0,1030.0,1039.8,1043.0528824476648,15525.0,161.0,16193396.0,13143.0,84.66,23.0,-13.2,1216080000.0
2008-07-14,1050.0,1071.0,1027.55,1051.25,1054.6567102772976,60765.0,180.0,64086215.0,58917.0,96.96,43.45,1.25,1215993600.0
2008-07-11,1042.0,1055.0,1030.3,1051.85,1044.7932588019355,5993.0,160.0,6261446.0,4529.0,75.57,24.7,9.85,1215734400.0
2008-07-10,1022.0,1043.8,1022.0,1038.2,1035.2353765323992,2855.0,78.0,2955597.0,2331.0,81.65,21.8,16.2,1215648000.0
2008-07-09,1047.35,1049.75,1020.0,1034.8,1031.9482677535664,6379.0,221.0,6582798.0,5173.0,81.09,29.75,-12.55,1215561600.0
2008-07-08,1030.0,1046.8,1025.0,1027.75,1033.2273112807463,1179.0,84.0,1218175.0,861.0,73.03,21.8,-2.25,1215475200.0
2008-07-07,1018.55,1100.0,1018.55,1049.4,1047.9034738041003,3512.0,129.0,3680237.0,2274.0,64.75,81.45,30.85,1215388800.0
2008-07-04,1030.0,1039.1,1017.0,1027.6,1023.8636725223732,30170.0,160.0,30889967.0,29084.0,96.4,22.1,-2.4,1215129600.0
2008-07-03,1047.0,1049.4,1018.0,1025.5,1032.8931868092627,112018.0,264.0,115702629.0,83317.0,74.38,31.4,-21.5,1215043200.0
2008-07-02,1075.0,1075.0,1000.0,1041.7,1029.3100775193798,8385.0,480.0,8630765.0,5344.0,63.73,75.0,-33.3,1214956800.0
2008-07-01,1165.0,1165.0,1055.0,1079.35,1102.1267546616384,4773.0,187.0,5260451.0,3595.0,75.32,110.0,-85.65,1214870400.0
2008-06-30,1210.0,1210.0,1140.0,1148.5,1153.6858022071308,9424.0,358.0,10872335.0,5571.0,59.12,70.0,-61.5,1214784000.0
2008-06-27,1169.95,1200.0,1130.0,1197.3,1173.3056894720994,630990.0,282.0,740344157.0,627581.0,99.46,70.0,27.35,1214524800.0
2008-06-26,1245.0,1245.0,1166.0,1179.9,1182.1017817604304,172526.0,181.0,203943292.0,170522.0,98.84,79.0,-65.1,1214438400.0
2008-06-25,1206.0,1206.0,1155.0,1160.55,1170.5883503138828,9717.0,340.0,11374607.0,7084.0,72.9,51.0,-45.45,1214352000.0
2008-06-24,1234.0,1245.0,1214.0,1224.85,1228.7149337945505,35269.0,220.0,43335547.0,31274.0,88.67,31.0,-9.15,1214265600.0
2008-06-23,1235.05,1265.0,1221.05,1242.7,1249.847593650955,314252.0,339.0,392767106.0,309252.0,98.41,43.95,7.65,1214179200.0
2008-06-20,1270.0,1274.9,1250.3,1260.3,1266.349296677754,24953.0,174.0,31599214.0,23411.0,93.82,24.6,-9.7,1213920000.0
2008-06-19,1258.0,1275.0,1250.0,1260.75,1260.7769656262344,5062.0,109.0,6382053.0,3994.0,78.9,25.0,2.75,1213833600.0
2008-06-18,1264.95,1265.0,1246.0,1258.15,1264.309382813528,37995.0,110.0,48037435.0,37520.0,98.75,19.0,-6.8,1213747200.0
2008-06-17,1293.5,1293.5,1251.25,1261.0,1264.9311879493325,2921.0,69.0,3694864.0,2729.0,93.43,42.25,-32.5,1213660800.0
2008-06-16,1272.0,1276.9,1265.0,1274.0,1270.2365916955016,2312.0,102.0,2936787.0,1742.0,75.35,11.9,2.0,1213574400.0
2008-06-13,1270.0,1272.0,1250.0,1264.5,1259.7533333333329,2100.0,96.0,2645482.0,1052.0,50.1,22.0,-5.5,1213315200.0
2008-06-12,1263.0,1279.0,1254.25,1258.4,1260.692060946271,2494.0,100.0,3144166.0,2041.0,81.84,24.75,-4.6,1213228800.0
2008-06-11,1251.55,1300.0,1240.0,1299.85,1299.1393674416809,103611.0,228.0,134605129.0,102116.0,98.56,60.0,48.3,1213142400.0
2008-06-10,1248.0,1264.5,1248.0,1255.0,1255.4796375266526,9380.0,131.0,11776399.0,8621.0,91.91,16.5,7.0,1213056000.0
2008-06-09,1243.1,1260.0,1206.1,1252.9,1233.9367508040152,10261.0,284.0,12661425.0,8238.0,80.28,53.9,9.8,1212969600.0
2008-06-06,1242.3,1270.0,1240.05,1256.4,1252.5545911375054,2189.0,137.0,2741842.0,1756.0,80.22,29.95,14.1,1212710400.0
2008-06-05,1238.2,1258.8,1238.2,1248.3,1250.3101754385964,1425.0,78.0,1781692.0,901.0,63.23,20.6,10.1,1212624000.0
2008-06-04,1227.55,1260.0,1227.55,1250.75,1244.3019738528585,3901.0,82.0,4854022.0,3513.0,90.05,32.45,23.2,1212537600.0
2008-06-03,1237.35,1254.0,1233.0,1239.95,1248.9385955282319,27327.0,98.0,34129745.0,26913.0,98.49,21.0,2.6,1212451200.0
2008-06-02,1287.0,1299.0,1252.5,1262.6,1288.0826131164208,3934.0,203.0,5067317.0,2245.0,57.07,46.5,-24.4,1212364800.0
2008-05-30,1269.0,1287.0,1257.0,1278.75,1271.5709312445606,4596.0,199.0,5844140.0,2633.0,57.29,30.0,9.75,1212105600.0
2008-05-29,1230.0,1267.0,1230.0,1256.5,1247.994013768333,3341.0,105.0,4169548.0,2418.0,72.37,37.0,26.5,1212019200.0
2008-05-28,1255.0,1255.0,1230.5,1239.75,1240.1472137510389,3607.0,100.0,4473211.0,2970.0,82.34,24.5,-15.25,1211932800.0
2008-05-27,1218.55,1245.0,1218.55,1235.45,1231.3581646423752,3705.0,124.0,4562182.0,3061.0,82.62,26.45,16.9,1211846400.0
2008-05-26,1226.0,1231.9,1204.4,1225.35,1222.9536259541985,5240.0,117.0,6408277.0,2686.0,51.26,27.5,-0.65,1211760000.0
2008-05-23,1225.0,1234.5,1225.0,1225.0,1225.2203491872367,1661.0,45.0,2035091.0,1390.0,83.68,9.5,0.0,1211500800.0
2008-05-22,1220.0,1229.9,1219.0,1225.4,1221.4414107883815,12050.0,82.0,14718369.0,11727.0,97.32,10.9,5.4,1211414400.0
2008-05-21,1224.95,1225.0,1215.0,1222.85,1222.4642262895175,1803.0,48.0,2204103.0,1244.0,69.0,10.0,-2.1,1211328000.0
2008-05-20,1208.7,1230.0,1208.7,1224.75,1221.0627268014516,1929.0,123.0,2355430.0,1252.0,64.9,21.3,16.05,1211241600.0
2008-05-16,1215.0,1228.0,1210.05,1217.2,1220.0207091003372,30856.0,90.0,37644959.0,30473.0,98.76,17.95,2.2,1210896000.0
2008-05-15,1231.05,1240.0,1201.55,1211.05,1213.6250680457267,7348.0,283.0,8917717.0,5495.0,74.78,38.45,-20.0,1210809600.0
2008-05-14,1237.45,1239.95,1217.0,1225.0,1224.055469953775,2596.0,93.0,3177648.0,1840.0,70.88,22.95,-12.45,1210723200.0
2008-05-13,1217.0,1240.0,1205.0,1233.25,1219.2158365261812,5481.0,171.0,6682522.0,4073.0,74.31,35.0,16.25,1210636800.0
2008-05-12,1250.95,1250.95,1200.0,1206.15,1203.875236294896,7935.0,153.0,9552750.0,7036.0,88.67,50.95,-44.8,1210550400.0
2008-05-09,1240.0,1278.9,1212.0,1219.1,1230.1859086918348,4556.0,225.0,5604727.0,2364.0,51.89,66.9,-20.9,1210291200.0
2008-05-08,1250.0,1275.0,1230.0,1232.3,1257.2117148097204,8724.0,187.0,10967915.0,6739.0,77.25,45.0,-17.7,1210204800.0
2008-05-07,1282.0,1282.0,1270.0,1272.1,1273.2515635858233,1439.0,74.0,1832209.0,812.0,56.43,12.0,-9.9,1210118400.0
2008-05-06,1294.0,1294.95,1265.0,1277.3,1284.5371552079046,9716.0,149.0,12480563.0,6802.0,70.01,29.95,-16.7,1210032000.0
2008-05-05,1283.0,1297.0,1260.0,1288.85,1283.925035971223,6950.0,216.0,8923279.0,5683.0,81.77,37.0,5.85,1209945600.0
2008-05-02,1295.0,1314.0,1265.0,1271.65,1285.0643607569286,64154.0,195.0,82442019.0,63314.0,98.69,49.0,-23.35,1209686400.0
2008-04-30,1267.95,1283.0,1247.5,1276.45,1268.0288855758479,5366.0,230.0,6804243.0,2895.0,53.95,35.5,8.5,1209513600.0
2008-04-29,1238.0,1258.0,1236.0,1251.0,1251.184110689578,4481.0,127.0,5606556.0,3578.0,79.85,22.0,13.0,1209427200.0
2008-04-28,1231.0,1250.0,1231.0,1240.9,1240.7701115678215,6812.0,166.0,8452126.0,5024.0,73.75,19.0,9.9,1209340800.0
2008-04-25,1238.9,1238.9,1221.55,1230.85,1229.4239569313593,1486.0,104.0,1826924.0,1098.0,73.89,17.35,-8.05,1209081600.0
2008-04-24,1223.0,1229.95,1215.0,1218.9,1221.9295454545454,880.0,92.0,1075298.0,588.0,66.82,14.95,-4.1,1208995200.0
2008-04-23,1221.6,1232.0,1210.05,1224.0,1221.8327605956472,2619.0,126.0,3199980.0,2119.0,80.91,21.95,2.4,1208908800.0
2008-04-22,1250.0,1250.0,1206.0,1230.85,1230.313145539906,2130.0,132.0,2620567.0,1189.0,55.82,44.0,-19.15,1208822400.0
2008-04-21,1220.0,1249.0,1210.0,1241.3,1229.2710563713879,10555.0,348.0,12974956.0,7181.0,68.03,39.0,21.3,1208736000.0
2008-04-17,1218.0,1218.9,1200.0,1213.9,1206.8594925411196,7843.0,193.0,9465399.0,3520.0,44.88,18.9,-4.1,1208390400.0
2008-04-16,1210.0,1225.0,1198.0,1204.95,1215.1139521956645,5397.0,379.0,6557970.0,2020.0,37.43,27.0,-5.05,1208304000.0
2008-04-15,1200.0,1209.95,1199.0,1200.35,1201.4145383104124,3563.0,75.0,4280640.0,2731.0,76.65,10.95,0.35,1208217600.0
2008-04-11,1192.0,1211.9,1185.0,1199.8,1197.8037445670345,5982.0,97.0,7165262.0,4314.0,72.12,26.9,7.8,1207872000.0
2008-04-10,1221.0,1225.0,1200.0,1209.85,1213.9053918044572,111280.0,244.0,135083392.0,109616.0,98.5,25.0,-11.15,1207785600.0
2008-04-09,1180.0,1231.0,1180.0,1221.25,1203.6781030322106,38124.0,323.0,45889024.0,35500.0,93.12,51.0,41.25,1207699200.0
2008-04-08,1170.0,1190.0,1170.0,1185.3,1181.4525175270871,1569.0,109.0,1853699.0,1176.0,74.95,20.0,15.3,1207612800.0
2008-04-07,1170.0,1186.0,1170.0,1181.95,1176.3977566867986,1159.0,62.0,1363445.0,822.0,70.92,16.0,11.95,1207526400.0
2008-04-04,1156.0,1190.0,1156.0,1176.85,1169.6571879936807,1899.0,127.0,2221179.0,1155.0,60.82,34.0,20.85,1207267200.0
2008-04-03,1145.0,1183.0,1145.0,1179.9,1172.9133986928105,1836.0,94.0,2153469.0,1404.0,76.47,38.0,34.9,1207180800.0
2008-04-02,1220.0,1220.0,1155.1,1179.65,1187.5927325581395,3440.0,191.0,4085319.0,2135.0,62.06,64.9,-40.35,1207094400.0
2008-04-01,1250.0,1250.0,1190.0,1193.4,1210.2349562363238,3656.0,248.0,4424619.0,2328.0,63.68,60.0,-56.6,1207008000.0
2008-03-31,1175.0,1205.0,1155.15,1199.95,1197.1327463596342,11812.0,252.0,14140532.0,10138.0,85.83,49.85,24.95,1206921600.0
2008-03-28,1162.0,1185.0,1160.0,1175.8,1173.4350506384849,2271.0,90.0,2664871.0,1499.0,66.01,25.0,13.8,1206662400.0
2008-03-27,1150.5,1174.0,1150.5,1160.15,1161.7132142857142,2800.0,146.0,3252797.0,1502.0,53.64,23.5,9.65,1206576000.0
2008-03-26,1150.1,1166.95,1150.0,1153.0,1153.7145567904581,3689.0,169.0,4256053.0,2062.0,55.9,16.95,2.9,1206489600.0
2008-03-25,1165.0,1167.9,1150.0,1153.95,1154.114229765013,3064.0,182.0,3536206.0,2404.0,78.46,17.9,-11.05,1206403200.0
2008-03-24,1190.2,1192.0,1150.0,1158.65,1163.1203108488905,227120.0,268.0,264167885.0,223946.0,98.6,42.0,-31.55,1206316800.0
2008-03-19,1145.0,1205.0,1135.05,1175.0,1174.9673126750868,1045910.0,671.0,1228910062.0,1031673.0,98.64,69.95,30.0,1205884800.0
2008-03-18,1100.0,1139.9,1090.0,1133.2,1115.7428152134032,8177.0,252.0,9123429.0,5955.0,72.83,49.9,33.2,1205798400.0
2008-03-17,1110.0,1124.95,1090.0,1105.25,1107.3679520137102,5835.0,155.0,6461492.0,3500.0,59.98,34.95,-4.75,1205712000.0
2008-03-14,1126.95,1179.0,1126.95,1159.1,1135.2226267937756,317208.0,172.0,360101699.0,315768.0,99.55,52.05,32.15,1205452800.0
2008-03-13,1140.0,1158.95,1128.0,1138.35,1131.6578698064689,7389.0,146.0,8361820.0,6685.0,90.47,30.95,-1.65,1205366400.0
2008-03-12,1152.0,1179.95,1130.15,1153.6,1162.1420337587485,4858.0,167.0,5645686.0,3918.0,80.65,49.8,1.6,1205280000.0
2008-03-11,1150.0,1195.0,1134.05,1160.35,1164.9697462182774,7999.0,253.0,9318593.0,4486.0,56.08,60.95,10.35,1205193600.0
2008-03-10,1125.0,1163.0,1090.0,1157.2,1113.335909200676,4141.0,211.0,4610324.0,2985.0,72.08,73.0,32.2,1205107200.0
2008-03-07,1106.0,1129.95,1106.0,1115.05,1113.9871423979428,3111.0,156.0,3465614.0,2467.0,79.3,23.95,9.05,1204848000.0
2008-03-05,1159.8,1165.0,1130.0,1136.05,1152.6488851255995,3543.0,149.0,4083835.0,2242.0,63.28,35.0,-23.75,1204675200.0
2008-03-04,1120.0,1180.0,1120.0,1170.0,1155.1470179675512,110143.0,248.0,127231358.0,108910.0,98.88,60.0,50.0,1204588800.0
2008-03-03,1072.65,1170.0,1072.0,1156.35,1139.7237702931911,4127.0,284.0,4703640.0,2854.0,69.15,98.0,83.7,1204502400.0
2008-02-29,1155.0,1155.0,1100.0,1111.9,1119.3064148485837,3071.0,178.0,3437390.0,2275.0,74.08,55.0,-43.1,1204243200.0
2008-02-28,1156.0,1180.0,1134.0,1142.6,1152.8122814379633,7149.0,322.0,8241455.0,4597.0,64.3,46.0,-13.4,1204156800.0
2008-02-27,1092.0,1204.0,1090.0,1193.85,1176.1957659557847,12801.0,545.0,15056482.0,6709.0,52.41,114.0,101.85,1204070400.0
2008-02-26,1130.0,1147.0,1120.0,1128.05,1129.7755991285405,1377.0,96.0,1555701.0,531.0,38.56,27.0,-1.95,1203984000.0
2008-02-25,1144.95,1144.95,1088.7,1125.55,1110.2008908685968,2245.0,151.0,2492401.0,1860.0,82.85,56.25,-19.4,1203897600.0
2008-02-22,1078.0,1125.0,1050.0,1088.7,1084.6490651844363,3958.0,207.0,4293041.0,2198.0,55.53,75.0,10.7,1203638400.0
2008-02-21,1105.0,1117.0,1047.1,1052.45,1066.3564083731176,5446.0,225.0,5807377.0,4336.0,79.62,69.9,-52.55,1203552000.0
2008-02-20,1135.0,1136.0,1085.05,1089.45,1112.0540098199672,1833.0,167.0,2038395.0,1115.0,60.83,50.95,-45.55,1203465600.0
2008-02-19,1160.0,1162.0,1108.0,1115.65,1145.3312169312167,1890.0,132.0,2164676.0,1428.0,75.56,54.0,-44.35,1203379200.0
2008-02-18,1095.0,1190.0,1095.0,1152.05,1152.361293859649,1824.0,89.0,2101907.0,934.0,51.21,95.0,57.05,1203292800.0
2008-02-15,1154.05,1170.0,1142.5,1157.55,1159.5302698760029,1371.0,108.0,1589716.0,856.0,62.44,27.5,3.5,1203033600.0
2008-02-14,1162.95,1164.75,1150.0,1154.05,1156.6557116953759,4412.0,164.0,5103165.0,2696.0,61.11,14.75,-8.9,1202947200.0
2008-02-13,1165.0,1170.0,1125.0,1142.25,1149.8970956666976,43108.0,125.0,49569764.0,42301.0,98.13,45.0,-22.75,1202860800.0
2008-02-12,1080.0,1160.0,1080.0,1152.2,1154.3162867168905,40751.0,154.0,47039543.0,39262.0,96.35,80.0,72.2,1202774400.0
2008-02-11,1200.0,1204.0,1131.0,1154.35,1151.6121024823046,10031.0,215.0,11551821.0,8647.0,86.2,73.0,-45.65,1202688000.0
2008-02-08,1162.75,1177.95,1130.0,1164.5,1152.5265175718848,3130.0,131.0,3607408.0,2262.0,72.27,47.95,1.75,1202428800.0
2008-02-07,1180.05,1210.0,1132.0,1144.5,1159.62317251462,2736.0,252.0,3172729.0,1846.0,67.47,78.0,-35.55,1202342400.0
2008-02-06,1200.0,1210.0,1181.0,1206.35,1200.248165541532,6814.0,213.0,8178491.0,4499.0,66.03,29.0,6.35,1202256000.0
2008-02-05,1190.0,1225.0,1190.0,1211.75,1209.3504680851065,5875.0,249.0,7104934.0,3745.0,63.74,35.0,21.75,1202169600.0
2008-02-04,1204.0,1205.0,1180.0,1195.4,1193.4280073703605,3799.0,191.0,4533833.0,3093.0,81.42,25.0,-8.6,1202083200.0
2008-02-01,1250.0,1255.0,1140.0,1173.95,1177.4458155355164,6321.0,429.0,7442635.0,3645.0,57.66,115.0,-76.05,1201824000.0
2008-01-31,1170.0,1319.95,1121.6,1245.7,1241.109615200993,20946.0,919.0,25996282.0,10879.0,51.94,198.35,75.7,1201737600.0
2008-01-30,1100.0,1192.0,1100.0,1172.4,1140.8063673469387,6125.0,317.0,6987439.0,4350.0,71.02,92.0,72.4,1201651200.0
2008-01-29,1120.0,1147.0,1060.0,1104.45,1095.074453014324,6353.0,395.0,6957008.0,3150.0,49.58,87.0,-15.55,1201564800.0
2008-01-28,1030.0,1135.0,1015.0,1124.55,1110.42232327408,12095.0,332.0,13430558.0,9259.0,76.55,120.0,94.55,1201478400.0
2008-01-25,1005.0,1115.0,992.05,1047.8,1052.5877081372016,525795.0,264.0,553445354.0,523697.0,99.6,122.95,42.8,1201219200.0
2008-01-24,1050.0,1051.0,983.55,1002.1,1012.174930583102,5042.0,289.0,5103386.0,3151.0,62.5,67.45,-47.9,1201132800.0
2008-01-23,1051.7,1051.7,970.0,1043.45,1043.9408441616902,399876.0,256.0,417446889.0,397407.0,99.38,81.7,-8.25,1201046400.0
2008-01-22,1007.7,1050.0,875.0,1044.7,1044.1104594869048,889231.0,323.0,928455388.0,887492.0,99.8,175.0,37.0,1200960000.0
2008-01-21,1005.0,1067.0,1005.0,1050.2,1046.248598427698,62965.0,371.0,65877043.0,59516.0,94.52,62.0,45.2,1200873600.0
2008-01-18,1082.0,1095.0,1021.0,1038.85,1056.1104423292272,7144.0,209.0,7544853.0,5561.0,77.84,74.0,-43.15,1200614400.0
2008-01-17,1200.0,1200.0,1055.0,1108.1,1082.3772922356613,10252.0,154.0,11096532.0,8669.0,84.56,145.0,-91.9,1200528000.0
2008-01-16,1078.0,1110.0,1076.0,1092.05,1095.986751635083,5963.0,131.0,6535369.0,5450.0,91.4,34.0,14.05,1200441600.0
2008-01-15,1101.0,1133.9,1093.0,1095.9,1103.6742298774427,6038.0,144.0,6663985.0,4041.0,66.93,40.9,-5.1,1200355200.0
2008-01-14,1090.0,1160.0,1090.0,1125.65,1124.7824048538332,3626.0,134.0,4078461.0,2583.0,71.24,70.0,35.65,1200268800.0
2008-01-11,1121.0,1174.5,1121.0,1158.6,1143.5257896841265,2501.0,124.0,2859958.0,1690.0,67.57,53.5,37.6,1200009600.0
2008-01-10,1200.0,1200.0,1150.05,1160.85,1198.8937048600662,106336.0,257.0,127485561.0,104028.0,97.83,49.95,-39.15,1199923200.0
2008-01-09,1248.0,1280.0,1190.0,1200.5,1223.677561837456,7924.0,316.0,9696421.0,5159.0,65.11,90.0,-47.5,1199836800.0
2008-01-08,1200.0,1300.0,1140.0,1243.05,1216.7825534552217,32270.0,402.0,39265573.0,29796.0,92.33,160.0,43.05,1199750400.0
2008-01-07,1126.1,1223.0,1125.0,1206.65,1171.1577954453576,14842.0,393.0,17382324.0,11555.0,77.85,98.0,80.55,1199664000.0
2008-01-04,1145.0,1165.0,1120.0,1126.1,1147.1235534377126,11752.0,215.0,13480996.0,10398.0,88.48,45.0,-18.9,1199404800.0
2008-01-03,1135.0,1160.0,1120.0,1136.45,1133.7519485339599,8083.0,173.0,9164117.0,7181.0,88.84,40.0,1.45,1199318400.0
2008-01-02,1147.0,1147.0,1120.05,1130.8,1130.8861386138612,6868.0,167.0,7766926.0,6758.0,98.4,26.95,-16.2,1199232000.0
2008-01-01,1101.0,1144.0,1101.0,1136.3,1127.7893167701864,8050.0,252.0,9078704.0,6152.0,76.42,43.0,35.3,1199145600.0
2007-12-31,1080.0,1125.0,1080.0,1102.55,1113.3176221680233,68062.0,226.0,75774624.0,66226.0,97.3,45.0,22.55,1199059200.0
2007-12-28,1095.0,1110.0,1060.05,1106.45,1099.8557049058472,193728.0,248.0,213072846.0,192096.0,99.16,49.95,11.45,1198800000.0
2007-12-27,1100.0,1120.0,1080.0,1087.65,1093.7334136606669,13279.0,215.0,14523686.0,12192.0,91.81,40.0,-12.35,1198713600.0
2007-12-26,1061.9,1110.0,1055.0,1097.4,1089.102688172043,18600.0,539.0,20257310.0,11252.0,60.49,55.0,35.5,1198627200.0
2007-12-24,1010.0,1062.1,1010.0,1054.8,1042.4478663446055,9936.0,318.0,10357762.0,6457.0,64.99,52.1,44.8,1198454400.0
2007-12-20,1005.0,1016.0,1001.0,1010.1,1005.3102777477574,9253.0,124.0,9302136.0,6883.0,74.39,15.0,5.1,1198108800.0
2007-12-19,999.85,1010.0,993.6,1007.3,1000.9138579876762,24181.0,188.0,24203098.0,23468.0,97.05,16.4,7.45,1198022400.0
2007-12-18,985.0,1000.0,985.0,993.4,995.0952997466928,17765.0,116.0,17677868.0,17095.0,96.23,15.0,8.4,1197936000.0
2007-12-17,999.0,1007.0,992.0,995.25,1006.869675014438,190470.0,186.0,191778467.0,189425.0,99.45,15.0,-3.75,1197849600.0
2007-12-14,999.0,1001.2,991.5,1001.0,997.9793004996433,2802.0,93.0,2796338.0,2485.0,88.69,9.7,2.0,1197590400.0
2007-12-13,1010.0,1010.0,985.0,986.3,1002.6163865546216,7140.0,209.0,7158681.0,6690.0,93.7,25.0,-23.7,1197504000.0
2007-12-12,990.0,1005.0,990.0,995.3,997.7895310796074,2751.0,125.0,2744919.0,1673.0,60.81,15.0,5.3,1197417600.0
2007-12-11,999.0,1004.95,989.2,1001.35,997.9755443886096,8955.0,199.0,8936871.0,5036.0,56.24,15.75,2.35,1197331200.0
2007-12-10,999.0,1002.0,987.1,995.25,997.490182802979,2954.0,94.0,2946586.0,2505.0,84.8,14.9,-3.75,1197244800.0
2007-12-07,1003.0,1005.0,985.0,995.15,990.0966426858513,4170.0,225.0,4128703.0,3104.0,74.44,20.0,-7.85,1196985600.0
2007-12-06,986.05,1000.0,986.05,994.3,993.9409645232818,3608.0,146.0,3586139.0,2981.0,82.62,13.95,8.25,1196899200.0
2007-12-05,1007.0,1007.0,990.0,996.35,995.4866637516395,9148.0,164.0,9106712.0,8011.0,87.57,17.0,-10.65,1196812800.0
2007-12-04,985.0,1003.0,985.0,996.3,997.8375855631613,1607.0,98.0,1603525.0,1181.0,73.49,18.0,11.3,1196726400.0
2007-12-03,999.55,1002.0,981.0,985.8,991.458923969072,6208.0,203.0,6154977.0,4627.0,74.53,21.0,-13.75,1196640000.0
2007-11-30,997.0,1007.0,985.0,990.35,992.2618831365423,6606.0,186.0,6554882.0,3808.0,57.64,22.0,-6.65,1196380800.0
2007-11-29,1007.0,1007.95,961.0,997.4,994.6180671382832,52161.0,249.0,51880273.0,43157.0,82.74,46.95,-9.6,1196294400.0
2007-11-28,965.0,1007.0,965.0,1000.45,1006.4889372111986,18395.0,94.0,18514364.0,17533.0,95.31,42.0,35.45,1196208000.0
2007-11-27,999.95,1010.0,996.0,1001.3,1001.709455714444,9021.0,100.0,9036421.0,8631.0,95.68,14.0,1.35,1196121600.0
2007-11-26,993.1,1007.0,993.0,1000.05,1006.6801417633234,52764.0,97.0,53116471.0,51869.0,98.3,14.0,6.95,1196035200.0
2007-11-23,1001.0,1001.0,986.5,992.0,992.0724789915967,1904.0,88.0,1888906.0,1401.0,73.58,14.5,-9.0,1195776000.0
2007-11-22,1000.0,1006.9,992.05,1000.1,1002.3633797515996,5314.0,114.0,5326559.0,4912.0,92.44,14.85,0.1,1195689600.0
2007-11-21,1015.0,1015.0,984.1,1000.4,1000.1445903689804,7995.0,177.0,7996156.0,6932.0,86.7,30.9,-14.6,1195603200.0
2007-11-20,992.05,1009.0,992.05,1004.2,1005.4274047186932,2204.0,69.0,2215962.0,2037.0,92.42,16.95,12.15,1195516800.0
2007-11-19,1020.0,1020.0,1005.0,1011.0,1010.7364283959716,12213.0,141.0,12344124.0,11545.0,94.53,15.0,-9.0,1195430400.0
2007-11-16,989.0,1006.9,988.0,1000.95,1000.5618397268527,24895.0,209.0,24908987.0,15711.0,63.11,18.9,11.95,1195171200.0
2007-11-15,1000.0,1006.9,991.0,1002.3,998.9747706422017,4796.0,144.0,4791083.0,3425.0,71.41,15.9,2.3,1195084800.0
2007-11-14,1015.0,1015.0,985.0,1003.85,1004.6854414762364,9321.0,238.0,9364673.0,7291.0,78.22,30.0,-11.15,1194998400.0
2007-11-13,1004.0,1006.9,981.1,1000.3,995.2923516797713,6995.0,183.0,6962070.0,4327.0,61.86,25.8,-3.7,1194912000.0
2007-11-12,1000.0,1023.85,953.0,973.5,987.7752265861028,4965.0,250.0,4904304.0,3675.0,74.02,70.85,-26.5,1194825600.0
2007-11-09,1050.0,1050.0,1010.05,1034.65,1035.0765957446808,705.0,50.0,729729.0,518.0,73.48,39.95,-15.35,1194566400.0
2007-11-08,1007.05,1057.75,1007.05,1023.45,1027.06953125,1280.0,103.0,1314649.0,703.0,54.92,50.7,16.4,1194480000.0
2007-11-07,1015.0,1064.0,1015.0,1053.9,1045.5448205128205,4875.0,184.0,5097031.0,3405.0,69.85,49.0,38.9,1194393600.0
2007-11-06,1050.0,1068.9,1005.0,1021.95,1023.276706231454,33700.0,206.0,34484425.0,30840.0,91.51,63.9,-28.05,1194307200.0
2007-11-05,1083.9,1083.9,1035.0,1053.05,1051.0415006640103,3012.0,194.0,3165737.0,1083.0,35.96,48.9,-30.85,1194220800.0
2007-11-02,1041.0,1088.0,1041.0,1062.5,1066.48808229489,11957.0,296.0,12751998.0,7772.0,65.0,47.0,21.5,1193961600.0
2007-11-01,1074.0,1095.0,1020.0,1084.35,1059.9208008058424,7942.0,364.0,8417891.0,5485.0,69.06,75.0,10.35,1193875200.0
2007-10-31,1030.0,1044.95,1015.0,1032.0,1027.0885792087138,6243.0,193.0,6412114.0,4380.0,70.16,29.95,2.0,1193788800.0
2007-10-30,1040.0,1050.0,1015.0,1017.3,1023.4778761061946,5311.0,239.0,5435691.0,3513.0,66.15,35.0,-22.7,1193702400.0
2007-10-29,1050.0,1055.0,1018.0,1028.25,1039.2722862340809,9894.0,488.0,10282560.0,4777.0,48.28,37.0,-21.75,1193616000.0
2007-10-26,1115.0,1120.0,1005.55,1009.6,1037.9960568222032,19781.0,637.0,20532600.0,15040.0,76.03,114.45,-105.4,1193356800.0
2007-10-25,1017.0,1111.0,1012.15,1080.25,1046.7965070032851,28915.0,822.0,30268121.0,17984.0,62.2,98.85,63.25,1193270400.0
2007-10-24,989.0,1020.0,985.0,1005.6,1003.520346344686,71143.0,670.0,71393448.0,64304.0,90.39,35.0,16.6,1193184000.0
2007-10-23,980.0,987.0,960.05,974.6,965.3715256401488,43857.0,276.0,42338299.0,3807.0,8.68,26.95,-5.4,1193097600.0
2007-10-22,905.05,985.0,900.0,973.45,950.6235965931088,10332.0,359.0,9821843.0,5402.0,52.28,85.0,68.4,1193011200.0
2007-10-19,950.0,950.0,922.05,930.35,932.2433011789923,4665.0,204.0,4348915.0,2468.0,52.9,27.95,-19.65,1192752000.0
2007-10-18,985.0,985.0,945.0,947.6,961.2798960138648,2308.0,85.0,2218634.0,1625.0,70.41,40.0,-37.4,1192665600.0
2007-10-17,950.0,959.7,900.1,946.65,940.7811511701454,4743.0,122.0,4462125.0,3960.0,83.49,59.6,-3.35,1192579200.0
2007-10-16,955.0,978.0,950.0,965.85,957.4660707985418,8503.0,191.0,8141334.0,7212.0,84.82,28.0,10.85,1192492800.0
2007-10-15,996.0,996.0,950.0,971.15,964.9244369998137,5373.0,178.0,5184539.0,2900.0,53.97,46.0,-24.85,1192406400.0
2007-10-12,970.0,981.85,955.05,963.7,968.4563924677901,2018.0,85.0,1954345.0,1065.0,52.78,26.8,-6.3,1192147200.0
2007-10-11,950.0,985.0,937.0,979.45,962.6553129074316,6136.0,212.0,5906853.0,5063.0,82.51,48.0,29.45,1192060800.0
2007-10-10,980.0,980.0,941.0,944.1,954.6895400593472,2696.0,131.0,2573843.0,1998.0,74.11,39.0,-35.9,1191974400.0
2007-10-09,926.15,979.95,926.0,964.15,950.823648992038,5903.0,195.0,5612712.0,4328.0,73.32,53.95,38.0,1191888000.0
2007-10-08,979.95,979.95,915.0,943.55,928.1431483368848,10793.0,285.0,10017449.0,8011.0,74.22,64.95,-36.4,1191801600.0
2007-10-05,983.0,983.0,940.15,947.05,960.8265910212136,8108.0,234.0,7790382.0,5868.0,72.37,42.85,-35.95,1191542400.0
2007-10-04,975.05,986.0,968.5,983.55,980.159793814433,8148.0,193.0,7986342.0,7444.0,91.36,17.5,8.5,1191456000.0
2007-10-03,995.0,1000.0,951.0,986.7,974.6407278358496,10332.0,256.0,10069988.0,8262.0,79.97,49.0,-8.3,1191369600.0
2007-10-01,985.0,985.0,948.05,968.55,968.512205213074,4834.0,135.0,4681788.0,3218.0,66.57,36.95,-16.45,1191196800.0
2007-09-28,970.0,995.0,960.1,982.95,970.0983057639476,259527.0,238.0,251766703.0,258245.0,99.51,34.9,12.95,1190937600.0
2007-09-27,975.0,980.0,940.0,951.65,964.8198717948718,4680.0,156.0,4515357.0,3309.0,70.71,40.0,-23.35,1190851200.0
2007-09-26,985.0,1000.05,976.0,984.45,991.3599436959579,4973.0,222.0,4930033.0,3469.0,69.76,24.05,-0.55,1190764800.0
2007-09-25,925.0,988.0,925.0,978.6,958.3259690540756,12538.0,407.0,12015491.0,9900.0,78.96,63.0,53.6,1190678400.0
2007-09-24,941.0,953.0,932.15,949.85,945.8844127146016,5883.0,154.0,5564638.0,4094.0,69.59,20.85,8.85,1190592000.0
2007-09-21,949.9,950.0,921.65,927.8,930.776485514908,4729.0,133.0,4401642.0,3752.0,79.34,28.35,-22.1,1190332800.0
2007-09-20,940.0,950.0,940.0,945.9,947.194753862738,2783.0,113.0,2636043.0,2615.0,93.96,10.0,5.9,1190246400.0
2007-09-19,950.0,951.0,930.15,932.65,939.3872815812088,3491.0,154.0,3279401.0,2318.0,66.4,20.85,-17.35,1190160000.0
2007-09-18,935.0,949.0,932.1,934.9,939.2980625931443,1342.0,87.0,1260538.0,1112.0,82.86,16.9,-0.1,1190073600.0
2007-09-17,973.7,973.7,945.0,945.35,953.7041420118344,2704.0,94.0,2578816.0,1884.0,69.67,28.7,-28.35,1189987200.0
2007-09-14,936.05,974.95,936.05,948.45,950.0492184484757,103640.0,113.0,98463101.0,102785.0,99.18,38.9,12.4,1189728000.0
2007-09-13,942.9,952.0,931.4,949.7,949.7754617055948,29456.0,125.0,27976586.0,28329.0,96.17,20.6,6.8,1189641600.0
2007-09-12,949.95,949.95,930.0,939.95,939.9369676109352,242304.0,68.0,227750487.0,241854.0,99.81,19.95,-10.0,1189555200.0
2007-09-11,950.0,950.0,930.0,930.5,934.1790780141844,2256.0,74.0,2107508.0,1787.0,79.21,20.0,-19.5,1189468800.0
2007-09-10,946.0,954.85,927.15,949.95,945.6163723916533,3738.0,99.0,3534714.0,2654.0,71.0,27.7,3.95,1189382400.0
2007-09-07,946.0,946.05,935.0,936.75,939.4498249708284,1714.0,84.0,1610217.0,1398.0,81.56,11.05,-9.25,1189123200.0
2007-09-06,935.0,950.0,935.0,940.05,940.0561998746616,252118.0,86.0,237005089.0,251655.0,99.82,15.0,5.05,1189036800.0
2007-09-05,945.0,954.0,944.15,945.6,948.1782418649832,2059.0,77.0,1952299.0,1387.0,67.36,9.85,0.6,1188950400.0
2007-09-04,952.05,953.0,945.0,945.35,947.1161524500908,551.0,57.0,521861.0,320.0,58.08,8.0,-6.7,1188864000.0
2007-09-03,965.0,965.0,940.0,950.55,950.331647776809,5735.0,142.0,5450152.0,4921.0,85.81,25.0,-14.45,1188777600.0
2007-08-31,939.6,948.0,930.0,943.75,941.0716685330348,893.0,62.0,840377.0,547.0,61.25,18.0,4.15,1188518400.0
2007-08-30,945.5,950.0,931.1,948.15,943.849486521181,3116.0,96.0,2941035.0,2444.0,78.43,18.9,2.65,1188432000.0
2007-08-29,933.3,939.45,925.05,935.9,933.8409619860356,1289.0,62.0,1203721.0,799.0,61.99,14.4,2.6,1188345600.0
2007-08-28,947.95,949.0,932.05,933.3,935.6819318837793,5197.0,114.0,4862739.0,4567.0,87.88,16.95,-14.65,1188259200.0
2007-08-27,949.0,949.0,935.0,939.25,937.4638655462186,1785.0,82.0,1673373.0,1503.0,84.2,14.0,-9.75,1188172800.0
2007-08-24,925.0,936.9,925.0,930.05,930.9435396308361,921.0,62.0,857399.0,704.0,76.44,11.9,5.05,1187913600.0
2007-08-23,937.0,940.0,921.05,927.9,932.8471965128082,50241.0,207.0,46867176.0,48458.0,96.45,18.95,-9.1,1187827200.0
2007-08-22,958.95,958.95,926.0,927.2,932.7053309711708,31045.0,119.0,28955837.0,30250.0,97.44,32.95,-31.75,1187740800.0
2007-08-21,935.0,950.0,933.35,937.3,939.7887989203778,4446.0,133.0,4178301.0,3678.0,82.73,16.65,2.3,1187654400.0
2007-08-20,980.0,980.0,930.0,935.95,944.2877749729537,2773.0,162.0,2618510.0,1510.0,54.45,50.0,-44.05,1187568000.0
2007-08-17,957.0,962.7,912.0,931.7,953.0838264955562,45117.0,311.0,43000283.0,42355.0,93.88,50.7,-25.3,1187308800.0
2007-08-16,950.0,985.0,925.0,942.3,965.0415838773773,7046.0,355.0,6799683.0,4863.0,69.02,60.0,-7.7,1187222400.0
2007-08-14,989.9,991.0,972.25,988.3,985.976259862108,14069.0,230.0,13871700.0,11463.0,81.48,18.75,-1.6,1187049600.0
2007-08-13,959.0,995.0,935.0,981.2,978.4315866908104,17672.0,618.0,17290843.0,11215.0,63.46,60.0,22.2,1186963200.0
2007-08-10,929.9,959.0,890.0,944.3,937.9144588211133,9738.0,466.0,9133411.0,5548.0,56.97,69.0,14.4,1186704000.0
2007-08-09,925.0,945.0,924.55,939.05,938.5169809155926,52294.0,473.0,49078807.0,38447.0,73.52,20.45,14.05,1186617600.0
2007-08-08,900.05,927.0,900.05,922.75,915.5011137511136,13468.0,401.0,12329969.0,10782.0,80.06,26.95,22.7,1186531200.0
2007-08-07,883.0,908.0,879.0,899.95,899.203327171904,8115.0,219.0,7297035.0,6695.0,82.5,29.0,16.95,1186444800.0
2007-08-06,896.1,896.1,860.15,885.9,882.1744322631166,5108.0,123.0,4506147.0,4002.0,78.35,35.95,-10.2,1186358400.0
2007-08-03,870.2,898.0,870.2,896.1,891.6202928870291,3824.0,154.0,3409556.0,2613.0,68.33,27.8,25.9,1186099200.0
2007-08-02,864.1,883.5,862.0,878.3,874.9680319680318,3003.0,148.0,2627529.0,2408.0,80.19,21.5,14.2,1186012800.0
