Predicted Values,Actual Values
-0.0008196706552572787,-0.000745858522415
-0.0003152240702369418,-0.0027894403864957
-0.0015404464508309641,0.0032593838713069
-0.0010723871863356923,-0.0052640169754346
0.0005761878268885083,-0.0220314423271685
-8.976601798949738e-05,0.0025127681307456
-0.00022881569986701614,0.0024905554778228
-0.0018683761885597001,0.0014711290915779
-0.001050633227658557,0.0084198929807995
-4.6084736653798916e-05,0.0010426046158951
-0.0018068524837396534,-0.0026266827186167
-0.0010019255717183114,0.0184085013806376
-0.0014334322130512488,-0.0332262221279788
6.755775442191324e-05,0.004876137402586
0.001099737034644717,0.0328628790928974
-0.0005161269616597683,-0.0029004052036682
-0.003747421706976076,-0.0224280268481488
-0.0008759623977363305,0.0063196371163079
0.0010934762043632745,-0.1432896806149594
0.0023085239294022555,-0.0060427246163012
0.002725338325714072,0.0118508274118937
-0.003351193516155359,0.003259885300332
-0.001225440543154654,-0.0173084092240507
0.0012493516962628036,0.0085889073451362
-0.0015711363469729138,-0.0005465974309921
-0.0007169217803437776,-0.0140894242038851
-0.0005358934472759322,-0.0448329896907216
0.0006594160188622433,-0.0008998650202469
-7.53882143171377e-05,-0.0184297677769218
0.00439656840321237,-0.0016963064295485
-0.0006722694294372098,0.0073336571151043
-0.0011857860633075177,-0.0035586488930831
-0.001361946065104455,-0.0032595704610481
-0.002834211800096399,8.585901948991934e-05
0.00014984884068189747,0.0091371433497113
0.003110851117576543,-0.0035970220003903
-0.0038908846408682537,0.0167086837311153
-0.002191615661153908,-0.0199857899200111
-0.0005214349374108818,-0.0004021255206089
-0.0020576481736039325,-0.0205544286680188
-0.0006746909955785691,0.0020607934054611
-0.0019829317001712637,0.0001061768375227
0.0007949164258613874,0.0086544062578013
0.001070401950027733,-0.0066435908887896
-0.0009514798692733626,-0.0049412932796103
0.00012715448392664166,0.0014951911420028
0.0003763191769987711,-0.0271757252417471
0.0002959457023799068,0.0090864611728524
-0.0012184613609305746,-0.0308170824039778
-0.0012745358696419685,-0.0064136028040869
-0.000762794082158111,0.0005663048607833
-0.0008837194370620078,-0.0057985844632045
-0.0025944612443564064,-0.0021743937495393
0.00032262250408084033,0.0045298061242978
-0.0007667276651177073,0.0172765352090413
-0.0011827797797673808,-0.0111565125568154
0.00010395910096054763,0.0102526547052361
3.1158077151479665e-05,0.0070994139113126
0.00042014456849573015,0.0008703220191471
2.9019572873320082e-05,0.0066663558808448
-0.0010957401142919416,0.0119505935194097
-0.001595396337061299,-0.036219221604448
-0.0011969211306535772,-0.002757810027578
-0.00016260022196676514,-0.0691115372323426
-9.19292595379916e-06,0.0110317697866336
0.0032582465490247343,0.0136482612489094
-0.0008963033268548396,-0.0119211477895719
7.573205142691878e-05,0.0174392866177586
0.0033170732134878444,0.0111926877261281
-0.0007441387027703942,-0.0080512780426795
-0.0007992520740394907,0.0135843452432951
-0.0033296173152300734,-0.0087621431875698
0.00029646721773248473,0.0059637141823102
-0.0006865458894619416,-0.002295173181249
-0.000507396156973858,-0.0129624235362656
-0.0009581827710439359,0.0016442217350453
-0.000207012227257631,0.0057971014492754
-0.0006793364896555464,0.0066707359609348
-0.00035099191853634956,0.015111301369863
-0.0015738238559712962,-0.0032347667100312
-0.0024500510476349597,-0.0096751356878785
-0.00037808541254827875,0.004134195019958
-0.0012603325663176903,0.0046550386483147
-0.0007408537303017539,0.0008154792794127
-0.0031286240590801106,-0.0124095989480604
-0.003971537770493916,0.0038017604548413
-0.0011896996489777288,-0.0059547026549131
-0.0013956482392889049,-0.0014545454545453
-0.0031139014535623687,0.0511288446886153
-0.0007646058234256005,-0.0006119951040392
-0.0008948775389860027,0.0037641608454884
0.0004254592586230153,-0.0007885246471933
0.004256282815227871,-0.0041990175883378
0.0011384333510557124,0.0106992399081648
-2.5586629242809952e-05,-0.0246799642750818
-0.001043634028605029,-0.0105288119516242
-0.0016601420451015567,-0.0028876055086628
-0.0021658583071079577,0.0132766368329186
-0.0005629425487144337,-0.0094100711753259
-0.001282228805984517,0.0042044885003062
-0.0004041150176904404,0.0094861294278244
-0.001018778096515319,0.0016705336426913
-0.0017277740316339228,0.0058827965909947
-0.0004183766393598866,-0.0269611464027182
9.512159676769192e-05,0.0223193634933851
0.00018962791529710297,-0.023911814584511
-0.0001947789534104773,0.0153973590605661
0.0008800168705395913,0.0192643858585137
-0.0007001921106558206,-0.0172433908113026
7.341386573316545e-05,0.0335629061984672
0.00032498014202776823,-0.0123303816978452
-0.0023427476226817604,-0.0039164490861618
-0.0012366442088585642,-0.0069086968301273
-0.003509993337203423,-0.0106984563655815
-0.002269548967683232,0.0090386654019974
0.00015918852254209,-0.0040463412556435
0.0003760028179490524,-0.0080177967279972
-0.0006098292835999154,0.0048346213292117
-0.002453784376852089,-0.0061758466252848
-0.0007620934464656529,0.0001311332094853
-0.002903159498774872,-0.0097346586708288
-0.0017777613871746588,-0.0006542629319157
-0.0018214483934708414,0.0017487556930646
0.0005902505712544692,0.0500567878140031
0.00026292177649794325,0.0075640412788571
0.0008586449149389279,0.0013587717823723
-0.0009266083322720183,-0.0056490792000903
-0.0010019063830560826,-0.0146930462612742
0.0015394801396224566,-0.0006244981711125
0.0032661588143161504,-0.0152273528375043
-0.0009504026905374573,0.0289855072463768
0.0001897293604559419,-0.0014824363519174
-0.0015135604162822833,-0.0058529867447064
-0.001259568886324817,-0.0059066267497371
-0.00036480624043610117,-0.0033850888236116
-0.0013838881275327756,-0.0278926899353464
-0.00031147934272586784,-0.0010865038118175
-0.0016179160614737567,-0.0120546367152142
-0.0015835471062135608,0.0024800102621115
0.0002136128775093312,0.0153733181732043
0.00021344594085216266,0.0054343282334252
0.0005231540214728844,0.0031625419195993
-0.0014240241224356004,0.00570742487254
-0.0009422129441152288,0.0041497734319102
0.0022568459756154855,0.0045588147081759
-0.000542088013953303,0.036067677552261
-0.000600001775380437,0.0095211425371044
3.1522565833740743e-05,-0.0158214130905937
-0.003258857633932783,0.0106471682380861
0.0012009175485989448,-0.0139043972988781
0.00021100127554480477,-0.0095632270404163
-0.0013467082142021819,0.0327374974894556
0.0015270035296151214,-0.0002560327721947
-0.00014934510422761038,-0.0125462862121542
-0.0015652129168243995,-0.0246756310450578
-0.0013843972706383163,-0.0174049036424175
-0.00014998816353399626,0.0198102753979622
-0.0017653664505234605,0.0064263625821415
-0.0012736100103361635,-0.0108133338519585
-0.0011023972010017632,-0.0034706091328943
-0.0008223667242070037,0.0107736643759699
-6.751147055451503e-05,-0.0060669267255643
-0.0008333640534047629,0.0249816311535636
-0.003561413799776913,-0.0122400068475562
-0.002102065483228519,-0.0024975718051894
-0.0007806353693670203,-0.0040715678403486
3.6494109089404576e-05,0.005002628769895
0.0028405581617827655,0.0008496577767289
0.004186500166423062,-0.0126318078051962
-0.0007612608439924892,-0.0107409430183869
6.235337943986765e-05,0.0058880631454988
-0.00419092947091381,0.0106274731486714
-0.0007979108165144856,-0.0136258557837646
-0.0012198677009138603,0.0007927796072691
-0.0010235066005276105,0.0091991341991341
-0.000759931676500506,0.0060339132349701
-0.0010589136404365268,-0.0048400171665633
-0.0014686420758306504,0.0041472395722059
0.00023936405914696054,0.004177545691906
-0.0007580431672543751,-0.0040437322150667
0.0017931401950575484,-0.0081081081081081
-0.00019511825884294522,0.0130878506590081
0.0008418422793966354,0.00184744576627
-0.0017680378596400654,0.0066240945482272
0.002350459456054011,0.0031357177853992
0.0010549325672574482,-0.0031533477321815
-0.0017826763145675792,-0.0112744693152722
-0.0014195988751372133,0.0128026518063028
0.00016961887877444206,0.0166428292809776
-0.0031209586953791896,0.0138169257340241
0.0001228836920118866,5.12925728355234e-05
-0.002244235270688798,-0.0068009883084134
-0.001550266357814527,-0.0116528769026716
-0.002159211218650541,0.0054774057014813
-0.002356033700682181,-0.0092579924294247
-0.0007823731095131469,0.0063222050395706
0.0003538022729603193,0.0022816738961462
-0.0009387301559569133,-0.0037111235180137
0.0009870286109972726,-0.0133015597920276
-0.0008483144070767095,-0.0164255436785846
0.0006500728921238145,0.007502467917078
-0.0005817927707874057,0.0109077598828697
-0.0035294940703073006,-0.0053381654341545
-0.0013706699200566506,0.0150618143827269
-0.0016327395651131844,-0.0139920089401896
-0.0011280838960133989,-0.0048270089285714
-0.001968845353886586,-0.0052673318892558
-0.0021905486315675644,0.0067248459958931
-0.001225048219982298,0.003116883116883
-0.0015487117031833203,-0.0057708847765169
-9.740042879377702e-05,-0.0110011827210091
0.0006737732618906157,-0.0076521227282759
-0.002021716929369535,-0.0018656204559796
-0.0018506253388832809,0.0041681901279707
0.0040647636904584845,0.0027735934772731
0.0016644813307559797,-0.0132693902570945
-0.0017047317824782913,0.0243429919137465
-0.0008508841577768716,0.0059421288322423
-0.0023163148639453813,0.0056642335766423
-0.0023519612081539937,-0.0076313418289476
-0.0007814528733866787,-0.006145251396648
-0.0010619537558308192,0.01126049787218
-0.0007233479889661756,-0.0235918367346938
-0.0009731042107442674,-0.0391365556076959
-0.00039729899201276157,0.024312537539498
0.0015292031833711755,0.000500621461124
-0.0011281549609566855,-0.0004637827810103
0.00033084274033924924,-0.0091801202912314
0.0011293666201803605,0.0058078537170263
-0.00031998666467019635,0.0024444680624934
1.9372373851864268e-05,-0.0071712127032911
-0.001006854229858851,0.0030414746543778
-0.0008781124712379915,0.0174678930012536
-0.0011537289755663529,-0.0015700675927404
0.0004235741368134229,0.008372801082544
0.0007721838880857209,-0.0137998759561712
-0.00027827276271681005,0.0029124984171204
0.0009970943288310616,0.0166594547814798
-7.5989291854807815e-06,-0.0035993987817419
-0.0004048166528371385,0.0032078904529351
-0.001100331309562744,-0.0021952290355627
0.0013802097442601271,0.0056083775139112
-0.0019545805055694496,-0.023661446259965
-3.268863993564674e-05,0.0071085672082717
-0.002096450039893613,0.0020518756247697
-0.0015214292430228262,0.0268045376970183
-0.0002527405596952549,-0.0029195907215942
-0.0008608843944199519,-0.0072969543147208
-0.0007130429555768982,0.0017518713170887
0.0010180211468501185,0.0010352502717531
-0.0030652191604299594,-0.0268037022978773
-0.002187066313587037,-0.0267076121347476
-0.0012174293099123064,0.0097896568084769
-0.0008875247336874452,-0.004790583082398
-0.0007305800628627782,-0.0005673758865247
-0.0015663080658110018,-0.0095136480839335
-0.0026768741728916937,-0.0034872367136281
-0.00047164737471360867,0.0248995351036168
-0.0002134155193754673,-0.017239201818641
-0.0008970637426800275,-0.0127901359527041
-0.0017993121041654544,-0.0051601046158197
-0.0010309199090048804,-0.013805399898115
0.002038709559262373,0.0109359569876742
-0.0022445749002778068,0.0262846439634855
-0.0026394741150874163,0.0224969885920782
-0.0005276743165279424,-0.0098500254194204
-0.0014845947626843205,-0.0069899719030539
-0.000598051053685332,0.0021282084354444
0.00034576772450554694,-0.0042921140225741
-0.0017239590391839464,0.0104786654371699
-0.0021922768259310136,0.0011347105033459
-0.0007990884259401895,0.0002513366540235
-0.0014689760983571352,-0.0010398941198713
-0.00012827411750504996,0.0110213968510295
0.0002783986416235927,0.0287563569116966
0.0001371451240779522,0.0044220464912455
-0.00011749969504037486,-0.02244807027222
-0.0004875918648142212,-0.0107517919653274
-0.0036518360262801273,0.0060543158623075
0.001255966941579068,0.0270376915026849
-0.002497765138705351,-0.010988241881299
-0.0020619629241881736,0.027399644883891
-0.0007509840496141215,-0.0073698115831187
-0.0012804483773053402,0.0055326199904513
0.00033707207988266987,0.0123939986953687
-0.0009404312739860999,0.017260606060606
-0.002518370798575418,-0.0022012756109951
0.0036424862085157462,-0.010596235963941
0.00030452596660046144,0.0099267312692034
-0.0006374056459315662,0.0038742690058479
0.003136978571244846,-0.0177450980392157
-0.00035810805971009374,0.0054807033569308
0.002372359042412172,0.013854229412271
-0.0034167682311097474,0.0049091288907458
-0.000469734316591197,0.000143110653157
0.0005862456645109895,0.0254750294266016
0.0003492339136989589,0.0080457908094388
-0.0016282342289959694,-0.0140434678767614
0.0001540831750586357,0.015111229282992
0.0002969646819873317,0.000476360604978
-0.002297824041849661,0.0019099796436379
-0.0029800606036773283,-0.0287888134896154
-0.0010213067768181255,-0.0205678088987255
-0.0015625659474782327,0.0049708152890227
0.002146955394201872,-0.0165143674997247
0.0001448725108907646,-0.0038268731537014
0.0006821922577564527,0.0316248880931065
-0.0009076511521995452,0.0378904249871991
-0.0032574945407856564,0.0103082347780607
-0.000967524311418596,-0.0002662643117067
0.0007675022948126491,-0.0143287470487665
-0.0007746080784334075,-0.0184793035420174
-0.00023431203193141758,-0.0030264415418923
0.0006216008890045048,0.0110241428728916
-0.0007894968686332434,0.0171576273452471
-0.0037133246252740127,-0.0052782589865742
-0.0037907686158227846,-0.004875753817202
-0.0029133699271936733,-0.0012428977272728
-0.002503740353579025,-0.0002034365121592
-0.000342215812401827,-0.0021677579189524
0.00020296788203227588,0.0067114093959732
0.0011783123165362336,0.0106010201818585
-0.003024273817363852,0.0029862585446656
0.0009163562370320456,-0.0015146219270651
-0.0030437755123825464,0.0212887672128467
-0.0007562083669259252,0.0123518778871259
0.0015388029438938766,0.0126682154911671
-0.0028918092040695004,-0.004922377887164
0.0009629795842738222,0.0033886571079816
-0.0012031469625319,-0.0038740920096853
-0.0011230672054546634,-0.00544840361774
0.0007076565571265948,-0.0073613271124935
-0.002397676385472277,0.0052404438964243
-0.003233857151442157,0.020675184660787
-0.0002123215728160902,0.0030440212300968
-0.0011171657319341598,-0.0020769869842148
-0.000899700386660284,-0.0002179440610243
-0.0012674772042116978,-0.0033058761949364
-0.0008654987187448597,0.0038673637470458
-0.003068245382270572,-0.0127075636393162
-0.001177905137700923,0.0036827141412407
-0.0021364662310783514,0.0074381685809656
-9.032897106648226e-05,-0.013540018981335
5.591959167894398e-05,-0.0077538980193847
0.0006318988328745238,0.0085360038149738
-0.00027288221768090066,0.0001457725947522
0.0005741053548773647,-0.0068741352425713
0.001430537688186012,-0.0018450493970043
-0.0019102943902413036,-0.0052107488746419
0.00040557667560081373,0.0173147749557565
-0.00034231697188776054,0.0013158806011495
-0.0006154210729407015,0.0223177874990731
-0.0018716764013642047,0.000119610071168
-0.0004121172050880761,0.011357686576181
-0.0013207603015743903,-0.0074775372369293
-0.00032403669724024415,0.0325019762393024
-0.0008785601783054453,0.0036803955722874
0.0009392577213554074,0.0148540503195347
0.0016644813307559795,-0.0182055256230472
-0.0007486523413999252,-0.0047361505790326
0.00046880216846951263,0.0151595616279629
-0.0008810099021531097,-0.0076937600302085
-0.0006796979473922973,-0.005728576356379
0.00018414119062257683,-0.0057323310335359
-0.0023946083441056675,0.0046618424714723
-0.0018731847290463862,-0.0012017531457654
-0.0025143488220777622,0.0166446390219726
-0.000716102054013573,-0.042193623704033
-0.00019999329276087463,-0.0063538237770803
-0.0012954632237744989,-0.0247859800098604
-0.0006430173027143391,-0.0233280369781886
-0.0012881274755932994,0.0018321729571271
-0.004261472419906362,-0.0040536326785157
-0.000954160913199093,0.0206489675516224
-0.0008637815664285675,-0.0081216718384861
-0.0040251119505911185,0.0153031194820482
-0.001284457966115897,0.0211067009105766
-0.0023765959883627653,-0.010184912046453
0.0007156577808803531,0.0241270124425812
-0.0009399204279139811,0.0200242718446601
-0.002220399351719879,-0.0088270193615605
-0.0012391778663895354,0.0002257081593499
-0.0004048662531793305,0.006916483462194
0.000307602820192787,-0.0002708325639227
0.00045711269841491875,-0.01541047188106
0.000254960924337442,0.0049432342875766
-0.002731126909227726,-0.0126661454261141
0.0011607827362658876,-0.0104553272381641
0.0005789497600299354,-0.0277562480806072
0.0008897975415719458,-0.0120884289746001
-0.0003203748541909464,0.0128000654316442
-0.0009780212415297568,-0.0049363577023498
-0.00019053020016503391,0.0092783505154639
-0.0021643787876287858,-0.0217299280372512
0.001403129319598097,-0.0015175097276264
-0.0018296724017030706,0.0081161896625373
0.000411217059171642,-0.0402634054562559
-0.0009159456865657088,0.0016681799945099
-0.000940288520469629,0.0145752675928034
5.793447572163183e-05,0.0027098802232941
-0.00037514762842665603,0.0203479129763365
-0.0030088190825598602,0.0028036612517523
-0.0035095853848925965,0.0217717717717718
0.0005738244039940654,-0.0038421414213378
0.0004945097449451483,-0.0021313941825477
-0.0012332026443994835,0.0047698396167464
-0.0001147785651174732,-0.0063042349625454
0.0002982505584564037,0.0032461332824134
-0.002297028404043083,0.0231504963408449
-0.0019665455097323337,0.011865477778558
0.0010442974364613146,0.0220575564363261
0.00028714726249237025,-0.0316287064890416
-0.0007247137873337983,0.0025758711127763
-0.0016923719610434096,0.0174408464624149
0.0005767984394248627,-0.006298209610077
-0.001535700507098475,-0.0066843843118305
0.000245130915027525,-0.0003837298541826
-0.0012001730599207566,-0.0568349530784439
-0.003864554452209195,-0.0119827586206897
0.0006428105930823325,0.0414386087496603
0.00036328338279859653,0.0011717748727525
-0.0019382781519875747,-0.0067653691538385
0.0005975757001404491,0.0339876269762468
-0.001343007577131873,0.0002845193046348
-0.0009544713789546677,-0.0019141503565105
-0.0011056428783818588,-0.0014995436171599
0.0013981064379943804,0.0210318407744231
-0.0005182224654853675,-0.0045411704224144
-0.0014009576858377939,-0.0038554336741039
-0.0017778517906034716,0.0065622900842246
0.0014634547471082259,0.0149179736794663
0.0001551163343241202,-0.0158017544377824
-0.0021333479507063095,0.0150773803051719
0.0022568459756154863,-0.0020251113811259
0.0005218254162509663,-0.0131705525335385
-0.0024986306025335547,-0.0074594252475172
0.0004987301943170159,-0.0046669495120917
-0.0005443498377479696,0.0056510646415033
-0.0009058346134196526,0.0181919067813404
-0.0001709821519219636,-0.0041565013102016
0.0016542935232032843,0.0067067468269872
0.0025422566608267593,0.0634726884345437
0.0001468828310037154,-0.0191019917582417
-0.0004196757034989279,0.0086824500640509
-0.0011424861850373121,0.0102208453613086
-0.0013866431095902161,0.0015362294102585
7.344445475287702e-05,-0.0044961796265137
-0.0019649925759090327,-0.0332375055285272
-0.0006878964058018887,-0.0004512431749469
0.0016644813307559797,0.0067361668003208
-0.0028450338360222877,-0.053230003394049
0.00166448133075598,-0.0013246177325999
0.0008473016760976478,-0.0048813331089042
-0.0010846930901791247,0.0050721071955789
-0.00026336557235983845,-0.0135243219661164
-0.0024595265602662445,-0.0215360770077904
-0.0036772918163001924,-0.0160927972124157
0.00010677232332018917,0.0010091562469232
-0.0014503958654326317,0.0239569812720192
-0.0012852992781661916,0.0076095372867327
-0.0006168804315977469,0.0145329634033557
-9.027292281278393e-05,-0.0005070760153046
0.0002645123491517037,-0.0071488945690805
-0.003991210386676115,0.002491626501103
0.0006739010557394169,-0.0101376648810551
-0.0014326061672253231,-0.0148546432151644
-0.00038164543576979764,-0.0549675023212627
-9.203254456931709e-05,-0.0116533139111434
0.002640500955499058,0.0152926989695241
-0.000929533737531258,-0.0384190339985697
-0.0008862882984717552,0.0103442568685865
-0.0009521878989460787,0.0294901754270479
-0.0008518827514006251,-0.0049935796832643
-0.0010273819956491978,0.0032649644202594
-0.0027974770881358897,-0.0073882526782415
0.0002871533427295132,-0.0051839676318118
-0.002708084858751123,0.019096922634455
-0.0011982766703568597,-0.005837776266038
-0.0025224070265599387,0.0037126365139156
-0.0009321552578846407,0.0108792768171545
-0.0002488602466245423,0.0076602644748245
-0.0009094574430925864,-0.0009320980680149
0.00028381623867409535,0.0022387642021604
0.0005417391977256828,-0.0296722528638098
-0.0007449530814621949,0.0099344216548067
-0.0033028478650630644,-0.0025144642726363
-0.00020770025990658183,-0.0004425354679161
-0.0018641139194112454,0.0168183788469874
-3.675203259801744e-05,-0.0280504908835904
-0.0005172473615954218,0.0097695524512856
0.00014113947242988547,0.0097609925196132
-0.003878413017365635,-0.0020093770931011
-0.002083589343716278,-0.0021426385062748
0.0013732229346484408,0.0114435835782348
4.793234293631316e-05,0.0042758705549402
0.00015467201273579152,0.0145164494292743
0.001839657146592358,0.0221265604821352
-0.001663157178768805,0.0057090936624517
-0.0017027079628325718,0.0025767226404169
-0.0003593646488191373,-0.0009280947540548
0.0008046483542438523,0.0165486607441053
0.00028656723314112993,0.0203336294541506
-0.00043912493826726964,0.0060856532994232
-0.002912272020866844,0.001235561500357
0.00012009140012726964,-0.0007823268636144
-0.0017581547336203813,0.0049624551093699
0.0021912463666570394,0.011282104606426
-0.00031224629170189616,-0.0082388719933647
-0.00048341093456413055,0.0413445713430752
-0.0011427467120648882,0.0015570260801868
-0.0015783717347922107,-0.0115878081692975
-0.0015675131650682234,0.0017644464049403
0.0029309236289170623,-0.0055465815542105
-0.003248930579511033,0.0166543846720707
-0.0005374550954275243,-0.0241322573062759
0.00015467201273579165,-0.0051234892275355
-0.0008177201766691294,0.0045678269183102
-0.0005211970142729444,0.0084535057185479
0.0008658119510220358,-0.0119945253203931
-0.000736608261585818,0.0021489971346706
-0.001607053231168356,-0.0116185087896544
0.001105319630798853,0.0224722068182418
-0.001739962531218876,-0.0126708694838024
6.274800551328443e-05,-0.012054735013032
0.0011369672813163734,0.0099368478236267
-0.00014229525600668267,-0.0055152394775036
-0.00126837578066503,0.0084401226789662
-0.0009505583080632383,0.0318572262530231
-0.00148800862331751,-0.0266993726119156
-0.001222218239588692,-0.0245133123389636
0.0008214583100016948,-0.0089979550102249
-0.00023379312137733558,0.0018763256648718
-0.0015722239697221851,-0.0349011366670924
-0.0014814983287839217,0.0161562909898092
-8.58549620956121e-06,0.014707305273343
-0.00089372742437611,-0.0200759631036354
0.0035179906848788237,-0.0007320309283066
-0.0003002967851996989,-0.0045754168282279
-0.0010947083111087603,-0.0052402151734372
0.000966330831250846,0.0001681802892701
-0.0009506135717362163,0.0028150796971887
-0.0010897182035010681,-0.0060862995298858
-0.0015385409998371108,0.0518040802562806
-0.0012751332434162784,-0.0119936332862555
-0.0006312186289496439,-0.0067375978772664
-0.001369552311017728,0.038753048177684
0.0015046128955418245,0.0114635407688329
-4.7340249114300386e-05,-0.0334875659615296
-0.0017152731729047253,-0.0303813425780019
-0.00048587331405987706,-0.0051469527153784
-0.001839895008522365,-0.0021289278719236
-0.002967998752358113,-0.0719796913728312
-0.002663158196325173,-0.0367410714285715
-0.0005889729085916761,-0.0226304099885947
-0.001126990111481783,0.0118691070438159
-0.002781667336923216,0.0044889934426602
-0.0021871198707183173,-0.0133055368201606
-0.0002646397133747641,0.0405266757865937
0.0006169602346910193,0.000524109014675
-7.449035577604095e-05,0.0086361651545292
0.0019607095596592674,0.0024102838778789
-0.00047818526793238977,-0.02619212695478
-0.0028140472550981224,0.0030375097129672
-0.002781727692260388,-0.0002901915264073
1.226476279976814e-05,0.0127479257914039
-0.0013134033217033433,0.0023091623314577
-0.000606925947735829,0.0024554716704538
-0.0026800452803200916,0.0074099753000824
0.0003191477082850624,-0.0163401726859158
0.00015035338004602613,-0.0041681768756795
-0.0004082027050182277,-0.0407618648945632
-0.000384654168830322,0.03765716813041
-0.0026358580766796514,0.0071693298499301
-0.001699838121935133,0.0113406692117674
-0.0013928764645841558,0.0052857700820206
-0.0011097740146966328,-0.016730314602655
-0.0006010624000677063,-0.006190564982286
-0.0006687465219636393,-0.0470249321257591
0.004234134978916662,-0.0274323833726628
-0.0008068471054100491,-0.0046759460635059
-0.0010291183197616083,-0.0833858827633397
0.00036928208332973777,-0.0009768274814131
0.0030600535468401574,-0.0528552792155874
-0.0004958392014653839,0.0082530187216128
0.0025855022568270184,0.0083240401465666
-0.0039073975143180594,-0.0097406191196546
-0.000774930619951025,0.0066246280289074
0.00017103252402911228,-0.0019367333763719
-0.0006909766093956585,-0.0147788137274351
-0.000370952194410461,-0.0204414630829897
-0.001893303320491256,0.015157275745824
-0.0003426886768843874,-0.0167548500881833
-0.0002559928334073309,-0.0087161269001984
-0.00282831596387912,-0.0114198505420482
-0.0025946285046129823,0.0009447068630175
0.0010772857302866637,0.0143224149004495
-0.0011178497011021004,-0.0328443376092377
-0.00010283650347985838,-0.077440016800546
-0.001802178851370465,0.0233826968043647
-0.0017689060575312816,-0.0016091298145506
-0.001167271866056971,-0.0105293523727102
0.0007806569102106748,-0.0002678571428571
0.0021420429478901486,0.0039407178959994
0.0007287056844951835,-0.0037399990531648
0.000792416740475501,-0.0040854058567424
-0.0004976562348284209,0.0083518107908351
0.001642470173513846,0.0005168403824618
0.0021908879167439037,0.011687066804306
-0.0009024010447883644,-0.0035629453681709
-0.0022771949743208885,0.0017719724584852
-0.0028488486847479556,0.0044213419370256
0.0020231021615044584,-0.0058659975586598
-0.0023663098667744587,0.0074041427941825
0.0002790450423363714,-0.017922341810331
-0.0013412013289814259,-0.0031852472757753
-0.0014477906797927518,-0.0475258930803255
-0.0007715134425144032,0.0038145168579951
0.00034025851969141937,0.0036352386108746
0.0003267470356451372,0.0117684861629916
-0.0006251920968356323,0.0095954577714691
0.0002909698113110773,-0.0266165710895788
0.0012836190925178481,0.0148909721862536
3.752958674674703e-05,0.0018203115107002
-0.0021511117951366326,-0.0247166112673655
-0.0007920435481216285,0.0068820296851728
-0.00029944477778226785,-0.0036569235158336
-0.000722116133559796,0.000418862018033
-0.0012434962881146933,0.0088955434208207
0.0013732229346484404,-0.0045982350209011
-0.00420723787072602,-0.0162460110240788
-0.002738727387984451,0.0105470982490777
0.0003797752897809973,-0.0258136356734322
-0.000668464771646529,-0.0044208124516156
-0.0004508779084279033,0.0023591860808022
-0.0006193800090543073,-0.0910417274584184
0.0005234793331161282,0.0040592508189716
-0.0011225155834380354,-0.0017916130115893
0.00023404090480960905,-0.0063664835446937
0.0007096112220182618,-0.0087468323387557
0.0023571056715376657,0.0029116790682627
-0.000751262787801948,0.0007545789220954
-0.00042844593923856096,0.0023126734505087
0.0021420429478901477,0.0048149146797118
-0.000992611499326557,0.0064350064350064
-0.0009344232951185316,0.012767652157616
-0.0012157253686356747,0.0232176957352004
-0.0017468283414400305,-0.0084547662416514
0.0010934447971586068,0.0104482473503546
-0.0003946962937644331,0.0023601876637019
-0.0015901474071997647,0.0127373032613987
-0.0015157298263742474,-0.0037911425124934
-0.0003677526663964078,0.0039488049058093
-0.0007952262312744973,0.0002218278615794
-0.0010693113853126877,-0.0315508231503672
-0.002330873552400561,0.0068614662144534
0.0033518940580423307,-0.0041908093728362
-0.001692188966088047,-0.0061080958447496
-0.0023071647655949464,-0.0028978817253936
-0.0018692821233592231,-0.0104156585696312
-0.0017215225113176155,0.0177747983830011
-0.002003628270780235,-0.0154487989886219
-0.0023865324139790956,-0.0054996857322438
-0.0013219693902329266,-0.0138679804753432
0.0022344731386394426,-0.0193853813818716
-0.0017285037607463424,0.0222222222222222
-0.0011537562844864172,0.0054434678385936
0.0005797602995557769,-0.0038152610441767
-0.0004348705866123638,0.0005641697605007
-0.0010281840733732087,0.0127262443438914
-0.0009277732280561786,0.0040794125645906
-0.0012626250215945088,0.0192099387669386
-0.0016492572457205183,-0.0107084725434763
-0.0011194507407408594,-0.0021705299369318
-0.0012613345022256515,-0.0379227937969891
-0.0034165081726600078,-0.0166293572113846
-0.0002645986122935684,0.0386934472706942
0.0012312679804989944,0.0012598252677128
-0.0009318918722671094,0.0004454739843193
-0.0021126720915117148,-0.0027860776871517
0.002142042947890148,-0.0419245076779323
-0.0015968804684728345,-0.0376955179316664
-0.0011544483895784322,-0.0039525012458971
-0.0006191369010567912,-0.0042885324641907
-0.001149210931902647,-0.0067618724381902
-0.000495191674976702,0.0100445453751419
-9.397853969449179e-05,-0.0045552426702004
-0.0015428042511040562,-0.0054783169137278
0.0006975531957994232,0.0094648707681105
-0.0005654605324956337,-0.0008990678086405
-0.0030849424261729487,-0.0231500450708842
-0.0015322628927712972,-0.0022398407224374
-0.0024261977179310433,-0.0024710252363416
-0.0031450624425653326,0.0433809001097695
-0.001449925534086495,-0.01102562068692
-0.0033306351025129133,-0.0187408491947291
-0.0012532250798132116,-0.0303519123827312
-0.0016450485185080547,0.0098824411034611
-0.0003815402252764564,-0.0372204821909826
-0.00040478723341647597,0.0078336419313488
0.0010347092291745836,0.0057536313903036
-0.00046723003426562876,-0.0057475499226291
-0.0031784929556392064,0.0061038231247698
-0.001150859018874352,-0.002685410050439
-0.0035270240088661597,0.0178667383127351
-0.0020414047537903593,0.0032457816348609
-0.001966435509724298,-0.000902634266847
0.0034096088500501615,-0.0084414385688153
-0.001787296318269794,0.0164511898070077
-0.0038765308815786065,0.00418174129587
-0.0017136108856721708,0.036996100444599
-0.0006808199967989673,0.00578772273618
-0.0011692346849657817,-0.0352016158118733
-0.00011065772578010821,0.0052156779415457
-0.0007961048929135435,0.0082295328470119
-0.001641298203843415,-0.0101298670380554
0.0009138528982164838,0.0003008940852819
0.0015176544575784936,-0.0004250295159386
-0.0018881894034573786,-0.0147054848214527
-0.0015225193660697103,-0.0156620960317845
-0.00022200166758446405,0.004821149078612
-0.001261675108975704,0.012518128387146
-8.909086466605627e-05,0.005251613447505
-0.0018464691057009308,-0.0113488651134886
-0.0005740559187920721,0.0168177065179504
-0.0016063231826531836,-0.0017106883810045
0.0006861854120098578,8.364934195843384e-05
0.0018766195347399363,-0.019027863653589
-0.00023668773073982094,-0.0028290649195949
-8.027364814574977e-06,-0.0002697599136768
-0.0009238414387764879,0.0189937922727693
-0.0015060439467625443,-0.0073649428719296
0.0005234782567527262,-0.0202020202020203
0.0002833836599673942,0.0105545053560176
-0.00039960286280320983,-0.0096002694812486
-0.001763587117320573,0.0165082328976405
-0.0009649996463492062,-0.0125854651266579
-0.00348703432739048,0.0098478963590348
-0.002013956943852269,0.0006996565322477
-0.0014143015327407493,-0.0083029462619622
-0.0012281709026961724,0.0146573352700383
-0.0011458023176620208,0.0147283044373537
-0.00291004096732715,-0.006653851840899
-0.0007313748709017046,0.0036674132138857
1.6132356438364366e-05,0.0079088357853559
-0.0007736498106296027,0.0101794340924775
-0.0010688929348502468,0.0184512567194536
0.0002477038666568511,0.0053522099447513
-0.0033631391096808367,-0.0139239560767908
-0.002367311823546272,0.0202140581669836
-0.004371632039175665,-0.0480818743563335
0.00025890873207537707,0.0108706108706108
0.001000498691654954,0.013932354357246
-0.00277174576551142,0.0210882262526898
-0.0002353899968266144,0.0218792266687882
0.0013732229346484408,-0.0063605228209968
-0.0012769597986708385,0.0003684749232344
0.0003346617652874569,-0.0105821631440846
-0.0014241590644027886,-0.0227574353284164
-0.0017868273927377424,0.0009547155205779
7.732376608298751e-05,0.0205134504360642
0.002023102161504457,0.0142402211139818
-0.00100829795926043,0.0095940341028112
0.0019625832657312364,0.0004962427335885
-0.0018258471160834979,0.0065506550655066
-1.6130442490270136e-05,-0.0091932225749267
0.002967619137709805,0.0201467206832367
-0.0007180650659290887,0.012904997254256
-0.0013075834036522943,-0.0123813981193891
1.682564698558986e-05,0.00968809073724
-0.0015987878543007093,0.0242043926490363
-3.2127049669510674e-06,-0.0023440552155226
-0.0014204270106664986,0.0077379475263383
-0.0005600057114916453,-0.0091988925605072
-0.00029684816978328986,-0.0133567319879107
-0.0024793910181042955,0.0012283257634187
-0.0009141238338852191,0.0174464710547184
-0.001244081348903071,-0.0049008058055699
0.003394232139866867,0.007912584777694
-0.0006653609136258275,0.0219571104442655
-0.00021727245880452382,0.0100807606392118
-0.001144236531167543,0.0188232013385387
-0.0009101839951671386,0.0279318135140686
-0.0003382330990455568,-0.0113949325254752
-0.0008966821643960593,-0.0241990612040287
-0.0012098291861526095,-0.0026275977386733
-0.0020321900576354096,-0.0290060851926978
0.00029774433976711344,0.0266868439384111
0.0005109630560720663,0.0038455199692358
-0.00021414944687071847,-0.0017589752841419
-0.0001445997175454594,0.0061974143238251
-0.0014582674017616056,0.0082854325500855
5.6965745744923646e-05,0.0114303054825004
0.0011759393736040717,0.0030291835980789
-0.0013393143519165015,-0.006041502495403
-0.0009109841837946291,0.0219876510504757
0.00020955949984558046,-0.0039800650654115
-0.0022867514119137965,0.0082004182213292
-0.0015172857340705768,-0.0029910269192422
-0.0010776604224008919,0.0072795625427204
-0.0006384779596095849,0.0143491458244486
-5.1723217603273724e-05,0.0130898259915347
-0.0011323818086948693,-0.0140459971251796
0.0002452296090503357,0.019414079580236
-0.0017130920308416019,-0.0204811162726439
0.0023340936385518314,-0.0025668871556916
-0.0013689786194893362,0.0199527186761228
-0.0011292924135882737,-0.0009462365591397
-0.0012048504937369256,0.0094821470796879
-0.0024730345329312805,-0.0273924028190238
0.00032257016501800403,0.0205235132946183
-0.0013981831410953575,0.0069035762788592
-0.00016159127142942027,0.0167471333735666
-0.0015424580439259415,-0.01314939100174
0.0006070361575610503,0.0122665179816002
0.002954489584585036,-0.0272268615170494
-0.0021737905391354066,0.0070714432120977
-0.0006496427008017521,-0.0006952849380682
-0.00010167521732896806,0.0075122671414302
-0.0020637682627333283,0.0069337849997354
-0.0012293639123272817,0.0059970671277551
0.0003370542357888414,0.035501637392081
0.0022018694932792165,-0.0100234378895925
-0.0017354113445408716,0.0052055164954027
0.003543386518006456,0.0040827572387535
-0.0013434841059595472,0.0056107393707659
-0.0019411230367202567,-0.0055854412269656
0.00012008496988602894,-0.0080550265063748
-0.002136797277543482,0.0033209909531626
-0.0005690223114685369,-0.0073202022488867
-0.0013142604363324925,-0.0082784934192103
0.00037397766638959905,0.0008419027001021
-0.0012395507684287575,0.010146409731941
-0.0039372783802908385,-0.0221559957984219
0.0003486177502944125,0.015846389949677
-0.0018442040784420878,0.046680784458153
-0.0010510088141882563,0.0246301802297837
-0.0012721977903885075,0.0263102944247232
0.001186350514831611,-0.0021788391145197
-0.0009148466057909163,0.0008575050331817
-0.002231009428008102,-0.0175156389633601
0.0027008210057176,-0.0140845070422535
-0.0019074080627051711,0.026237642371161
-0.0003050879979970142,-0.0235774589882628
-0.0020716345688663092,0.0226530556241596
-0.000718867074964325,-0.0097611476743325
-0.00038000429331522397,-0.0185814185814186
-0.0009782531464985768,0.0031532350979322
-0.001122528379599443,0.0045962102413714
-0.0004077978650807151,0.0012372409526754
0.005045046883402606,0.0013911326512295
0.0025190643056785204,0.0082494107563745
0.0013307358585624878,0.0293984280532042
-0.0020166789605982663,0.0150746882280389
-0.0020262673282363942,0.0080736166109276
-0.0003357216941237646,0.0051530888456679
-0.00131961590605468,0.0090820915263205
-0.0010645023368878615,0.0023868382917056
-0.0002561595684900627,-0.0310160127877954
0.0005570399145093594,-0.0039826533321532
-0.0009088283471674753,0.0198888947120172
-0.0010721350621023633,0.0079272363150867
0.00022125966293626528,0.0004577230359522
-0.001965252434425115,0.015450643776824
0.0005415397483479251,-0.0099268547544409
-0.0010026572583892407,0.0046130672189793
0.0021124505143298106,-0.0432717678100264
-0.0031638701785184336,-0.0304093144344807
-0.000306265027134673,0.0008006004503377
-0.0015737750648123457,-0.0035782552182888
-0.0016739317898621037,0.0103230230077709
-0.0012051748921927047,0.0024831669929804
-0.0015313619502800976,-0.0513467344668679
-0.0011950983707373364,0.0077014290429445
-0.0015614959599993875,-0.0014761904761904
-0.0015505010532263729,0.0121218142977792
-0.0015245924915299831,0.0198028439326529
-0.001461384343384806,0.0045058706295221
-0.0013916973312555019,0.0012059303397886
-0.0007218913770915778,0.0054075811137168
0.00017472589534665378,-0.0014308710427473
