Predicted Values,Actual Values
0.0003702770921048186,0.0156209320489455
-5.072803014655679e-05,-0.0098153774246318
-0.00024312710898887347,-0.054711246200608
-0.0001249272863684358,0.0348913759052006
0.0008106116872850906,-0.0160121997712542
-0.0023115653180011604,-0.0049200492004919
-0.0008793848481992856,-0.0054066231133137
-2.812834074539752e-05,-0.002482005460412
0.0002499885035849669,0.0044601375209068
-0.0009125394073590889,0.0036697247706422
-0.0008204670732628161,-0.0334302325581395
-0.0012609699881543613,-0.0251362810417928
-0.0004977975192695779,0.0259579728059333
0.00037865082024557395,0.0165363800360793
-0.000774661096668899,-0.0060851926977688
-0.000515837937308586,-0.0047603935258648
0.00024302735584364387,0.0044934640522875
0.00014009544726255102,-0.0049618320610687
-0.0006781018096151247,0.0096153846153845
0.00018990111062697912,-0.0118829981718465
0.00010730407524775952,-0.0025793139025019
-0.0012857507054841039,-0.0157635467980295
0.0002488454884984847,-0.0016116035455277
-0.000935685115853049,0.0023411371237457
-0.00045138284783796906,0.0274771024146545
-0.0012811725611397487,0.0049436967865969
0.0006860223338940594,0.0045766590389017
-0.0003813659285436154,-0.0019545565599804
0.00014830560100241726,0.0151079136690647
-0.0011418539052235456,0.0503048780487804
-1.292147543037677e-05,-0.0259488768396591
7.163164616071905e-05,-0.0179410508329773
0.00038185321857695046,-0.0600500417014178
-0.0005642815842017044,-0.0124450951683747
0.00017222939504146182,-0.0080827675396055
0.00024199432085501702,0.0146443514644351
0.00039510254975797497,-0.0098298676748583
-0.0026240069890412234,-0.0122050447518307
5.0025646851579796e-05,0.001255230125523
0.00011943158141070803,0.0119933829611248
-0.0020131873864520674,0.0671869697997964
-0.0005118220144910717,0.0410991636798088
-0.00010816059671151968,-0.0011451474377327
-0.00023323621620239832,0.005358615004122
0.0004101490897952693,0.005720823798627
-0.0009505864595684365,0.0074804488269295
0.0008580226983842379,-0.0156494522691705
-0.0002478054943169985,0.0037037037037036
-0.0030868012868075574,-0.0049129075480124
5.5179409873344854e-05,-0.0230152573054046
0.0010554204996656071,0.0074731433909387
-0.00022750442025761073,-0.021236432279377
0.0031724968813524345,0.0228777844671885
0.00011397550067336353,0.0166275847367298
0.0009268534609527227,0.023094688221709
-0.0014052646684240618,0.0011808699074984
-0.0004235002241686415,0.0033821871476888
-0.0007826632273268628,-0.0110069302894415
-0.0009472443291315247,-0.0093933463796477
-0.00026922572759920457,-0.0011727912431587
-0.00025051917461974563,0.0013670539986328
0.0008119014795900324,0.0117039586919104
0.0008752919796956785,0.0072796934865899
-0.0009703453269925946,-0.0235727440147328
2.2537672015040408e-05,0.003129890453834
0.0034324179771852356,0.0100628930817609
-0.0008215100095418476,-0.0022455089820358
-0.0007233250723359549,0.0067424388364476
-0.0038051026064577966,0.0028591851322373
0.0011123874572684178,0.005358615004122
-0.0005386725269077694,0.0101781170483458
0.0001581839070563931,-0.0071214392803599
0.0011388865419171422,-0.0141643059490084
-4.575908670447201e-05,0.0254864346396273
0.00045531066377196627,-0.0149130074565038
0.00021179790527465185,0.003707627118644
0.0011204802492603902,-0.0128375387339531
0.002065503567462905,0.0342679127725857
0.0017790161381122768,-0.0056328694499668
-0.0041755468666207,-0.0092118730808598
0.0005263265541643399,-0.0206349206349205
0.00015012446146249302,-0.0053475935828877
0.000408107686071988,0.0135542168674697
-0.0004021093046882173,0.0028089887640449
-0.00021424200836074212,-0.014786418400876
-0.0012306285154207138,0.0245269796776454
0.0020905327626574346,0.0212765957446809
-0.0002936045134300806,-0.026639344262295
-0.0007153715663840412,-0.0129948624962222
-0.0005452268830457197,0.0202061855670103
0.0004137914050971804,-0.011517077045274
-0.0013293326386610749,-0.0110630110630111
0.0005527154582844029,0.0021420921099606
0.0004850504203129722,0.013172751223184
-0.0017089371575207714,0.0135961930659415
-0.001977603879951338,-0.037719298245614
-0.0026557672324144647,0.0047701647875108
2.5284180550280927e-05,-0.0092592592592591
0.00035710998183784387,0.0171632896305124
0.00013453263387491933,0.0249299719887954
-0.001635448039990743,-0.0076360165447026
-0.0007720486561199407,0.0189848895776829
0.0006940722948933358,0.0039988574692944
-0.0008118992735971313,-0.0429082240762813
-0.0008484947860023579,0.0510563380281691
-0.002018980072777404,-0.0070874114073574
0.00020331084827090242,-0.0171321286083079
0.0034767677528485283,0.028169014084507
-0.00024249335403037753,0.0085724934774506
0.00017691006679088723,0.0179691956645748
-0.004454039456844007,-0.0173611111111111
-0.0005940199370025321,-0.0123376623376623
-0.0017230862002288677,-0.0306153379812063
0.00029583326800040183,0.0204081632653061
-0.00014915496730639595,0.0048159614723083
-0.0009647582396827281,0.0158693652253909
-0.0022153691783023018,-0.0482625482625482
3.700094347978946e-05,0.0053175775480059
0.0003353070120599155,0.0046931407942238
0.007983193002078679,0.0378266850068775
-0.000514739661464155,0.0282531920673729
-0.0006694254653044483,0.0353146853146853
-0.0005703038944332455,0.00381861575179
-0.00025325206793011507,0.0987012987012987
-0.001381143925303875,-0.0050078247261346
0.0023413116968576723,0.0065381968341361
-0.00048360209922322623,0.0055746140651801
0.0003344289613668151,0.0038305543037403
-0.000777277978617579,0.0202640466687136
-0.00042836652082092286,-0.0196959225984795
0.00020043509526182236,-0.0229292060762396
-0.00041924011921301503,0.0089869281045751
-4.599635297081052e-05,-0.015639374425023
-0.0001636183836610317,-0.0081240768094535
0.003480511800072922,-0.003698224852071
0.0011282025017822462,0.0088105726872247
0.0005920282252481736,-0.037212449255751
-0.0010102344998611232,0.0026697177726925
-0.0007268612340621798,-0.0143450358625894
-0.00033958698357624753,-0.0084530853761623
-0.013959980646787577,0.0219579139981702
0.004152821932164044,0.0021382751247325
0.0005315612979273361,0.0145232582614186
0.0003547805010459722,0.004398148148148
-0.0008257530221957955,-0.0448006576243321
0.0014726995371229963,-0.0221830985915493
-0.00016451068800840945,0.0047737254153141
0.001015181137049419,0.011320754716981
-0.00034539599386408806,-0.008819538670285
-0.000193261431455338,0.006338028169014
-0.000767971367765069,-0.0101763907734056
0.004399521788557606,0.0264244426094137
-0.00032461141154218855,-0.0121546961325966
0.0008921208308101873,0.0284145947691314
0.0005230014869368583,0.0101931330472103
-0.0009381923569315621,-0.0025820730357803
-0.00025533385341112405,0.0454692034827473
-0.0006417438990336834,-0.0134966777408637
-0.0007121426440681933,0.0023279015630195
0.00201429360196865,-0.0049049662783567
0.00042853745270841757,0.0072157253048022
-0.0004965503847120012,-0.005524861878453
0.00085677332050707,0.0272667542706964
-0.002235502726545326,-0.0609397944199705
0.00012189197029235988,-0.0062794348508634
-0.002279045593507694,0.0156815440289505
9.983693701849719e-05,0.0025823111684958
0.0020853501229214084,0.0153433064825469
0.0005789282573073512,-0.0046272493573265
-0.0005686428035308721,-0.0104236718224612
0.000418541007950248,-0.0183776932826362
-0.0005477070853788851,0.0086880973066898
-7.854409637023005e-05,-0.0043939002326182
0.0016580889781783426,0.0052434456928838
0.00041235683244441343,-0.0039971784622619
0.0027288137928416674,0.0485893416927901
-9.380292928223431e-05,0.0154867256637167
-0.0014186793745930232,-0.0032706459525755
0.004990701606080977,0.0273109243697477
-0.001037280231279656,-0.0275280898876404
0.0011180515763691869,-0.0214329454990814
-0.00038386726087152016,-0.0553530751708428
-9.961326245026537e-05,0.0238831132340545
0.0007430243910377423,0.0161812297734627
-0.0004662319627123715,-0.0028169014084506
-0.0010189875211849967,0.0064874884151993
-0.0009249036480430033,0.0072853975293
-0.00062021731771066,-0.0270751692198075
0.003933475106978844,-0.0169811320754716
0.0007308089990506967,0.0083696016069635
-0.0015376033629760965,-0.0459770114942529
-0.0003227604497211198,0.0194515306122447
0.004660549072147242,0.0
0.000433996323820717,-0.0042774213260007
0.08211362694345335,0.019434628975265
0.0009417253510689684,0.0023952095808383
0.011929512726036949,0.024556616643929
5.688772904131462e-05,0.0459899046550756
-0.0006846368001276609,-0.0067732321863993
0.0025698772888831287,-0.0043103448275862
0.00016588850577107226,0.0145686319144092
-4.4745653252920845e-05,-0.0034013605442176
0.0013804365302527168,0.0074464784362394
-0.0010097019424541726,-0.0194359756097559
-0.0006663578766008498,0.0149253731343282
-2.3605863774872153e-05,-0.0050741608118656
0.0009909415744463218,0.0261299435028249
-0.0006283698140040287,-0.0121364302155261
-0.0005116845950332436,-0.0010077258985556
-0.0013338176003663217,-0.0011560693641618
0.00037555142511018545,-0.011333585190782
-2.4525649118723602e-05,-0.0142764438676183
-0.000225179366915314,-0.0081632653061223
-0.0003882220354207741,-0.0121624908781318
-0.0004695336045971734,0.0123516589973359
-0.0010778128911236684,0.0035324341682723
-0.0005431278085320922,-0.0076185795035634
-2.748347699894784e-05,0.0027691242644514
-0.0026373148857689937,0.0027118644067796
0.0007688245778212082,0.0249027237354086
-0.0005409683956861374,-0.013862633900441
6.000435149308193e-05,-0.009430094300943
-0.0003007404073531428,-0.0081392085321359
-0.00014696646054198741,0.0003601008282319
0.0005043209344739188,-0.0402597402597401
0.0005327696297429801,-0.0061592608886933
0.00019789128397095987,-0.0077551020408163
-0.004890447240146068,-0.0419734904270987
4.166755139503355e-05,-0.0213351686166553
0.001098598864669147,-0.0221473278767452
-0.0004057386460955487,-0.0198830409356725
0.00022156530804875324,0.0069162890531838
-0.00044817237351807757,-0.021161825726141
8.951916588277973e-05,-0.0075237884487718
0.00016813088211006994,-0.0095744680851063
-0.00017248526688842813,0.0124431682220628
0.00031749665066110725,0.0087815587266741
0.0006167864782366813,-0.0074294205052005
-0.0012555294231406746,0.0240762812872467
-0.0004304465262341917,-0.0208486632327691
0.00034501114518673904,0.0213776722090261
2.6310910496186405e-05,0.0013540961408261
0.00017647307465193678,-0.0415212840195395
0.001826761808892694,0.0016
-0.00044246620045040923,-0.0225485055060303
0.004507355683089108,0.011118832522585
-1.0208087514982892e-05,-0.0072386058981232
-0.0001238905056940476,-0.0019817677368212
0.001257705252469721,0.0052631578947369
-0.00038271529644406764,0.0093066542577943
-0.0034017874834769927,0.0806252570958453
-0.0004361351834242559,0.0137362637362637
0.0005869332145602273,-0.0201680672268906
0.0007195494427655071,-0.0121396054628224
-0.0009449146250577121,0.0234126984126983
-0.0007659703889259847,-0.0426933398389851
0.0003321373496180777,0.0037427696495407
0.00019132930064067404,0.0219373219373219
0.0005964472045805616,0.0347826086956521
-0.004592962857447556,0.0513874614594039
-0.0019141167785401653,-0.0092067988668554
0.00018335693951945217,0.0075187969924811
-6.521059303712813e-06,0.0240250696378831
-0.00013797850459900903,-0.0046040515653775
-0.0010402593282920303,0.0359322033898305
-0.00036448096759661463,-0.0111080255484587
-0.008317453553714115,-0.0072314049586777
-0.0004274299019441158,-0.0081092616303884
0.002261336447002566,0.0319274733937722
0.00034694048764923036,-0.0109683484801002
0.0023346734847167145,-0.0047425474254741
0.0004849120055752325,-0.0200414651002071
0.00044501651948274736,-0.0082958866228829
-0.0004984956391674995,-0.0369168356997971
0.00024409372432321308,0.012053887969747
-0.0003420909747302566,0.0304728546409806
-0.0003093032911285376,0.0
0.0002772328723903754,-0.0066852367688021
0.0002600653334072656,0.0048309178743959
-0.0007195000459224877,-0.011760382212422
-0.005851834162041877,0.0096993210475266
0.001645366154174679,0.0124548011249497
2.9956613200919847e-06,-0.0454022988505747
-0.0003053429038355403,0.0374782824522214
-0.0003773093165167275,-0.0116569525395503
-0.00029555924076748834,0.0024685816876121
0.00014517551166880855,0.0070778564206269
-0.00015251089478594848,0.050314465408805
-0.0005804114368884193,-0.0014044943820225
0.0005869028847164458,-0.0016648168701442
-0.0017491064191458745,0.0061475409836065
0.00032416567243217105,0.0135007105637138
0.0012390643779551706,0.0016207455429496
-0.0015408144657731646,0.0026892047637341
-0.00011963573688592947,-0.0019430051813472
0.0008040216887782054,-0.0127388535031846
-0.00013751275072265774,0.0088319088319088
-0.0001787018103648743,-0.0021413276231263
-0.0003457545415160248,0.0015384615384614
0.0009273286111387532,-0.0085166784953869
-0.0038680748234164717,0.0203283815480843
-0.0006570207917606038,0.0111394016549968
0.0013742153064642208,0.0118343195266273
0.0008507328344514454,0.0020449897750511
-0.0005662541399124106,-0.0055384615384615
-0.002515063360943777,-0.025025025025025
-8.855286873029033e-05,0.0022415242364808
-0.001192815888965007,0.0025227043390514
-0.0006166449694431797,-0.01521812647954
-0.0012074901437807927,0.0040085515766969
-0.0009588770695977537,-0.0223684210526316
-0.0017271881043546648,-0.0219836400817995
-0.0010427891881268562,-0.0108591504311722
-0.0010106952120140463,0.01125
0.0016446985297211474,0.0223988439306357
-0.00022856632430431298,0.0035885167464114
8.804858702384087e-05,-0.0133515919205752
0.00047609091379374806,-0.0194223107569721
-0.000612553308746029,0.0043699927166788
-0.002205002476340276,0.0099750623441396
-2.4944970861288983e-06,0.0253456221198157
0.0004578704002273297,-0.0021173623714459
0.0002536581097002903,0.0035410764872521
-0.000766037925112239,0.014858171994597
-0.0004263434436453117,0.0198497854077252
0.0006614348550914368,-0.0176678445229682
0.0009753174670514523,-0.0240185950413223
0.0002277013514995405,-0.0007305936073058
-0.0015899562000390786,-0.0242869245975713
-0.00038000319142115124,0.0194961664841182
0.0015093165044119874,0.0074481865284974
-0.001076564025901392,-0.0552325581395348
-9.305747516304163e-05,0.036559705418201
-0.0006182928134095055,-0.004046762589928
-0.0007448761598124825,-0.0134048257372654
0.00036869278704000874,0.0017073170731707
0.0028369779847007203,-0.0224768620537681
-0.0005147536544161919,-0.030167980802194
0.0014245114222047554,0.0190854870775348
-4.0386879296835555e-05,0.0209817893903403
-0.000710797903174283,-0.0103092783505154
0.0006109615752378221,0.0133982947624848
0.001219365280591516,0.0030876109610187
0.0016200631158644816,-0.0013736263736262
-0.0010893238769939832,0.0254901960784313
-0.0008700256491629431,-0.0065059318790661
0.0001291182549334571,-0.0053859964093357
-0.0004508678526944851,0.0137178051511759
0.0002048827565625662,0.0176991150442477
-0.00035421769670987934,0.0046561604584527
-7.828226363291787e-05,-0.0064948244367769
-0.0031054225999530725,-0.0122399020807833
-0.0001619588972748538,-0.0084676317945917
0.0008283146514704862,0.0056953013763645
0.00010041044328801839,-0.0053983618763962
-0.0008626522578990788,0.0084341767510084
0.0009636898102433923,0.0042229729729729
0.00040633522305727796,0.0118298514976088
0.00035598320211364275,0.0121580547112462
-0.00017246849961656373,-0.001560062402496
0.00011377224879209308,-0.0129130269654387
0.00027819158066882016,-0.0024703557312252
-0.0005670398409950366,-0.0207457246986262
-8.361469215276646e-05,0.00145878920496
2.32669525845132e-07,-0.0250210851841438
-0.0018313170195875669,-0.0090945037564255
0.005607595025814308,0.0498177399756987
-0.000734727960173287,-0.0266457680250783
-0.0016479285425917546,-0.0052410901467505
0.0005341239096578732,0.0052596975673899
0.0016900007596754947,0.008530183727034
-0.0003705590355462326,-0.0244094488188975
0.000517427011639536,-0.0144362075692548
-0.00033252801087187996,0.0329341317365269
0.00046644093123443157,-0.034353995519044
-0.00013127224684148116,-0.0159184403505633
-0.0007369333437754141,0.0158730158730157
-7.308849293874562e-05,0.0
-0.0004171430610574242,-0.0024737167594311
-0.00021155812441026544,0.0035530990919856
-0.004952438291202798,-0.008641975308642
0.00046813082453372117,0.0016021972991532
8.365256436595142e-05,-0.058302372106316
-0.0015094418086998357,0.0069700697006969
-0.0008225188232470934,-0.0180144115292233
-0.00018724864675994095,0.010086956521739
-0.0003100678055839094,0.0133592421666261
-0.0016860173426408,0.0111982082866741
-0.002067423925291339,-0.0236081747709654
0.00015144143545862976,0.0453130404704253
0.002514395003869941,-0.0572100313479623
0.0004487044646545104,-0.0218085106382978
-0.0004225465936080537,0.0266094420600857
-0.0003617875227087551,-0.0136921624173749
0.00036322872441394766,-0.0272309711286089
-0.0005787822556791444,-0.0079403272377286
0.000510866655236447,-0.0350140056022409
-0.0010561482330752852,0.0074433656957929
-9.822062184922125e-05,0.0132765531062124
-0.00025719425405712113,0.0299015897047692
-0.0006522285894170652,-0.0013591573224601
0.001424598934578533,-0.0215135408757276
-0.00015048633596706818,-0.0262941659819227
-0.0007096017524099271,-0.031958025280229
-0.0013259440837536862,-0.0179812014711891
0.00057941216175505,0.0104908946951702
-0.000860915383679941,-0.0177119628339139
0.0029846043245553015,-0.0176586003924134
-0.00030480600434612364,0.0093327111525898
0.0007398720821133717,-0.008925383791503
0.0008822634148686308,0.0285152409046214
-0.00021034080985779985,0.0154683471784588
0.0006286520381651424,-0.0302773061686473
-0.000922239221994575,-0.0058731401722787
0.00035819640412721506,-0.0225010817827779
-0.0004981515092509361,-0.0011082379017362
0.0042939161517753215,-0.0350241545893718
0.00033305612062720265,0.038714059316278
0.0015006622943295972,0.0089347079037801
-0.0016416148188491005,-0.0150410209662717
-0.0016373535428358611,-0.053125
0.0010686717498930634,-0.0234462225530331
-6.695912967664523e-05,0.0346544513045209
0.0006068455901972776,-0.0053846153846154
-0.00042987903866338416,-0.0174587778855481
-0.00043054492077292534,0.0082456639181121
-0.011325653825339786,-0.1000662690523525
-0.0002770416551246843,-0.025219298245614
0.00036809805565273364,0.0342664092664093
-0.000351523097689908,-0.0045717035611165
-9.319417857546299e-05,-0.0081358330385568
-0.0011503869226836408,-0.0205960746304821
-1.6535009182299713e-05,0.0032448377581121
0.0006038049806341461,-0.0152698863636364
0.0026347783613162577,0.0020876826722338
-0.0002853274352019999,-0.0086705202312139
-0.00026991588297756007,0.0114053740576069
0.00015865056047292174,-0.0029980013324449
0.002707030035359606,-0.0128447298828862
0.0005124299667524248,-0.0268648185195769
-0.00019008080559574584,-0.0065865943432779
0.0003872990004206423,0.0301163586584531
-0.0003861441974507632,-0.0357525155213017
-0.0015985923999941344,0.0006666666666666
-0.0013367473472907121,0.0034036759700476
-0.0005546886810564475,-0.003770028275212
0.00199757763890416,0.0083514887436456
-0.00044353693796818437,-0.0270772498009025
0.0003362928027829514,-0.0101593165550681
-0.0015719284797129315,-0.0330044232732221
-0.0004815340928292476,0.0075843761850587
-0.0017834301527308836,0.0240101095197977
0.0002602183283157507,-0.0018337408312957
0.0024703253174515084,0.0114304376224689
-0.000989537796471512,-0.0296838858905165
-0.0020173755166245167,0.0053353658536586
-0.0008459083742331781,-0.0058381984987489
-0.0024778546975669008,0.0061443932411675
0.0028116171307089217,0.0254211332312404
0.004307577369856309,-0.0019120458891012
0.0006765516808852415,0.0264550264550264
0.0035030520777047654,0.0151994933502216
-0.0023447855793721035,0.023378914865461
0.00032418729508307357,0.0237341772151898
-0.0011700903690829688,0.0602950609364977
0.0007869591846919026,-0.0059880239520957
-0.0016743673461892526,-0.014687368862778
7.424835525493262e-05,0.0163043478260869
-0.0019448854975559822,-0.0114285714285713
-0.00029931745974560314,0.0118728456530063
0.0020553938766071467,-0.0279346210995541
-0.0002822605347091316,-0.0185491884730041
-0.00944458455815465,0.0799166087560806
-0.0005068141068350757,-0.0132450331125827
-0.0004287112981335858,0.0088161209068008
-0.0026611758120190705,0.0467012601927352
0.00023970783100576445,-0.0012999675008124
-0.005539106647605481,0.0109999999999999
1.1838126720790048e-05,0.0104166666666666
-0.0005430925263550081,-0.0278701099463053
-0.000695066926803743,0.0146341463414633
-0.0011934125416310363,0.0058059165053912
0.00030693088388932194,0.0208483105679367
-0.00024720535294579777,-0.0237255530618787
-0.003346759173203039,0.0187463386057411
0.004095392953689594,-0.0095168374816982
0.00037719302324838353,0.0069560378408458
-0.0001839501849226346,-0.0070058997050146
0.0008574689292886613,-0.0015989766549408
-0.0002750514702699758,-0.001966844619275
-0.0005745996129665356,-0.0045706823375776
0.000622513339425694,-0.0220588235294118
-0.0011816531935602544,-0.0236903570236902
0.0005106128684043658,-0.0064620355411954
0.0005616750443714014,0.0238179879132598
-0.0003038299000664904,-0.0129299829226639
0.0007195193459661515,0.0014503263234228
0.0002490753460751136,0.0367047308319739
-0.0005094515269168735,-0.0140845070422534
0.0006279262660234331,-0.0055071133547499
0.00012108379518240398,0.0238885202388853
3.100690652161775e-05,-0.010113171201541
0.0001566628512981986,-0.0294426919032598
0.0009670132460511708,0.0109519797809603
0.0008232659240903178,0.0014925373134328
0.001361542240863473,0.0081752779594506
-0.00014776029215664608,0.0176738882554161
0.00012530113051292244,-0.0206526228831061
0.0004422369936736582,-0.001453488372093
-0.0003236865809031379,-0.0053557765876051
-0.0002793971759328795,0.0044313146233382
0.007204514410391128,0.0277557494052339
-0.002957429286695027,-0.013270882123341
-0.003920645232205968,0.000616903146206
-0.0004951825492015765,-0.0274828232354778
-0.00010515649517094042,0.0002257336343115
0.003497953014368426,0.004095004095004
0.002484420290150054,0.0311203319502074
0.004854500228911896,-0.0239752513534416
-0.0008572968873234539,-0.0274749236807676
0.0003195028708678125,0.0112941176470588
-8.482049814939663e-05,-0.0244868563197695
-0.0006904754785653518,0.0120812740252609
0.003840404501117958,0.0076976906927921
-0.0008529409461591962,-0.0062909567496722
-0.0003148084591778209,-0.0073903002309468
-0.0008976062094858592,-0.0255434782608695
-0.0003082373271164906,0.0151819602589864
0.0008806227969958983,0.0280140070035017
-0.00036628681095239585,-0.0063291139240506
0.0007048440283984864,-0.0009849790691948
0.0015733496605030558,0.0292573143285819
-0.0008641096087434289,0.020766201217329
-0.0008630810274886536,0.0203183912861333
-0.0005219143500399995,0.0088408644400786
0.00026026286519307667,-0.0038253108065029
-0.0008912316254095154,0.0004644681839293
0.0002181973439396282,0.0
-0.0008096617876320144,0.0015451174289245
-0.0005673021498104196,0.0143760782058654
0.0011523075316148407,-0.0189666448659254
0.00047762364273826907,-0.0145495243424733
-0.002827215152464156,-0.05819774718398
-0.0007967490543904553,-0.0429553264604811
0.00028359965715383357,-0.0048445700444085
-0.00015105805941293413,0.0175046554934822
-0.001162293983426578,0.0412299091544375
0.0001137957328615329,0.0046247635064115
0.0007483700730648082,-0.0433403805496828
-0.0005259185344394395,0.0107193229901269
-0.0002716463116649003,0.010235131396957
0.0035901614147604557,0.0236801242236023
0.00011259233483799999,-0.0253723110865969
-0.0011976065838217615,-0.0592216582064297
0.0003991360294928886,0.0136665365091761
-0.00029169645148784644,-0.0007896814951301
0.0002920474477334088,-0.0053719008264463
-0.0001409465287938513,-0.0167480809490579
-0.00029056456218617396,0.0004051863857374
-0.00049517992684268,-0.0140338251169484
0.0002143948816731006,-0.0023872679045092
0.0008553252187737498,0.0123138602520046
0.0017760054041041154,-0.0129743756081738
-0.0006209135570965574,-0.0149860299720598
0.0012273071485001178,0.0097640358014645
0.004086527704970836,-0.0336927223719676
0.00011998560041556664,-0.005062436719541
-0.0025265114823406045,-0.0114864864864864
-0.0028780203906549505,-0.0079365079365079
-0.0007662371917552332,0.002647412755716
3.0455513646588024e-05,0.0058528428093645
-0.00030416060326138045,0.0126782884310618
-0.0019174989315269206,-0.0107863604732079
-0.0003817525615589767,-0.0322477650063855
-0.001078007358372482,-0.0105990783410138
-0.0005476769267811368,0.0074401302022785
-0.0018424992584128253,0.0132255694342396
0.0019742357369840697,-0.0085817524841915
0.0004896229390997912,-0.0133733624454147
-0.00018555728921979323,-0.0010737294201859
-1.6534665829398318e-06,-0.007992692395524
-0.00026836581304720574,0.0006665185514329
-0.0012121387798265542,-0.0111373607829902
0.00026867871821647545,0.0176221804511278
-0.0010882495538605296,-0.0002780867630701
0.00040256906090425264,0.026413345690454
0.0013167632370749058,0.0007610350076103
0.00039508993056678254,0.0230905861456483
-0.000394014874008295,0.0070730885820142
-0.00028232168096344485,0.0089893100097181
0.005748093753116508,0.0011876484560569
1.0244983947021888e-05,-0.0189253126056098
-9.594689939372813e-05,-0.0093203000681972
-0.0004079842465349468,-0.0104667609618104
0.0008066207749730832,-0.0363227258116361
0.001945076117507159,0.0095940959409594
-0.0005562959491613858,0.0474249722119303
-0.0024459300021572533,0.0003572704537335
0.0006833178071635522,0.008468595624559
-0.000732142538445254,0.0075787794176306
-0.0008954793175385006,-0.0134138162307176
-0.0036223964540425067,-0.0354118552732872
0.00031198461844437477,0.011685552407932
0.00034976684282915743,0.0186027284001653
-0.00047450299177018916,-0.0363636363636363
0.001141869597313755,0.0141530296329058
-0.0008775006888111082,-0.0120212468549063
-0.001777008583338665,0.0063821300358995
0.0021878633967787574,-0.0127844541038097
0.007415292566666998,-0.0088652482269503
-0.0015533141485807942,0.0094161958568738
-0.00033647508993534637,0.0145808019441069
-0.0002583244904378254,-0.015850144092219
0.0007492531309708123,0.0059127864005913
7.408334304467971e-05,-0.0072463768115941
-0.00024127077020613018,-0.0184630738522954
-0.0003510191657051073,-0.0085251491901108
5.415819652837045e-05,0.0077071290944123
0.0013169548111192524,0.0362342284050468
-7.066954446485818e-05,-0.0332792207792208
-0.0016554790773445122,-0.0124168514412417
-0.001089015390675136,-0.0201598887730275
0.0009777322661344617,-0.0073181231166595
-0.0006872537862473982,0.0206741573033707
-0.0006384613040424853,0.0014669926650367
0.0008497399905652707,0.0724460724460725
-6.494446628242477e-05,0.0276564774381367
0.0009743244149060819,0.0011792452830189
0.0023985598498145696,-0.0166453265044814
-0.00016902362627054334,-0.0215374420145791
0.00185846196587585,0.0371009490940465
-0.0038459919657347526,-0.0876944837340877
-1.9120562348151782e-05,0.0064062822897293
0.0001607156663450304,-0.0377503852080123
0.0023289136722305787,-0.0161420500403551
-0.0002584338238052061,-0.0021668472372698
-0.0006666951825738657,0.001875
-9.202654055785175e-05,0.0043744531933508
-0.0010039163509950593,0.0416330915928015
-0.001463379396968681,-0.0087108013937282
-0.00988433933833827,0.059622641509434
0.0014532776133605208,0.0127409343351845
0.0006642904053426927,0.0158730158730158
0.0014954572418799516,0.0085443037974683
-6.600226975669879e-06,0.0108429520811473
0.0008040203543092397,-0.0091194968553458
-6.049014413510092e-05,-0.0374862183020948
0.00019127826695403035,0.0085524231865694
-0.00041977729198889,-0.0131108462455303
0.00045107476497193295,-0.046289993192648
0.00023441890687953183,-0.0013080444735122
0.0011405840533150965,-0.0079730144127568
0.0015778581006016185,-0.0011949810794662
-3.508813820514424e-05,-0.0276981852913086
-0.00042379757186238406,0.0468190581107132
-0.001983625273131406,0.0086169754416199
0.004624289213625187,0.0075107296137339
-0.00013909324670341818,0.0114747131321716
-0.0007710895614133069,-0.0021496130696474
-0.0003234105787587357,0.0211518858307849
0.00015554725986404578,-0.016955835962145
0.0005579314502026309,-0.0143949617633828
0.002520381585639733,-0.0164765525982257
-0.0004517280405392704,-0.0056885517895235
-0.0008094247306418929,-0.0165339865278629
-0.003665408745144296,0.0162767039674466
-0.0012608251866795238,-0.0251916757940853
-0.0006909856931244294,0.0197137456116662
-0.00027022351102622475,-0.0024906600249066
0.00020754493211321966,-0.0078363914373089
-0.0013687796641590883,-0.0072933549432739
-0.00024369228903923005,-0.0073719130114264
0.001062827416321019,0.0057593210063656
-0.0005846708046385045,0.0195169553549646
-0.00016828074701779727,-0.0220925385577324
-0.0005954259784353655,-0.0099868593955322
5.110182823668926e-05,0.0172222222222221
0.019344940186734425,0.0385416666666666
0.00017631200678740758,-0.0248985115020297
-0.0008084297467305454,-0.0037722908093279
-0.0009043356757162876,0.0165986394557823
0.0008573219200138607,0.0118268746854555
-7.623314869647106e-05,-0.001592039800995
-0.005801355606125219,-0.06127258444619
0.002225653611670085,0.005008347245409
0.0007382070177895246,0.0315623356128353
3.083106115807001e-05,-0.0296808748047311
-0.0022868302916523287,-0.0054559625876852
0.008546666924766804,0.0006849315068492
0.0009123999369554606,0.0314115308151092
-0.0027976835315936467,-0.0248995983935742
0.00018718628027742659,-0.0110882956878849
0.0006856698657745106,-0.0068846815834767
-0.0007018385625357389,0.0233937397034597
0.0002324002852732911,0.0022300095571839
0.00035137973278140736,0.0011560693641617
0.00016269626105946527,0.0062205466540998
0.0010814932613720837,0.0076794657762938
-0.0003280148461195393,-0.0108799999999999
-0.000984291598557217,-0.0117292225201072
0.0032375722021828787,-0.0184174624829467
-0.004054207445257896,0.0
-0.0005049484831001184,-0.0683195592286501
-0.0010170420963784984,-0.0058388478007005
-0.0015383870767574262,0.0056426332288401
0.00039784798124218614,-0.0416447021613072
0.0003310567854765602,0.0564558285415576
0.0002942517662162205,-0.0027079303675047
0.000379270663759201,-0.0462698206394593
0.00016090425720721962,-0.0155951623169954
0.0006534583659491671,-0.0253979004402302
-0.00034010385869222954,0.0063316993464051
-0.0006117895809388651,-0.0075720566682949
0.00039298161495621647,0.0163560289083302
0.0008466867691845628,0.0114434852439269
-0.0010755697726076792,0.0225035161744023
0.00046782587699020463,0.0029752066115701
0.00021163436454689813,0.0023316062176165
0.00010692917253450286,-0.0020515158422611
-0.0008698222774385301,-0.022077922077922
0.0007867302892301486,-0.0005254860746189
0.0009823769345209692,0.0588726513569937
0.0006812418239662015,-0.0175207234363224
0.0003873487244169963,-0.0284321689683184
0.0012304456964089842,0.0003279763857003
0.0004923409303214378,-0.0273510678156611
0.0026575299573781,0.0007299270072992
0.00016718062647248495,-0.0228911884603322
0.0008733853563425533,0.0321683876092135
-0.0004657395219399954,-0.0128472222222221
0.004206166472079433,0.009845288326301
-8.549363330825866e-05,-0.0070947144377438
-0.0003512614320185508,-0.0004666355576295
0.0011680922473257071,0.0163161711385061
-0.0011791673579202148,-0.0015532774153463
0.0002176322207616037,0.0
-0.0009000558742541171,0.0237899917965544
-0.0005571490766923839,-0.0460267505900865
-0.00019151563703451266,0.0206947524020693
-0.0002362474803527775,-0.0034129692832764
-0.002102986584629219,-0.0011078286558346
2.1996748318305526e-05,0.002372077261945
-0.0004485861157020513,0.0001990445859873
-2.891991604346007e-05,0.0250950570342206
-0.0014213023602411075,-0.0023923444976078
-0.0043445267506944316,-0.0443548387096775
0.0003042598613072334,-0.0096789423984891
0.0010243094426689349,0.0272832817337461
-0.0016094572467314266,0.029585798816568
-0.0003565355997364528,0.0147449842881315
0.0016382193020439118,0.0563486100676183
8.05669697713721e-05,-0.0200061557402277
-0.005115816583249594,0.0543881334981457
-0.0007628389847578422,0.0009906875371507
0.0005651351619940073,-0.0275743214131839
0.0007108531906100754,0.0094105993065874
0.0004349494734989402,0.0385432473444612
-0.00039389740956324073,0.0022870211549457
0.0006235286125045522,0.021034180543383
0.00600243684358284,0.0361145703611457
-0.0007205771485080348,0.0031940377961138
0.0005512804133005282,-0.0073883713459685
-0.011853665760187152,0.113469387755102
0.00013270115770584848,0.0084187408491947
0.0006827228264231954,0.0186752261453167
0.0022871570819699236,-0.017384731670446
-0.006003185452171842,-0.015818431911967
-0.0009139789218679553,0.0026830203142968
-0.00011249136161934302,-0.0225472273004265
-0.00011519592407086205,-0.0150204824761037
0.0013376995324145713,0.0063583815028901
-0.0005982390377661223,0.0098076197661258
-0.000433318974594621,0.0061374795417348
-0.0017508441568441144,0.0263736263736263
0.000635702199327368,-0.0083966413434625
0.001577977114789352,-0.0483641536273114
-0.0017991259335030155,-0.0361165048543689
-7.157761106609992e-05,0.0356146749624543
0.0012493509458786425,0.0538205980066444
0.00043884293528359547,0.0
-0.0014823628505965455,0.0059089329162321
5.5747261251217525e-05,-0.0106323447118073
0.0009218993937606355,-0.0008833922261484
-0.00022695917029488772,0.0002182453077259
-0.00017388999280570957,0.0224877020379479
-0.0014946148649934426,-0.0303566165635131
-0.0012747951441089522,-0.0138073869520193
-0.0018794946155692544,0.0222381635581061
-0.0013927114307676247,-0.0134575569358179
-0.0008797679525683447,-0.0054284606436602
-3.062376515681472e-06,-0.0056381342901076
5.200765699296683e-05,0.0200546946216955
0.0004228490728181352,-0.0119086999669203
-2.2367280823256262e-05,-0.0102113512229874
0.0005695454553425436,-0.0013321492007104
0.001463084710368376,0.0113996200126661
4.486782186657847e-05,0.0039545229856647
0.0012571485289603061,0.0073068893528183
0.0006709434694038515,0.0027952480782669
-0.00659714478874939,0.0750798722044727
0.0001539232932492519,0.0036109773712084
-0.0025086412331130725,0.0252964426877469
-0.003839925302384618,0.048348106365834
0.0017481556945727612,-0.011352885525071
0.00028323757573189183,-0.0038610038610038
-0.00039698148841426457,-0.0044632894443204
0.0014449422429660326,-0.0061748456288592
-0.0022799243368991843,0.0020678246484698
-0.0007808222438914315,-0.0213984327908379
-0.0007436746295953406,-0.0181547619047619
-0.00012482474162309374,-0.024972855591748
0.0008684733825946443,0.0389718076285239
-0.0003533233799242848,0.0273515677118078
-0.000420691480475208,-0.0240357741755171
-0.001963629580719151,-0.0034530386740331
0.0009116177641667812,-0.0103351080488569
0.00021589053144400674,-0.00032
0.00023885404725542455,0.0025090604962365
0.00017209319171794518,-0.0298786181139121
3.84082908911938e-05,0.0100250626566416
-0.00015992322880914743,0.0375449640287769
-5.322484159149478e-05,-0.0047637951568083
0.00038922577033251836,0.0049007596177407
-0.0002743087567336914,0.0223833543505675
-0.0010237956801822648,-0.0148367952522255
-0.0013085383264038143,0.0372765310003804
0.0010986194026097705,0.0187319884726224
-0.0009467371605412707,-0.0027899561578318
0.0017033207984863778,-0.0028427037271005
0.0003100034108292603,0.0167597765363129
-0.0011815798915012867,-0.010351966873706
-9.909972430711603e-05,0.0087301587301586
-0.0007666283328394358,-0.0436420722135007
-0.001153223837931738,-0.0188626126126125
0.0015025277114619688,-0.0007550018875046
-0.00400313911966824,-0.0202734559170201
-0.00043476512030200907,-0.0043834015195791
0.000853670539730365,-0.046643109540636
0.0003598429954392743,0.0136074992440278
-8.622855300131221e-05,0.015307624374448
-0.0017582539936561673,-0.0077035950110052
0.00035858645210804836,0.001233958538993
-0.0012278079583367201,-0.0221722365038559
0.00013384708869554205,-0.0172117039586919
-0.0020801704412997846,-0.0045719035743973
-0.002403459415295663,0.0310296191819462
-0.0002793381116658949,0.0196399345335515
0.00011216660096337684,0.0021001050052503
-0.00012800606377006075,0.0
0.0004922083454445996,-0.0081458494957332
-0.00030278447979746533,0.0090137857900318
-0.0018372263902040273,-0.0133333333333332
-0.001508118335057506,0.0188261351052049
-0.0007938838513309504,-0.0229419703103912
0.0005057460489470077,-0.0151273885350317
-0.00042147470532958355,0.008186126669539
-0.0004450009486263444,0.0317084713677235
0.0009309977828430927,0.0038800705467372
-0.0007818994284586835,0.0426433210957355
-0.00025747889601935355,-0.0085168869309837
0.00107257051048914,0.0262529832935561
0.00045982619762268193,-0.0145150648779414
-0.0005952862098481457,-0.0181124880838893
-0.0009172746707131194,0.0513605442176871
0.001064443008176837,-0.0144005358338915
-0.00022473943121744706,0.0541069100391133
-1.421589107687447e-05,-0.0078354554358473
-1.1933299230185473e-05,0.0015248551387618
0.0003846499858290131,-0.0302114803625377
-0.0002257160754404676,-0.0216006646358349
0.0005247856293376993,0.0186744782131086
-0.0014181091316839644,-0.0041666666666666
0.0008417325197694774,0.003003823047515
0.00045931683295484706,-0.0099104859335039
-0.0005679268595459529,-0.0123413258110014
-7.662300558848694e-05,-0.0036423841059603
-0.00084882519120097,0.0
-0.0003970805373240645,0.0044004400440044
-0.02367943781921923,-0.0623441396508728
0.00023195756563623617,-0.0111324376199615
0.0031201491461621215,-0.0036319612590798
7.633478109296151e-05,-0.0180831826401446
0.001206649098616297,0.0182348650619985
-0.0035625915279314368,0.03515625
-0.0014185634267257496,0.0101694915254237
0.0008351254628134723,0.0016666666666666
0.0008722207730733636,-0.0460329341317364
-0.00487720511179602,0.0076701821668264
0.001011255288774017,0.0052179251074278
0.00014055671787525508,-0.0070852194449911
0.00015283987775922012,-0.0233071638861629
