Predicted Values,Actual Values
0.0001877016984039939,-0.0280373831775699
0.00297726779472704,-0.0037807183364838
0.00046388380582105897,0.0436681222707423
0.0020000773083191075,-0.004149377593361
0.0031909554179969657,0.01015625
-0.0006821577131753064,-0.029082774049217
0.00549805014437786,0.0465657741559953
0.0008629260105621286,0.0240160106737824
0.002388547910624735,0.0279720279720278
-0.0006940162425952726,0.1445623342175065
-0.0010532835296177886,-0.0303951367781155
0.0014408802566053553,0.0245641838351823
0.0014749435695172463,0.0129729729729728
0.002716985636809126,-0.0741079597438243
-0.0006479300353012618,0.0570776255707762
0.003687147090284221,0.0219780219780219
0.0015848561349185667,-0.036914963744232
0.0005046112671056014,-0.0223826714801444
0.0014734553501306777,0.03125
0.0016369112636245694,-0.0018814675446848
0.0020831068973456253,-0.0288248337028825
0.0014988411980969543,-0.094224924012158
-0.0021633968519525334,-0.0903954802259886
-0.0002512595679438469,0.011173184357542
-0.0022665094157827363,0.0067415730337078
-0.0018101375757121829,-0.0508274231678488
0.0016810084868682789,0.0223713646532438
0.0013834719610071628,-0.0165876777251185
0.002623206614334668,-0.027027027027027
0.00010370399708395611,0.0182767624020888
0.0016973283150254295,-0.0145666423889293
-0.003281263225071266,-0.0619902120717781
-0.0008611681142399118,-0.0044876589379206
0.004804051873522729,-0.029315960912052
0.0008041874150405242,0.0121065375302663
0.0018602623830477273,-0.0034883720930232
0.003976162817106753,-0.0177514792899409
0.004303921789989849,0.0598958333333334
5.380764550142023e-05,0.0071574642126789
0.001057658115988702,0.0213746856663872
0.001506907271771866,0.0303331675783192
0.0014027424698815484,0.0048076923076922
0.001134496553010248,-0.0026315789473684
-0.000549549179825141,-0.0355380059230009
0.002657221360729911,-0.0187586206896552
0.0033534145445618855,0.0120772946859903
0.0034598436587654517,-0.0203389830508475
0.0031388233227595797,0.0261348005502062
0.0020913088840793376,0.0063492063492062
0.0028583251826999083,0.043076923076923
0.0017962351190028195,-0.0018691588785046
0.0035386489761782018,-0.0169753086419752
-0.0019848588562125565,-0.0107276119402985
0.0012765797238598658,0.0261627906976743
0.0013209557140228421,0.0107033639143729
0.0005469488962384084,-0.0386473429951691
-0.0009981649101144482,-0.0081784386617099
0.001111751486691504,0.0688073394495412
-0.0010185964010287639,0.0297297297297297
0.0006735296449962781,-0.0289405684754521
0.0012100351588152916,0.0289089213553
0.0023038362747234897,0.0064724919093852
0.0033478915960080172,0.023972602739726
7.924658458815961e-05,-0.0465838509316771
-0.003805514633978972,0.0409356725146198
0.0007292681009937195,0.0159235668789808
0.002509915549719509,-0.0222222222222223
0.0032440207431915797,-0.0057803468208093
0.001082626920930769,0.0130576713819369
0.004784888483450999,0.0341047503045068
0.0009690125784818368,-0.0148270181219109
0.0007440566419729782,-0.0177838577291381
0.0011431883357032435,0.0431309904153354
0.0006516568503934655,-0.0202492211838006
0.0028296672429798725,0.0397022332506203
0.001381397698107283,0.0076660988074957
0.0026357754860413043,-0.0458715596330275
-0.004710138437907836,0.0030549898167005
-0.04158730409513058,0.0497787610619469
0.0007112577099324781,0.019108280254777
0.003316529278963404,0.0804878048780487
0.0033610664217057122,-0.0658978583196046
0.003071208598168627,0.0
0.0006562285741251045,0.0348432055749128
-0.002704677503702741,0.0296803652968037
-0.0001630969070187786,-0.07138304652645
0.0010460368437777028,0.0053705692803437
0.0010188938483516909,0.0047573739295908
-0.00043530283312830033,-0.0106809078771695
0.001050476132930465,-0.0091954022988505
-0.0019923792136002927,0.0233576642335765
0.0003949436478283806,0.0255905511811024
0.00024153676055183254,-0.0065789473684211
0.005300053450939056,-0.0123456790123456
0.002447095345051359,0.0082872928176794
0.0017739732213587864,0.0084745762711865
0.00261726072216379,-0.0288383428107229
0.0008931110706366699,0.0020746887966805
0.0022233148154289506,-0.0006849315068492
0.003292632447304729,-0.0223880597014925
0.00185728118183126,-0.0288753799392097
0.0037172994081311464,-0.0187018701870187
0.002544497971414539,0.0059701492537314
0.001671822481290989,0.0
-3.6857670002521294e-05,0.0157266811279826
-0.0010138955050693935,0.0077922077922077
0.003139012352008352,0.0765217391304347
0.0043075233873337915,0.0091911764705882
0.007117025452564458,-0.0343137254901961
0.0018084418313946617,-0.075925925925926
0.0004149477832604044,-0.0407673860911271
0.009850437612609439,0.0352233676975944
0.004098187209511633,0.0084985835694052
-0.0008956395765573357,0.035049288061336
0.00041622627449320443,0.0084985835694052
0.001955154357823499,-0.0047619047619048
0.0003290603996638265,0.0346970481615744
0.001834297814950139,0.0052083333333333
0.004231508437439928,0.0
0.0016790901535304818,-0.023508137432188
0.0016935513617031468,0.0657276995305163
0.0024746611303928623,-0.0167760758570385
0.00451182073383258,0.0119331742243436
0.002600176231692769,-0.009925558312655
0.002538217728370146,0.0095693779904307
-0.0009597982389637218,-0.0240930490168929
0.0061351018537064055,-0.0255536626916524
0.0027692151827487166,-0.0139211136890952
0.0026687702232365378,0.0022962112514351
0.0016653409896018904,-0.0338624338624337
0.003097952213301349,0.0113636363636364
0.0007779440610621353,0.0385906040268457
0.0022679518650709973,-0.0054347826086957
0.00015088113217867519,0.0045175863181672
-0.0023739300199999893,0.0465686274509805
0.00048300817302937603,0.0027700831024931
-0.0038037972119735223,0.017825311942959
0.001604897983568166,-0.032258064516129
-3.5207729135825925e-05,0.006514657980456
0.004854723579299729,-0.0982142857142856
0.00344500175553204,0.0306603773584906
0.0026587553108316287,-0.0554261760596179
0.001405750652627648,-0.0104011887072808
0.003385262596083325,0.0100334448160535
0.005584990753479867,0.000801282051282
0.001843281603136287,0.0119402985074626
0.003466928329316216,0.0014064697609002
0.0034829414660891007,-0.0081300813008131
0.003716197721071894,0.030112923462986
0.0038304593958845704,0.0225225225225225
-0.0013054051584730408,-0.1224289911851126
-0.0025195578502609263,0.0431893687707642
0.0019649965166309803,0.0575373993095512
0.0008213010228724266,0.0022471910112359
0.0007767580926281232,-0.0052083333333334
0.005941801708145326,-0.0959119496855346
-0.00021991853239892957,-0.0474308300395255
0.0016604433735052675,0.004112405757368
0.002168675758700743,-0.0028490028490028
0.0010702024603716663,-0.0090817356205852
0.0019191239446125828,-0.0135205408216329
-0.000878337469790428,0.0205479452054795
0.00245864035184079,-0.056782334384858
0.001073519242973466,-0.0128205128205128
0.002250386468500078,0.002664298401421
0.0036201527018975385,0.0044345898004433
0.0030880048464032037,0.0029411764705882
0.0037441701252017697,0.0248190279214063
0.0011462501637474376,0.0144927536231884
-0.00029862125201727424,0.0202417767781838
0.0012299749494304978,0.0041436464088397
-0.00441588166696567,-0.1290920321185918
-0.0012336081045602324,0.0186125211505921
0.002621500419287683,0.0152035311427169
-0.0009567479020393982,0.0
0.00019934567202701267,0.0063291139240506
0.003397020465236932,0.0049751243781095
0.0021022284566253754,-0.0244698205546492
0.000560625009921593,0.0102925243770314
0.0029936422852101137,-0.018421052631579
0.003388158136516813,-0.0125495376486129
0.0034640757914077324,0.019047619047619
0.005533247553636891,0.05140758873929
0.0004490747826385831,-0.0323325635103926
0.010354094391439733,0.0129179331306992
-0.0006651632321147767,0.0196649672250545
0.002309688964298892,-0.0064585575888052
0.004633625482542931,0.0061823802163831
-0.002689892635536325,0.0206489675516225
0.002299004913645954,0.0
-0.005204777828256082,0.0432692307692307
0.00391219253635148,0.0146443514644352
0.0006096132105937214,-0.0020576131687243
0.0009468229356755189,0.0116822429906542
0.0019483108541471386,-0.0116279069767442
-0.0017234665534790158,0.0024077046548956
0.0029635036008137704,-0.0075566750629723
0.0021687101529363887,-0.0090090090090089
0.004797495476617003,-0.007328990228013
0.0033470993084990077,-0.018978102189781
0.0010507322939108169,-0.0050251256281405
0.0006588303614870519,0.0303842716711348
0.002837126058669988,0.0137481910274963
0.0023871340487245808,-0.0235803657362849
-0.00011731868459435228,-0.0050251256281405
0.0021781803915670826,0.0294784580498865
-0.001138297538169664,0.0130668716372021
0.0017040725578704064,0.0
0.001376911793047371,0.0029997272975184
0.004207226513484042,-0.0117462803445575
0.002529122490443518,-0.0183673469387754
0.0016331959637129701,0.0231884057971013
0.0009302118507709524,-0.0451306413301662
0.0011698351582463346,0.0382788488404583
0.0016586320609496806,-0.0028735632183906
-0.0026690326064858563,-0.0148148148148148
0.002578307581712295,0.0290556900726392
0.003140505303557766,0.0033333333333333
-0.001429311359736616,0.059773828756058
-1.4689089090884431e-05,-0.0207006369426751
0.0012081973231802164,0.0018939393939394
0.003661240060929878,0.0200501253132833
0.0042356266292575715,-0.005807200929152
0.0026690198045904107,0.0033670033670034
0.0017132643080393585,0.0176405733186328
0.002559561943534191,-0.0185873605947955
0.0003653645474312828,-0.0137614678899082
0.009359886257092245,-0.0746705710102488
0.000980449483225962,0.0142180094786728
0.0024949786462674867,0.0056022408963584
0.003045033171845633,0.0
0.005907320407264723,0.0133555926544241
0.0023728371020210665,0.0192307692307691
-2.1030566187657963e-05,-0.0279017857142857
-2.978547987449523e-05,0.0163666121112929
0.0029400719824433505,0.0017241379310345
0.0033698853845700195,-0.0016722408026756
-0.0005140466910591986,-0.0119047619047618
0.001394369379248009,0.0211764705882352
-0.0018024223670238015,-0.0172143974960875
0.0050336927845933506,-0.0476190476190477
0.0005313930213859859,0.0514342235410485
0.005092833635272089,0.0
-0.00032361078277201127,0.0398671096345514
0.00033398020142180176,0.0
0.0042817919294087245,-0.011379800853485
0.0014361465892552296,0.0082191780821917
0.0021618717526627907,0.052579365079365
0.00030467872556511175,0.0012106537530267
0.0006998070865992089,0.0023696682464453
0.0021243287707327614,-0.0099337748344371
0.003062089092256855,0.0115473441108545
0.0008029435645798839,-0.017632241813602
0.004082408885833365,-0.0268456375838926
-0.0009997225776960837,0.0181818181818181
0.003632147571389117,-0.0156249999999999
0.0009287864392256224,-0.0176180408738548
0.005088366707761527,0.0392313851080864
3.500514094031265e-05,-0.0141129032258066
0.0038273407372916603,0.033810888252149
-1.9234057579206078e-05,0.0071813285457809
0.002135767934872727,-0.0075566750629723
0.006521344856683656,-0.0213197969543146
-0.0005447817089197853,-0.0242941562705188
0.002162466072916854,0.0057273768613974
0.002220304114653796,0.0225056264066016
0.004321657741063093,-0.0052770448548811
-0.0006577285616433347,0.0606060606060605
0.0003370730933071112,0.0188153310104528
0.002606754194688737,0.0333716915995398
0.0010020179232423706,-0.0271546635182998
-0.0003903580812352899,-0.1054945054945054
0.00041908032987704566,0.0072886297376093
0.00520231985683906,-0.0026041666666667
0.0015698344118992328,-0.0012121212121211
0.0007208253987539142,0.0073875083948958
0.00127984631096812,-0.0306957708049113
-0.00026499635550623923,-0.0468497576736672
0.0014166962143538342,0.0
0.0007630253845536292,0.0394962793360046
0.002256744833160942,0.0060362173038229
0.00021314903706800919,0.0144927536231884
0.0034195260466877825,-0.0491803278688523
0.004211009667914733,-0.0174039158810731
0.003930532355880868,-0.0204885736800631
0.0012500765807350674,0.00593471810089
0.001327432076564417,-0.0015232292460016
0.004196067033018927,-0.0126262626262626
0.0037047523011704657,0.023102310231023
0.005114770334297183,-0.0190133607399793
0.003552309164652845,-0.0319999999999999
0.0018035811096838812,0.0015873015873016
0.0014403899785522631,0.0034129692832764
0.0013200828773370825,0.016025641025641
0.0010457076147863576,-0.0282331511839709
0.002710264977535854,0.0018518518518518
-0.0007162686889474136,0.0295790671217291
0.00034740234344940945,0.0317124735729386
0.004879898679018789,0.0184804928131416
-0.0030510795221944612,0.0423645320197044
0.0018085027315374801,0.0313390313390313
0.000356746449158112,0.0094876660341555
0.002715488853054706,0.0154905335628226
0.004950043027326638,0.0197368421052632
0.0021134542438716636,0.0140745953553835
0.0015799106465011863,-0.0164609053497943
0.003960009221073945,-0.0114649681528663
-0.001090101251635496,0.0345637583892617
0.0033649423100023815,0.0508474576271187
-0.00042008369534690085,0.0311986863711001
-0.00038554486921137175,0.0197044334975368
0.002304666818002933,-0.0305164319248827
0.001407826236345664,0.0321839080459769
0.00301382748697954,0.0158013544018059
0.0022538953677760576,-0.0122137404580152
-0.00036392461187204875,-0.0520547945205479
0.0018752000048320317,0.0406698564593302
0.0022021987341577457,-0.0023041474654378
0.002522456945915833,-0.0079002079002079
0.0015923247089485453,0.0150659133709979
0.0017211612091739292,-0.0090909090909091
0.0015459974773609638,-0.0189228529839883
0.0024236525712930217,-0.041025641025641
0.002842955147039857,0.0049382716049382
0.002011190116609858,0.0227765726681127
0.0018457725274074303,-0.0027548209366389
0.0028555968314044724,0.0056980056980055
-0.006420266108749216,-0.06343792633015
-0.00028649054405989927,0.0218132242672121
0.002497650481361133,0.0064724919093852
0.0025117362946638203,-0.0329489291598023
0.005348619849021843,-0.0036413290851159
0.004304661523013481,-0.0155793573515093
0.001678267370198328,-0.0324044069993519
0.0007281714929572572,-0.0093457943925233
0.0027652597401178554,0.0054545454545454
0.0016687893525508465,0.0117647058823529
0.0016653599828020539,-0.0276923076923076
0.0007558154003240256,-0.0425867507886434
0.0020431077315617155,-0.0080332409972298
0.003540985906288809,0.0060281312793034
0.0038414279733004347,0.0163522012578616
0.002793570227656658,0.0211678832116788
0.0009369681529627193,-0.0604914933837429
0.000386961985558802,-0.0048476454293629
0.00232590917898886,-0.0083798882681563
0.0032027095240679884,-0.0195381882770869
0.0024438415835023267,0.0103926096997691
0.0018420738017494672,0.0068634179821551
0.001413998195190894,-0.0275229357798165
0.002374436330360132,0.0314569536423841
0.001880189959198225,0.0250783699059562
0.0028606936343409223,0.0095419847328244
-0.002121846154170829,-0.0449678800856531
0.0023914779647801034,0.0074866310160428
0.005995853270557113,-0.045822102425876
0.0016075855277457272,0.0
0.000619999919931416,-0.0120300751879699
0.0029887698243083695,-0.0389972144846796
-0.0025780348644474085,0.0257234726688101
0.001900637222658679,-0.0063091482649842
-0.004367685324383074,-0.013953488372093
0.0027332800986003616,0.0055928411633109
0.0029437355042535316,0.0023255813953488
0.002215563873244206,-0.0024112986565621
-0.0021710390040464546,0.0323325635103927
0.004545591232552855,-0.0090415913200723
0.0010606614058744838,-0.004654255319149
0.003497814045486468,-0.017825311942959
-0.0013070347972552068,0.0393120393120391
-0.005010969156827603,-0.0459501557632399
-8.992161020065842e-05,0.0162954915806626
-0.0005195064552870837,-0.0618256051326917
-0.00045878333003330335,0.0492021276595744
0.0016869685774943308,0.0227995758218452
0.002025316811963323,-0.0153846153846154
0.003907221401463859,-0.0085836909871244
0.004172217722810439,0.0189366351056081
0.0035276184928172047,-0.0018761726078798
0.0015509380372699588,-0.0083102493074793
-0.0003013844451055876,-0.0054171180931744
0.0012725184613897088,0.0554561717352415
0.0009549375882658795,0.0097087378640776
0.004166394512037047,0.035010940919037
0.0008612939286750639,0.0013315579227697
0.0034597335738826345,0.0297766749379652
0.00262003676078437,0.0111576011157601
0.0023998138188280047,-0.0142857142857142
0.000714847465934428,-0.0153417015341702
-0.0012891973993264464,0.0448916408668731
0.0020744738973678604,0.0170731707317073
-0.00041896736186918253,-0.0173812282734646
0.0036620352469461095,0.0318840579710145
-0.002254109387563258,0.0166666666666666
0.0003605512411620907,0.0099999999999999
-0.0005019177032030279,0.0297619047619047
0.002011402795519,0.0
-0.013596989788300214,0.1932655208698701
0.00047813147122404147,0.0066666666666666
-0.00039844374541375314,0.014018691588785
0.0016383290295262339,0.000756715853197
0.0008113725929513744,0.0068078668683812
0.0036471465743882704,0.0407124681933842
0.0019412656187320974,0.0391752577319587
-0.004622184436674973,-0.0801850424055513
0.0029696866325609403,-0.0373665480427046
0.0025899636742290136,0.0015151515151514
0.0001422833482782825,0.005
0.0005494642611474866,-0.0049019607843137
0.0022151621325511147,0.0118409923879334
0.00455423447573937,0.0232067510548523
0.0003617700396821618,0.0409982174688056
0.002856657506197585,0.0055210489993097
0.002358680205340215,-0.0194986072423397
-0.004720121979966799,-0.1523809523809524
0.001395511542623408,-0.0046511627906977
0.0028975118625723367,0.023109243697479
0.0010436843325775168,0.0192837465564739
0.0015469171481579346,-0.0141643059490085
0.0017757351463199924,0.0023419203747071
0.0004903118531134067,-0.0190995907230558
-0.00044715476923160523,0.0402985074626865
0.004897463019256004,-0.0081466395112016
0.001193318842246021,0.0196292257360959
0.002597226172612763,-0.0289017341040462
0.0011672194016777795,-0.0564102564102564
-0.000591584355221265,0.0147420147420146
0.0019988340364307843,0.014
0.0019063279546716523,0.0030717676626639
0.0017689676628195616,0.0205058099794941
0.0022476783638792717,0.0161197466896949
0.0019750534981460934,-0.0054945054945053
0.0010789847010806474,0.0131396957123098
0.0004257829976185726,0.0157992565055762
0.0017931743825648032,0.017651573292402
0.0022381871692574657,0.0081081081081081
0.0007048979549203376,-0.0207361327112493
7.070026369328242e-05,-0.0246085011185682
0.0016513995895834806,0.0141509433962264
-0.0002546985679861746,0.0168954593453008
0.0007064528556842791,-0.0009372071227742
0.00190062890932536,0.0125687352710134
-0.00033500579931114243,-0.0065466448445171
0.0006191224078904497,0.0
0.001674602270984196,0.0366906474820143
-0.0009875430200349765,-0.0394588500563697
0.0014140275890976348,-0.0072115384615385
0.0024209659863127964,0.0048409405255879
0.0015747974937319453,-0.0023419203747072
0.003560853041779253,0.013840830449827
0.001305223067204282,0.0263157894736842
-0.00157110539704727,-0.0245310245310245
0.0024776579073380587,-0.0166666666666667
0.00592687140206952,-0.0287150035893754
0.004975183242938435,0.0217391304347824
0.0013610845557613215,0.0027624309392263
0.0009623697113825632,-0.0021390374331551
-0.0174276745321759,-0.0236382322713257
0.0023311501796637276,0.0087145969498911
0.004666485482827578,0.0287769784172662
-0.003890110462197202,0.0470446320868515
0.004036448123736213,-0.0282637954239569
0.0008602055861893543,-0.0385964912280702
0.003867795260069534,-0.0049875311720698
0.0037945576776451766,-0.0131004366812228
0.0019800376309677963,-0.0038759689922482
0.007691637213085896,-0.1011235955056179
0.00816468550343996,0.0496987951807229
0.0018179474590573402,-0.0054945054945055
0.00127069954349465,0.0193236714975846
0.0007631923963498651,0.015748031496063
0.0027139456283688246,0.0158013544018059
0.0035472633522240817,-0.0129682997118156
0.0024248724741733245,0.0
9.237956152513094e-05,0.0129589632829373
0.0004824225483466987,0.0122596823627752
-0.0006134590861883681,0.0124688279301745
0.0007861779461012822,-0.021172638436482
0.0019796294749305997,0.0075566750629722
0.0017965044475789728,0.0018796992481201
0.0015615803148750049,-0.0668380462724936
0.0028354249182235298,0.0503355704697986
0.003088189450392305,0.0918220946915352
-0.0015956061707878796,0.0075757575757575
0.0015365595303767276,-0.0283870967741935
0.0006577603076197071,0.0073170731707316
0.0025066174013142423,-0.0055248618784531
0.0036634321744323543,0.0115942028985506
-0.002562672099688729,0.0095389507154212
0.0013786889664858827,-0.0297188755020079
0.0005895044163682969,-0.001182499014584
0.00014332099578519882,-0.0476190476190476
0.0048807919529361655,0.0220883534136546
0.0037664200502056594,-0.022680412371134
-0.0014528926649294554,0.0495867768595042
-0.0007640700776663193,0.0446601941747572
-0.0019304511079625529,0.0335570469798658
0.0018564255050872221,-0.0546318289786224
0.0018672861390211083,0.0208333333333332
0.0022844688693948022,0.0352260778128286
-0.002491169380695534,0.0272108843537414
0.001216140251084762,0.0043196544276458
0.0014838991123487574,-0.0048899755501221
0.0020632211271544394,-0.0144927536231884
-0.0007407147714842261,-0.020356234096692
0.0035256994389339024,-0.0302702702702702
0.0010767271203879615,-0.0033783783783784
0.00226243067680357,0.0168067226890755
0.0015344896859270203,0.0194444444444445
0.0035517999166478137,0.0127877237851662
0.0019254534809234325,-0.0121396054628226
0.000486954376419635,0.0047483380816714
0.002214953425386806,-0.0052891396332863
0.003940931369367793,0.0136986301369863
0.0003838270193133686,0.0226824457593688
0.00368534485555916,0.0
0.0015640403778945425,-0.0939597315436241
0.0013390750967933393,0.0095923261390886
0.0023692896644513586,-0.1118881118881119
0.0042990708683253815,-0.0225409836065572
0.003219547810611136,-0.0165593376264949
0.0011478395659146267,-0.0250463821892393
0.002637849199135732,-0.0111548556430446
-0.0015171060919031856,0.0167364016736402
0.0035644677255966795,-0.031698113207547
0.00451685994290632,0.0518987341772152
0.003146924541024502,-0.0486322188449847
0.0020302300233953916,-0.0198863636363637
0.0010397403675410644,-0.0074829931972788
0.00810836662082464,-0.0701262272089761
0.0033063405760464133,-0.0091364574123195
0.0038854988746213157,0.0267538644470868
0.0011763177975583452,-0.0191780821917809
0.0011447193933450262,0.0229591836734693
0.004079969101919214,0.0527704485488126
0.002612983164323062,0.0038035961272476
0.001105163048245062,0.0140148392415498
0.003250886990893806,0.0212765957446807
0.0018437441174138315,-0.055036344755971
-0.0011594314187839867,0.0304832713754646
0.002248978826022902,-0.000702740688686
0.0041277865131632814,0.0038419319429199
0.003152091845968715,0.0066666666666666
-0.002983307861667549,0.0572429906542056
0.002110152540469334,0.0
-0.000998140309359663,0.0030487804878049
0.001259432399823701,0.0066577896138482
0.0033381003771403807,-0.0014781966001479
0.002145444435074071,0.0644391408114559
0.0006843381149396334,0.0200668896321069
-0.0017723336113676309,0.0170731707317073
0.0058427796193269805,-0.0111287758346581
0.0009966909728209052,0.0055210489993097
0.0020074015755240067,-0.0414578587699316
0.0002457866154629987,-0.0214797136038186
0.0007528647655561541,0.0130278526504941
0.001948388883784966,0.010204081632653
0.003260458217767554,-0.0204081632653061
0.00011069568368374206,-0.0897959183673469
0.0032794272853087086,-0.0153846153846153
0.002180398205150327,0.0123203285420943
0.0021346266839947113,-0.018796992481203
0.002793745124349583,-0.0121065375302663
0.003140135606498058,-0.0574018126888217
0.0033908848608299887,0.0
0.008155009622355876,0.015031196823596
-0.003575878959217054,0.0291021671826626
0.003351875954062814,0.017199017199017
0.002619805891423286,0.0506478209658421
0.0023566647305146167,0.0296803652968037
0.0021833961485009847,-0.0051948051948052
0.004388207194096334,-0.0601626016260163
-0.0004445772898555029,0.0210116731517509
0.001515784163362741,-0.0175175175175175
0.0043893525737905255,0.052093023255814
0.0024308935472990845,-0.0158311345646438
0.0018779458798165749,0.0188600167644593
0.001593459953361283,0.0087664370695053
0.009611668514084834,-0.0100806451612902
0.003445757651560092,0.0161943319838056
0.0022743884493502302,0.0060491493383743
0.0055990766827545444,-0.0520094562647753
-0.0015888685925455304,-0.0031007751937985
0.06145824856672726,-0.0210526315789473
0.005267631637576023,0.0415913200723328
0.002263187441629266,0.0219435736677116
0.0003292197423338276,0.052991452991453
0.0010884639328641397,0.0140515222482434
-0.00028961243093434904,0.0507080858839652
0.0004175284217572317,0.0
0.0022395457021417344,0.0046082949308757
0.001122184460961065,-0.021341463414634
0.0024409519325737494,0.0104477611940298
-0.0006539018985723727,0.0390070921985816
0.000800615840060477,-0.0068493150684931
0.001924592545296135,0.014647137150466
-0.003330942768912817,-0.0822510822510822
0.0003202938431068967,0.0128205128205129
0.00273039468644552,-0.0079295154185022
0.0033281224824271644,0.0184426229508197
0.0013247796990599981,0.0300925925925925
-0.00048100872499488964,0.0280065897858318
0.0021839894827488846,-0.0248796147672552
-0.0006450382139379836,-0.0470588235294118
0.002666149572714401,0.0065123010130246
0.0032948801463993935,0.0109409190371991
0.0037821358671578983,-0.0259117082533589
0.0016564651896723726,-0.0116391852570318
0.0020736146272891456,0.0444444444444444
0.0022368637940939616,0.0225352112676055
0.00990677313421406,0.0091877986034546
0.00345971312961277,-0.0211009174311926
0.002343882118701286,-0.0088235294117646
0.002499522950140092,0.0032154340836012
-0.0007965978798209225,0.0021881838074397
0.0034365083324195823,0.0153452685421995
-0.0035357801192858205,-0.0239651416122004
0.0015301179907636782,0.0259965337954939
0.0016456582372794404,0.0134357005758156
0.0012873641721013278,0.0311804008908685
0.00031567503123496586,0.0110041265474553
0.0032420875388465683,0.0015552099533438
0.0012695505246027282,0.0138888888888888
0.0026847771960425877,0.0175953079178886
-0.0013492288011427835,0.0212290502793297
0.0019532574100784256,-0.1381957773512476
-0.0036664562679490894,-0.0207774798927614
0.0014975372796819013,-0.0166666666666667
-5.661187861150281e-05,-0.0391459074733095
0.0007470675635352787,0.0043336944745394
0.0006720786626077341,-0.013940139401394
0.0014831152376854895,-0.0094648707681105
-0.0014303858515974396,0.0393939393939393
0.0026220303400554,-0.0115511551155115
0.0028825028733366373,-0.0384615384615384
-0.0005865228252420263,-0.0288350634371395
0.0019160963994050248,-0.012589928057554
-0.0005496720170721353,0.0
-0.00020324127503568113,0.0112359550561797
0.0007443682562040962,0.004712535344015
0.0010132802687475575,0.0431999999999999
0.0027938951318032413,-0.0041322314049585
0.005170944356213903,0.0064068339562199
0.001618516724247088,-0.0157835400225479
0.0001793622417151212,0.0087527352297592
0.0003087784452057399,0.0079681274900398
0.000567086532456161,0.0374209860935524
-0.001578089559303771,0.0256821829855536
0.0014502316764017048,0.0026455026455026
0.0032693253335244667,0.0033641715727501
0.0009480799554753398,0.0183418928833455
0.0031167129484264092,0.0240963855421686
8.429439052165988e-05,-0.0157068062827224
0.0016169458800428013,-0.0318725099601593
0.0010180624295360314,-0.0111761575306013
-0.0018823652484581774,0.0244360902255638
0.0009127061805934651,-0.0514018691588784
0.003150669693100499,-0.0095419847328244
0.0023553323870413173,0.0421348314606741
0.002367789715993518,0.0258764607679466
0.0001992623455558673,0.028735632183908
4.3199872645941894e-05,-0.0074999999999999
0.006241665513223649,0.0104790419161676
0.0028106052762401114,0.0734177215189873
0.0010647588614880197,0.0186625194401244
0.0018289438148601728,-0.0093023255813953
0.003182355802133514,0.0232018561484918
0.0022918123702037503,-0.0221465076660988
0.0014626680077583516,-0.0119617224880382
0.002088522530815047,-0.001953125
0.0011931948700752524,0.0142517814726841
0.002734011060853316,0.0
-0.0009217270786382595,0.0190217391304348
0.002571561930343745,-0.0020646937370957
6.529301047430687e-05,-0.0182309250506413
0.004940463732721345,-0.088235294117647
0.0012986539319400172,-0.0159235668789808
0.0014112724644690965,-0.1009708737864078
4.323588892793991e-06,0.0570979570455736
0.00019836035348919328,-0.0232558139534882
0.0021049732892062358,0.0
-0.002243630192780596,0.0538194444444444
0.00037400599795041583,0.0547619047619048
0.0016941048995549903,-0.0023696682464455
0.0016752431818719332,0.0055555555555556
-0.004418166075341548,0.011965811965812
0.0016628701897235412,0.025830258302583
0.0029574623237293633,-0.0362116991643454
0.004948333304140184,-0.0362459546925565
0.0018085164555409763,0.0096153846153845
0.002271006547352107,-0.01840490797546
-0.0015416352583987796,0.0007794232268121
0.004015305473869121,-0.062363238512035
0.0026910887289705735,-0.0214285714285714
0.0018698364831798422,-0.0005408328826392
0.004223443863834715,0.0050505050505049
-0.0002982939180214224,-0.0130434782608696
0.0039025893114935616,0.023193577163247
0.00023316432327292352,-0.0060406370126303
-3.095409344643519e-05,0.027027027027027
0.0026035444724806277,0.085391672547636
-0.0010088883074271715,0.2327790973871733
0.003225536219945613,0.0099923136049193
0.0036699460711961786,0.0124688279301745
0.002815550328545698,0.0308123249299718
0.00038959295116509874,0.0030581039755349
0.0010965813065523587,-0.0100959111559818
0.0005861379102631464,-0.0306603773584905
0.0026851093678169477,-0.0052505966587111
0.0010118496974287905,0.0397022332506203
0.003453566929350915,0.0
0.004383351403533867,-0.0032786885245902
0.003673149961752536,-0.0057142857142857
0.001517742014242878,-0.0090497737556562
0.000725483998741876,0.0403749098774334
0.0035810169549683486,0.0130226182316654
0.0017076870519611106,-0.0043478260869564
0.0016788403412079172,-0.0140449438202247
0.0028688544163230755,0.0005434782608695
0.0017427295928224497,0.0097765363128492
0.0015328723626754105,0.0023320895522388
0.0019022391092158057,0.0022321428571428
0.005579811844662193,-0.003960396039604
0.002993450074678573,-0.0019714144898965
0.0041911181844115665,-0.0182119205298013
0.0016635754108471448,0.0302114803625377
-0.004513069614068174,-0.0806722689075631
0.0017841253472852638,-0.0266370699223084
0.002186415765065649,-0.0193050193050193
0.00012503241807886576,-0.0077903682719546
0.00044199543497843493,0.0067567567567568
0.0028622306041342317,0.0472797927461138
0.002561589512486882,0.079668049792531
0.0021564233515676086,0.0031446540880503
0.001692689142947929,-0.0056818181818182
0.0028218542659451742,-0.0467914438502673
0.0012785818070793708,0.0336363636363636
0.000367158871076152,-0.0199203187250996
0.003086483290899199,-0.0227272727272728
0.003212127544736988,0.0418994413407821
0.00025867981648545883,0.0232300884955751
0.005637182300715301,0.0106382978723404
0.001470493252933719,-0.035830618892508
0.00042467549654340384,-0.0181268882175227
0.0024311166666569936,0.0284396617986165
7.582237203129522e-05,-0.0031897926634768
0.0008705484460552007,0.0431654676258992
0.0027459829088876883,0.0028901734104046
0.0007836365035141543,0.007017543859649
0.001932064458711678,0.0177453027139875
0.0015384975308659035,0.0182149362477231
0.003349429809062854,0.0208078335373316
-0.00022621012349597768,0.0051880674448768
0.00048426035720285847,-0.0057172557172556
0.0033888346420299035,0.0043383947939262
0.0009332404128333292,-0.0306946688206785
0.0036195446861059183,-0.0084033613445378
0.00180734684269803,0.0045351473922901
-0.0021142594795117813,0.0711346266901822
0.0022386618927122486,-0.009501187648456
0.0018069207217415162,0.0
0.0030088926221286507,0.003731343283582
-0.0016808334632957363,0.012292118582791
0.005173508389993055,-0.1006160164271046
0.005030931229252577,-0.0434027777777777
0.004590494477591022,-0.0467032967032965
0.001838139517071128,0.001082251082251
-0.0038282751932254017,0.0521662245800176
0.003620222579762731,0.0398322851153039
0.0037505876216374556,0.1210443037974682
0.0017093696017815348,-0.0074626865671641
0.001848080247370746,0.0084033613445377
-0.0005401988626659918,0.017725258493353
0.0031311947721002834,-0.0242677824267782
0.0007743903595383196,-0.0141843971631206
0.0015121825418277488,0.0298295454545454
-0.0003987795229795485,-0.0072727272727272
0.0002817381452508048,0.0302419354838709
0.004447244434571474,0.0269058295964125
0.0030036644862410583,-0.0359116022099448
0.002431301608474103,0.0886075949367088
0.0021610951204769427,-0.0041039671682625
-0.0007676328239339684,0.0554216867469878
-6.607116540100736e-05,0.0096463022508037
0.0020546277812021506,0.1111111111111111
0.0026532850237094775,0.0
0.002100137257586767,0.0072463768115942
-0.009224771249687479,-0.165463917525773
0.0017406290433816896,0.0106100795755967
0.002355943246558186,-0.0154738878143134
0.0008264106677052665,-0.0044444444444445
-0.004155919460982085,0.0092024539877299
0.002483857073920054,-0.0187224669603524
0.003345677079652455,-0.011070110701107
0.0019388835441474762,-0.0094117647058823
0.0020879414502442523,-0.019370460048426
0.0004065149182714107,0.0180831826401446
0.0026656111718517976,-0.0088397790055248
0.0020934780797415074,0.0350515463917526
0.001079948783885989,0.0022075055187638
0.0030129720320187436,0.0
0.001666223898266914,0.0009063444108761
0.0033785373513340513,-0.0007849293563579
0.002914186722248148,0.0238805970149252
-0.0007214121834804648,-0.0107485604606526
0.0006798550006560759,0.0296052631578948
0.0010657926063401702,0.0075357950263752
0.003776975481608884,0.0081743869209808
0.0029186844818349152,-0.0216095380029804
7.799514917405047e-05,-0.0670202507232401
0.002313264009851989,-0.0397672162948593
0.0041219763575878875,-0.0254470426409903
0.0020495160986505924,0.0174603174603175
0.0015301469756464636,-0.0110132158590308
0.0011063732545669846,-0.0498960498960497
0.0007469485822985659,0.0177165354330709
0.002033593238285685,0.0027624309392263
0.0025341990202555663,-0.0161812297734627
0.005834640467420218,-0.0466744457409568
0.004575545262865323,0.0300842358604091
0.0026858203192881916,0.0031347962382445
0.003754434756468336,-0.0316072629455278
-0.0017754758266484295,0.0241666666666665
2.7707984519938092e-05,0.0326961770623742
0.004203556855542245,0.0652173913043478
0.003624664673110974,0.0013495276653171
0.0035212095244627904,0.0072289156626505
0.00302042488319008,0.0109890109890109
-0.00039641387576928194,-0.0353075170842824
0.002210449318527809,0.0134378499440089
-0.001251882459378406,-0.0205655526992289
-0.002689316426798473,-0.1607843137254902
0.0029602009666330215,0.0149812734082397
0.0011030461067206515,-0.0754716981132076
0.008579369057167963,-0.0051020408163264
0.0026684217683538747,0.0141643059490085
-0.0005747189031777226,-0.0145985401459854
0.00380831113143237,-0.0405117270788912
0.002206252313136696,-0.0140056022408963
0.0017228411799424532,-0.0084745762711863
0.0020816357926184484,0.0206611570247935
0.0004984809206172633,0.0303030303030303
0.0027649489463436407,0.0412541254125412
0.0038646672499456193,-0.007502679528403
0.0016159319795444318,0.0190114068441064
9.048324548059238e-05,-0.0344361917623227
0.0011808099137184396,0.0098765432098765
0.001398553257332363,0.007915567282322
0.0021212772618883487,0.0365448504983389
0.0022021114695106813,0.0104529616724738
0.0013740440564854277,0.0176322418136019
0.0013546328019669132,-0.0078277886497064
0.001593235946418531,0.0170454545454546
