Predicted Values,Actual Values
-0.01755865596130905,0.0177317056536861
0.030668668695670403,0.0113122171945701
-0.15174991141897895,0.0203116304952699
0.2577173731165044,-0.0317948717948717
0.33026372500815604,-0.0326809453471195
0.10397009306471627,-0.0050942822384428
-0.05513952366703404,-0.0084257206208426
-0.04257269705610668,0.0150204824761038
-0.0267471310575699,0.0066666666666667
0.053515900550423316,0.0285623611551888
0.11990567647383212,0.0021733880705143
-0.04734352696497407,-0.0038827771101045
-0.26380629414843315,-0.0458111076247253
-0.11423505957674647,0.0012967365463583
0.2801272114772338,0.0020588235294117
0.007179713146363906,-0.0090791180285342
0.276013088713501,0.0091631032376298
0.1768040603155129,0.0080309339678762
0.14494708340886292,0.0477770404777705
0.11053253453285346,-0.0406496688140821
0.20377624517114762,0.0324877168354558
-0.15841732178040768,-0.0473272046305753
0.21931229845126315,-0.0273010920436816
0.04662109610316053,-0.0253002108350904
0.11859449457807633,-0.0204712566844919
0.865845175208444,0.0013919268244184
-0.02245683132969798,-0.0055116663604629
0.07855115115569722,9.137426900576484e-05
-0.13041571810353242,0.0526017029328286
0.13795244669450654,-0.0035344015080113
0.2850480098488375,0.0085850556438791
0.0193025888673501,-0.0100286532951289
-0.07412626797262778,0.0365120936681558
0.1445900290926128,-0.0135458763658136
0.12219376183440406,0.0510114335971855
-0.11689794312341646,-0.1109785202863961
0.06541080765312088,-0.0303254437869822
-0.04107175651739467,0.015028901734104
0.1740945623400892,0.0187406296851574
0.04615751228635325,0.0166666666666667
0.00530140575456846,-0.0126751167444963
-0.2605873858507581,0.0032113037893384
-0.06938401770907322,-0.0005149330587024
-0.24710975868148144,0.0397111913357401
0.015611356071551008,-0.0070202808112323
0.03820857257390676,0.0033715441672285
-0.09644100418295001,0.0487305487305488
0.35814525102737527,-0.0710616438356164
-0.037812266059864486,-0.0163542815141493
0.05692782227522668,-0.0537414965986394
-0.39814237609782405,-0.0041699761715647
0.6116123020841928,0.0927634774162214
-0.050331389397095624,-0.0159281192566877
-0.08184721150609972,-0.0022779043280182
0.03304964703095167,-0.0031980811513092
-0.11726215770592519,0.0330722367275891
-0.07802073549691221,0.0216557635912474
0.018886265945224086,-0.0067073170731707
-0.17556281788177097,-0.06163708086785
0.14736678177845708,0.0260380014074596
-0.34897923651209567,0.0487288135593221
-0.3703825706950189,-0.0034414945919371
-0.09670151778980811,-0.0335235378031383
0.03550544764197681,0.0449601160261057
-0.16727120544188281,0.0661284781861903
-0.17703397452140213,0.0142140468227425
0.0024953000521906184,-0.00662855248985
-0.13714593392900362,0.0317226115824417
0.3249411587201118,-0.0058479532163743
0.07527291618820273,-0.0163072536089823
0.09059836336964476,-0.0006020469596628
0.010752091984939195,-0.0175802097067872
-0.07674743163274796,0.007
-0.14926687959259213,-0.0220287422637155
0.17387061955588431,-0.0044179792547062
-0.018206754002180976,0.0306822769479209
-0.025951323090315802,0.0289615225486139
-0.017263097769521056,0.0159668835008871
-0.12001113218192033,-0.0291216533583843
-0.1676433429730659,-0.0318852985234325
-0.0137033592673753,-0.0474254742547425
0.04203679700478116,-0.0025
-0.14058915041708384,0.0009205020920501
0.006704362851106338,-0.0116731517509727
-0.18047080343710667,0.0591397849462366
0.30935481060693065,0.0323415265200517
-0.0401512558369776,0.027793218454697
0.18417447844056303,0.0105610561056105
-0.07953544193284456,0.027931335466977
0.1269492887129009,-0.0413436692506459
0.021335670266319315,-0.0001716443529008
-0.007499365596062356,-0.0073376211613372
-0.003433335555090263,-0.0072405470635558
-0.08055855277817635,0.054728756601056
-0.024177442979087332,0.041942604856512
-0.055102245885039244,-0.0609318996415771
-0.3310617037429088,0.0214007782101167
0.09983003745742343,-0.0111482720178372
0.11610371219562747,-0.003123779773526
0.007453576227645074,-0.0024732069249793
-0.007966970213096322,0.0448398576512456
-0.1142645961019218,0.0586804992705463
-0.1410097833291944,0.0028409090909089
0.0802455566011543,0.1477272727272727
-0.0031960934898303877,-0.0070906432748538
-0.17357098527697867,0.001757240481614
-0.42977645218821464,-0.0678455431252255
0.04138082593581844,-0.0301873698820263
0.3875797321712851,-0.04143620511859
-0.05576703748209731,-0.0367912278170538
-0.007132676869939627,-0.0069295101553165
0.16357484396755606,0.0334928229665073
-0.1887043229537332,0.0318725099601593
-0.1782269017923404,-0.0916473317865429
-0.05383849245712217,0.0433918516064922
-0.09509743415099031,-0.1665768194070081
0.11760636715101656,-0.0273556231003039
-0.1394062242359913,-0.0842223469960696
-0.2149201220535177,-0.0221799746514575
-0.0596513793295639,0.0164415736934819
0.06286669114017701,-0.0202875540266384
0.19165545364318679,0.0040439052570769
0.0706198434792006,0.0042806183115339
0.22400962060640803,0.0361223737559897
0.15257132588757483,0.0433044636908727
-0.03953764412150832,0.007526178010471
0.1899030940558833,0.0014566642388928
-0.0600187483325753,0.0296456977584959
-0.1517181350851303,0.0129709697344039
0.11011271718270511,0.0379562043795619
-0.020687240073827277,0.0071868583162216
-0.024182008334111757,0.021455938697318
-0.26691330705712607,-0.0089086859688195
0.031040125960248608,-0.043069873997709
0.07579360677255274,0.0625442530092046
-0.0512724806321263,-0.0147939415287072
-0.030974039848355537,-0.0108416228903543
0.05059912326675524,-0.0406486941870261
0.15437118379844905,-0.0473843821076573
-0.059978538746302705,0.0354631927212571
0.1150141978176101,0.0344047080126753
-0.22718295937709582,-0.0238828967642527
0.11576123435140831,0.0572556762092793
0.1536902474615011,-0.0013137727173198
-0.029968043617665464,0.0017709563164107
0.050589259061418236,0.0526048714479024
0.17106842084699567,0.0084210526315789
0.00057707632065493,0.0059540686135526
-0.33210275424672325,-0.0470377019748654
-0.1180239002699794,-0.003790016934118
0.23311390240746296,0.0304090419806244
-0.008284404594659876,0.033492822966507
0.5127580896644535,-0.0245283018867924
0.03774195517562909,-0.0119496855345912
-0.002164591213303216,-0.0374558303886926
0.024200799242955744,0.0113571834185122
-0.04721796374729359,0.0307692307692308
-0.0029734517759728886,0.0167306977320609
0.35026033712200844,-0.0256930358350237
0.08331606648020796,0.0289645184648805
-0.07503970028939108,-0.0005737234652898
0.1505683767452661,-0.0052944454764999
0.08877813594047534,-0.005068790731354
0.26123554986939024,0.0523601745339151
0.28660416735008143,0.0049693747833122
-0.16800424091009303,0.0623620309050773
-0.024807493056551968,-0.0066191446028514
-0.045362496012927585,0.0068482727134378
-0.13597072793561038,-0.0022688598979011
-0.05471796407995759,0.0150554675118858
0.005547021141349354,0.022132968723295
0.09345587268964035,0.0118289353958143
0.08232026635461026,-0.0547179231153269
-0.107219917924935,-0.0666666666666666
0.013677009410845486,0.0124539877300613
-0.03189342759931042,-0.005889281507656
0.06266089402507483,0.0146163215590743
-0.22533900299273152,-0.0108597285067873
0.05828453626990616,-0.0163487738419618
0.029025104153811626,-0.02073732718894
0.0520872220457395,0.0347233899445098
-0.12797798877050998,-0.0245872431405154
0.13078719083985849,-0.0904317386231038
0.14691705814262385,-0.0461079468402495
0.061574889934689445,0.0286885245901639
-0.029798522586744727,-0.0083908127711014
-0.1768651866234765,0.0328343795267987
0.08776606523817695,-0.0032119914346895
0.1375734415222543,0.0031133250311332
0.15142049641705302,0.0378096479791393
0.23359945430249834,-0.0034863451481696
-0.22534215304408806,0.0400882324733863
0.5539700734016993,0.0364625850340135
-0.11666997669973811,0.0418404752875742
-0.008014311140270992,0.0514861995753714
0.3280676829469048,-0.0198547215496367
-0.07012226714608319,0.0006629101756711
-0.44197258079662327,-0.0510299625468165
0.11742144571320536,0.0521711965010933
0.08101968004489683,-0.0172966047405508
0.07304934772539472,0.0507397658164653
0.018738335029809323,-0.0039411853872972
0.013178074981644913,0.0144512122297862
-0.3166089697250799,0.0154302670623145
-0.18147489917992432,0.0248447204968944
-0.07726240128679333,-0.0457983193277311
0.3476332022856102,-0.014264264264264
0.04612177293908723,0.0205198358413132
-0.03825410031833396,0.0036845983787767
-0.0027570325431191794,0.0246554631621793
-0.059375834497408575,0.0076238881829732
0.21562509716454253,0.0131195335276968
-0.227695840106757,0.0469068660774982
-0.10501489030867295,0.0236941303177167
0.09281667488863712,0.0277036472232813
0.5190661277180226,0.0485668789808917
0.06429591759846967,0.0094242631939684
0.16427340985432565,0.0179786200194362
0.032586682104591425,-0.005511811023622
-0.2674435555694342,-0.0081993062125513
0.05087523649708457,-0.0181451612903226
0.08420685100451922,-0.0300462249614792
0.06329520375806359,-0.0566382460414128
0.06756415897077848,0.012167300380228
0.09511445687709941,0.0070075757575757
0.04382408558404339,0.0030395136778115
0.025899936915929025,-0.0072202166064982
1.1689476110066108,-0.0154264972776769
0.30788254112553043,0.0181405895691608
0.21983202043745423,-0.0064331665475339
0.025451444768413396,0.0062893081761005
0.2666966266123149,-0.0373892171344165
-0.2081118804683772,0.0222342733188719
-0.07384534579174487,0.0432937181663837
0.030232108331222304,-0.0800438596491227
-0.06548296367564027,-0.0150483697599428
-0.04142130520641143,-0.0008972633467923
0.13065634300520687,0.0647041678810843
0.32088265360785057,0.0926174496644296
-0.0928534796637412,0.0077301475755445
-0.03483593382286371,0.0083237657864524
-0.02704402272833478,-0.0369659145463274
-0.444030602763204,-0.0115614122327199
0.04335393727319575,0.0516339869281046
-0.02758368410842766,-0.0143557422969187
-0.18490372462643084,-0.0140008485362748
-0.03613396326003299,-0.0162162162162161
-0.24952669834671348,0.0744031093836757
-0.21435269939322413,0.0145613396432471
-0.012061888030555967,0.0321942953967805
-0.02628031126423344,-0.0015554787417904
0.11908720037305859,0.0188383045525903
0.03486295313021667,0.0027720027720026
0.09723383880477296,0.0355783866057837
0.31522791673536515,-0.1420381736022122
-0.029205323337048197,0.0294023988960831
0.0787105624384342,0.0022744503411674
-0.16356887857280067,-0.0017305029995385
0.15776672685906848,0.0003795066413663
-0.1964969052909653,-0.0217283950617284
-0.35698137576874234,0.0636580992229526
-0.014637676726224166,0.0106122448979591
-0.066762728722271,0.0161046804227479
0.29837489244203,0.0244698205546492
0.03272194398623607,0.000754975978037
-0.028073144944455383,0.0170791216451726
0.08025484815476873,0.0583274771609274
-0.26870043292307244,-0.0725569691038724
0.19210482585190303,-0.0156543519098309
-0.02005072009392449,0.0067487568079563
-0.23938512727137523,-0.047456575682382
0.22782856092335363,-0.0472003701989819
0.5093198553026411,0.0165471594043022
0.007928980646211914,-0.0313040138275399
0.17887096840802713,0.0017537706068046
0.0328020931517171,9.422406482628517e-05
0.0909305480289059,0.0077619663648125
0.2238225259960086,-0.0347277032359905
-0.11802996573094901,0.0123809523809523
0.15936737488632782,0.0198613703012529
0.019984954460063546,0.0022926713574194
-0.21748906438543225,-0.0205689277899343
-0.03522138006609,0.0180623973727421
0.07861097238641804,0.0211917227624033
0.1796176984522391,0.0383451059535823
0.07351030397430723,0.014760147601476
-0.06090703395826282,0.0055977608956417
-0.1272161141922636,0.006833855799373
0.10326660214703602,-0.0042695688572623
-0.20354540524786116,0.078363384188627
0.03202812560342658,0.0207317073170732
-0.05920176277072337,-0.0475582055650198
-0.2125162182340535,-0.0245310245310245
-0.01724934023684328,0.0261707988980717
0.35692320849473713,0.0511669658886893
0.048437236346013816,0.0379987333755541
0.03722551267338279,-0.003192740715846
-0.08421173289942131,0.0217706821480406
0.04267243664840618,-0.0006756756756756
0.31110579478359807,0.012216884008236
-0.0770772478507965,0.0054479418886198
-0.08671085512900253,0.0148324182578055
-0.036557017593690115,0.0143706640237858
-0.06561634155940835,-0.002844141069397
-0.3035695182606339,-0.0093749999999999
0.15330845805231552,-0.0499590499590499
0.09031339451501401,0.0376254180602006
-0.5831388389892773,-0.0762871101089816
-0.10753721467863499,0.010759493670886
-0.0911800866000367,0.0359342915811088
-0.10978566657688152,-0.0109715094673509
-0.06895116655307806,-0.0324809951624049
0.11847843705352079,-0.0534246575342466
0.1888322934324238,0.0393518518518517
-0.03160363465098842,0.0021621621621621
0.009767890316443185,-0.0908229846348138
0.14444547804338062,-0.039447731755424
-0.24407334564924632,0.0024242424242424
-0.03968269422519469,-0.0160274756725814
0.15444197308994553,0.0101661779081134
-0.03647574194924766,0.0081221572449642
0.19494471420468168,-0.003831417624521
-0.09899011403157801,-0.0081778150555671
0.1282214302834797,-0.0044730721059223
-0.04495867907085253,0.0504926108374383
0.06929530456870531,0.022347872913301
-0.2562679995292998,0.0140965399401965
-0.0978958853833456,0.0436025732666189
-0.324037721772256,0.003368623676612
0.0072971796709045775,0.0084848484848485
-0.3156434436651586,9.090909090900825e-05
0.060919274170172545,-0.025018395879323
0.012140032626143531,-0.0213475650433623
0.04080849753207443,0.0791690061763054
-0.27201126092750305,-0.1114391143911438
0.10063251551174979,-0.021321961620469
-0.17104380006749131,-0.0118694362017805
-0.00396212163235097,-0.033977348434377
-0.22460113381498872,0.0125868870937442
-0.007351548582525726,-0.0051641199773627
0.07606765809745016,0.0199917922260654
0.1775127928136128,0.0351822503961965
0.040269560155663665,0.0159890360895386
-0.06933696996122106,0.0136986301369864
-0.06796049557452809,-0.0081538274309359
0.13212402578123905,0.0097680097680097
0.07201200889543866,0.0047543581616481
0.05541554587135664,-0.0471785383903792
-0.04659125952688539,0.0099999999999999
0.019085480819595494,0.0123886111714844
0.014236981324321114,-0.0750912843308461
-0.08261697895969197,0.010496011515624
0.1429822148214246,0.0291640565184101
0.02557916899776723,-0.0128003593083314
0.0011924165236045412,0.0115207373271889
0.09913025844310679,-0.0579150579150579
-0.11164383986563872,0.0650759219088937
-0.1569471858638128,0.0455486542443063
0.27272477035280285,-0.1024027459954233
0.05199262742619361,-0.0093560350640594
-0.01565495494714207,-0.0040128410914927
-0.21822560146029948,-0.0218389205730976
0.15693631791722212,-0.0457844779452819
0.05713982212971331,0.0127106935617574
-0.14316399787782108,-0.0012482977757603
0.1314231729301858,-0.0166666666666666
0.4002469964442961,0.0335429769392034
-0.08221324760589557,-0.0206851971557853
-0.2649487799026667,0.0055658627087198
0.16023820442099218,0.0226928895612708
-0.09527641795984997,0.0139701717953558
0.4038281270407147,-0.0540265035677879
-0.16222177317911826,-0.0046029919447641
-0.19576900025440322,0.0121338912133891
0.00488845875869506,-0.0199485199485199
-0.0554055084540521,0.0508793969849247
-0.05044268257937075,0.0194377990430622
-0.0007136348098424295,0.0
-0.06448123057971536,-0.0103656780881083
-0.2931422391042153,0.0114746093749999
0.3369400108397342,0.0093310005831875
-0.16850986441594032,0.0478577939835916
-0.06689402550305461,-0.0064051240992795
-0.43279003991705733,-0.0721561969439728
0.10492024690245015,0.0037231342020647
0.019807926581673723,0.0037523452157598
-0.030388874955818674,-0.0198281559814937
-0.15640523114513846,0.023417172593235
0.3648828005641677,-0.0178041543026706
0.25286103369516716,0.0136378573775878
0.08596428752131,-0.0540851553509781
0.08423330758777432,-0.0159738609548011
-0.026638011887460435,0.0224578914535246
-0.08130315522145445,0.0589285714285713
-0.04633597466158491,-0.0242677824267782
0.2011750800644167,-0.0269541778975741
-0.06786208907058426,0.0184254606365158
-0.10101187543835455,0.0771094065401696
-0.005473008657840883,0.0046272493573265
-0.3071196991998967,0.0090845562543676
0.05556149199936642,0.0386819484240688
0.03958104813110003,0.0518571684909386
-0.30211991262052207,-0.0338363054412437
0.2682814152276106,0.0040983606557377
0.049017096519717696,0.0813428018076177
-0.008489281351274285,0.0314847128442455
-0.007285304045660422,-0.0148783476282163
0.12824368374674774,-0.0474480636060528
0.06131727354298382,0.0023677979479084
-0.2335354514722643,0.0
-0.03722138002920023,0.0982222222222222
-0.06240345698363528,0.0
0.21343950537406542,-0.0397773554167798
0.20331036123455146,-0.025779376498801
0.04813667486663528,0.0014409221902016
0.05564550213332338,-0.0075581395348837
-0.25910964649369306,0.0468619246861924
0.226069716273785,-0.0231522707034727
-0.22292148798054762,-0.0500658761528328
0.0493506050474351,-0.0035108250438852
0.034143139055102634,-0.0002818489289741
0.10425320765073161,-0.0564890954594208
-0.02422498285527672,-0.0011129660545352
-0.012643245683031372,-0.0043790293151684
-0.033350993666802546,-0.0136846024948799
-0.11165624425293118,0.0285474391267841
-0.015496443590319969,0.0159717900850445
-0.11386106862885755,0.0027855153203343
-0.09423270946526559,-0.0044642857142857
-0.14739131748316522,-0.0163636363636362
-0.017070934718998274,-0.0259414225941422
0.01933580636562679,0.0100823391026718
-0.014422839751901836,-0.0164835164835164
0.024912649716249704,-0.0124778618579938
0.1486664536951472,0.0311436351259359
-0.1679837143517927,-0.0252707581227436
0.34752443780611797,0.0220936349289848
-0.6619613929873731,-0.0244519392917368
-0.011613919503008576,-0.0061073005731466
0.013316858939073205,0.0131810866733081
-0.046917762417694915,-0.0318471337579617
0.08070663041736588,-0.0092465753424657
-0.03284029971956579,0.004548900682335
-0.2991668437884525,-0.0297640653357531
0.06564744299012946,-0.0142857142857142
-0.13520701429334195,0.0089171974522293
12.799936259809149,-0.0093146127530477
0.07481919731138152,-0.0023057962948239
0.02855105598027085,0.0076426868601878
0.27791039642378723,-0.0454793523740221
-0.18187644529556166,-0.0392781316348195
0.0625505733860957,-0.0009149891864915
-0.18064890807672032,0.0506085842408712
0.05473436603826469,-0.0098861593768724
0.0780589128419758,-0.0126250595521677
-0.09326460001597603,0.0460690145855567
-0.007129440180445717,0.023489932885906
-0.006610242280374232,-0.0237324703344121
-0.08180254367704015,-0.0115183246073298
-0.04246368422235829,0.0061349693251532
0.05665140799422383,-0.0299207397622192
-0.025806034813470043,-0.0375782881002086
-0.07358563626981773,0.0097692787362294
-0.274800548453001,-0.0165505940188447
0.012634489792428497,-0.0170690722561244
-0.11984229994339896,0.0252252252252252
-0.1584067180182264,-0.0348948680258197
0.1656991661663746,-0.0120845921450151
-0.030806727356309873,0.0091343691309542
-0.05855033435644574,-0.0239999999999999
-0.048925916470793904,-0.0036258158085569
0.014955615193531863,0.0021231422505307
-0.2115570668967247,0.0229182582123758
0.16622952873456479,0.0140334993209596
-0.11482398326299668,-0.002448729721457
0.20259034182389335,0.0474654377880184
0.0946386452029214,-0.0073688773298656
0.0021224610565592516,0.036055923473142
0.033521373384547686,-0.0186760535836511
-0.07181326645050332,-0.0118359791327762
-0.07878013238033138,-0.0134912542160169
-0.08818722236171533,-0.1262327416173571
0.03232148850478937,-0.0907952410770194
0.04577586347479888,-0.0077903682719546
-0.21288547545454567,-0.0473094980137232
0.18130893194077433,-0.0022967386311437
0.09048519111010496,0.0033898305084746
-0.03351303707968404,-0.0302212628170535
-0.1021668329386766,-0.0111111111111111
0.07101069950503505,-0.0006600660066006
0.010465245798394047,0.0504087193460488
-0.04391576766035676,-0.0131334263133425
-0.3353909496809698,-0.0444852098142628
0.24582794723548457,-0.0177469135802468
-0.09573535180108361,0.0140515222482436
-0.15169738826337906,-0.0045751633986927
0.133719033411901,0.0097613882863339
0.054008468630494404,0.0038948393378772
-0.07081866316949606,0.0256410256410256
-0.05415054313171649,0.0391408114558472
-0.011812133467660142,-0.0042771599657827
0.14771094119040437,-0.0003944773175542
0.10756595773546629,0.0292442814400156
0.05940873129332086,-0.0112951807228915
-0.04761867918032651,0.0525736911570611
-0.12299430456181162,0.0130853994490358
-0.12352691909886504,0.0285714285714285
-0.28490782797055053,0.0223642172523961
-0.1636774805072619,-0.0538790542948794
-0.041221415358047735,-0.0092213114754097
0.01864013001683149,0.0291858678955454
0.10557146576239484,-0.062273714699493
-0.10534169429792566,0.0294627383015597
0.1404302861043929,-0.0117096018735363
-0.015770885480732976,-0.0480678605089538
-0.04726005443394796,0.0051417553381418
0.336018138502334,0.0190336749633967
-0.005057554952665403,-0.0035116469624253
-0.11502817072556035,-0.0356083086053413
0.012460317118624338,-0.0201691607026675
-0.29224619604412155,-0.0646665630343539
0.09656337716976035,-0.0024121295658166
-0.15080265576101978,0.0387874448024824
-0.14589052654246049,-0.0116097621871293
-0.03915948312622731,0.0208120095530534
0.014228758964040418,-0.0033444816053512
0.35035501093205973,0.0058381984987488
0.18453260136297558,-0.0340189873417722
0.13344032923280313,0.0375466876351483
0.05384692901033443,-0.0043142369820408
0.14468032585743093,0.033587786259542
-0.20483023276504447,-0.0110047846889951
-0.11923717310045219,0.0443935588713252
-0.124707005305659,-0.0172284644194757
0.00948186629580789,0.0498168498168499
0.1592490048626764,0.0935763503000667
-0.11209141410859198,-0.0251421730020952
0.09461196334327257,0.0313019390581717
-0.029891666813741363,0.0126849894291753
0.07160201003681788,0.0269083969465649
-0.4460844819850843,-0.0910482019892883
-0.11251073814554623,0.0156152404747033
0.03587331856161326,0.0580881424422275
-0.1382639824784672,-0.0475415174210355
0.07824381033496455,-0.1233123312331232
0.16154255091889771,0.0156678417547982
-0.09406047279316775,-0.089531405782652
-0.18487051039161698,-0.0030599755201958
0.0646947648044823,-0.0467625899280575
-0.0980030465772256,0.0009057971014492
-0.2316110747293438,-0.0007684426229507
0.15726817555355607,-0.0303407112658543
0.3561995984438499,0.0287769784172661
0.186747176636349,0.0961640916355887
-0.21979907723351508,0.0443037974683544
0.06310394460541124,-0.0603628459158931
-0.008207660109738401,-0.0117302052785923
-0.05785940341925391,-0.0221460907867367
-0.001530923924592034,0.0441097364174286
0.07199784701019406,-0.0028487641390867
-0.2232047600637004,-0.0328173981191222
-0.0701261377876831,-0.0140686216312476
0.32436136072093863,-0.0049751243781094
0.016847631976248976,0.0491775622100379
-0.023624618033074467,-0.003221649484536
0.2252769302540575,-0.0398190045248868
-0.04153444213309234,0.0470518165574747
-0.19138035635842424,-0.0248469571480014
0.052631034882615925,0.0219567323216015
0.03504014528971336,-0.0786516853932584
-0.5441038656308674,0.0095846645367412
0.007671869790765359,-0.0860860860860861
-0.1336739425906387,0.007308160779537
-0.10872922453402374,-0.0485859318346629
0.17280022081185775,0.0085227272727271
0.044975705198581586,-0.0612244897959184
0.0075033834883833,0.0642245106516783
0.03386546111766721,-0.0135610246107482
0.3986021235080152,0.0675182481751824
0.22602493250249772,0.0400024354603018
-0.14455029388607143,0.0515097690941385
-0.06747587030746514,0.0249507550886407
0.09068256545158263,-0.0011831519167061
-0.07366732392297162,0.0018672551349516
-0.33467191678514296,-0.015702479338843
0.19806547907733857,-0.0237351655215489
-0.08193765738964234,0.0160362558828656
0.0065398576683748065,0.0629800307219663
0.05038205505849081,0.0218978102189781
-0.04890165340022866,-0.0078616352201257
0.1284733372449701,0.0008527572484366
-0.060085368523795896,-0.0548841893252769
0.09646524995892265,-0.0333893322133556
-0.07342266633815515,-0.0359712230215827
-0.04647440932369961,0.0069419071976617
0.33196733494665315,-0.034278459585273
0.03208280812495025,0.0460339197303276
-0.06871222620196521,-0.0352437694050516
0.17771319273087902,0.0133390705679862
0.088755421807124,0.0199386503067484
0.20715925906558624,-0.0064296799940875
-0.14665690898227537,-0.0222222222222221
-0.10147575194698887,-0.0153093577316786
-0.14229618555142867,0.0260600326825491
-0.021132444679774712,0.0009099181073702
0.14243829435749777,-0.0309278350515464
-0.10904699457859632,-0.0065917602996254
-0.0469339088110494,0.0248275862068965
0.551299179991499,-0.0908632004038364
-0.11735334969894126,0.0460277427490543
0.14398565238414204,0.0389690088984352
-0.03099518758986328,0.0250950570342206
-0.0018345785445941397,0.0418361811771087
0.035874806827469234,0.0479674796747967
0.08167687544861833,0.0354796320630749
-0.07723709030921976,0.023071852340145
0.04657778736556261,0.0002164033758925
0.3708847290481195,0.0326315789473684
-0.05342199598616274,0.0149253731343282
0.008967909867409196,-0.1418181818181818
-0.07822643524755074,0.0434402332361515
-0.09815857780814023,-0.0011810733003618
0.1603098037146334,-0.0099573257467994
0.2319034281242189,0.0486824475212148
0.023445966964237622,-0.0028579594169762
-0.06173018143082573,-0.0118721461187214
-0.09221101455209868,0.0025177725118482
-0.12436582653198634,-0.0368033648790746
0.34003219756185105,0.0257510729613733
0.03274562414441965,-0.0179238237490665
-0.14121286898285315,-0.0144605116796439
-0.015871505877691847,0.0210472279260779
0.2369031974323293,-0.0076923076923076
249.80819529380574,0.0139609808483979
-0.4893112040332959,0.0301825993555317
-0.1684386537122387,0.0008103727714748
0.2655542774815765,0.0106365017727504
-0.15074619189268218,-0.0064680064680063
0.1143106895091923,-0.0316358024691357
-0.03137985686800761,-0.0032889042755757
-0.052115001053068315,-0.0159705159705161
-0.0908443190634211,0.0286375470060747
-0.14838604856997556,-0.0061255742725879
0.2760377639892752,-0.0097069926298759
0.05389931015223474,0.0257640369580668
-0.08087518198886198,0.0145976667663775
-0.05122797865126897,-0.0013750707757017
-0.019050571687229064,-0.0079140757490107
-0.15129746459020596,-0.0487959442332067
0.017652164267820007,0.0177719982661466
-0.2409139288674687,0.0523120037365717
0.024289619932754056,-0.0673162090345438
-0.019157075003828926,0.0638297872340425
-0.08675634518592353,0.0601006089489012
0.10230903154025767,0.0340975896531452
-0.17811621183202167,0.0609184629803186
0.13479433204041502,0.0124416796267495
0.0035426039860282756,-0.0010334137099552
-0.03336193836051949,-0.0212992545260915
-0.2519446485155793,0.0237969328397673
0.06109919919240031,0.0025412960609911
0.024806777256819706,0.0025210084033613
-0.049823021512180765,-0.0029197080291971
-0.09307452855937932,-0.0145569620253165
0.052497672641165116,0.032676812891674
0.23470884819089807,-0.029051987767584
0.031215901433305375,-0.0303676078849226
-0.1651788153909353,-0.0670470756062766
0.22146985157482882,0.0145867098865477
0.07728409848057813,0.0217618549843201
-0.02515720332567115,-0.018140589569161
0.005309896225824638,0.0393894633185622
-0.11873899357204976,-0.0484231437794884
0.0925164396812991,0.0330112721417069
0.021356331910508525,0.0142045454545454
0.25431592907881695,0.0523333333333332
0.2072945002496505,0.0041666666666666
-0.24670821722524053,-0.0476034143138542
-0.22351404971378547,0.0034246575342465
0.035804620311595765,0.0
0.1366327865840044,-0.0284552845528454
-0.08899703203414724,-0.0293233082706767
-0.07539395613191942,-0.0062981105668299
0.012565312187185405,-0.0131906588599502
0.28158882100737026,0.016398546964193
0.0549440987429483,0.0116076610562971
-0.11121916751670033,-0.0081262843265456
1.7072985744154543,-0.0150951651717349
-0.12225131732433488,-0.012256669069935
-0.01862536883427491,0.0505800464037123
0.01777023171612683,-0.0031200166400887
-0.4440870428333954,0.0012062726176115
-0.07879688848047317,0.0688206317009562
0.20781046191451663,0.0028544243577546
-0.2498693358992211,0.0651982378854626
-0.34238673561350447,0.0071989528795811
-0.16625827180123368,0.0190615835777126
-0.014909393148019846,0.0155312767780634
0.03661925376917595,-0.0476025618833304
0.012043950112316928,0.0074698795180723
0.10586859519170713,0.0393626991565136
-0.029921709656422903,-0.0205546095840429
0.024866666163835385,0.0092118730808597
0.15178042481862253,-0.0196078431372549
-0.33856691295832725,0.0017647577869937
-0.13804764360249608,0.0303285593934287
0.10127187515306528,-0.0430733410942956
0.053527188952936636,0.0
0.15365699374959443,-0.01085776330076
0.004080144701125506,0.0273715785526809
0.09047689174297305,0.0055292259083728
0.04088023484572246,0.0443472829481573
-0.07462810484021441,0.0027517886626307
0.2257650546869839,-0.0360134003350083
-0.06937590066659767,0.0054054054054054
0.23054720969051287,-0.0475698035160289
0.056944232437348793,-0.0404363636363635
-0.10976534626782197,-0.0187454938716654
-0.06281236767375578,-0.0307302659349937
0.05612227175617061,0.0392943063352044
0.1297525777521646,-0.0036049026676279
0.04816911827567576,0.0270045700041545
0.040903561147518,0.0083333333333332
-0.024547536937582642,0.0067653276955602
0.00633473073125092,-0.0998206401766003
0.0499730275007015,0.0005717552887363
0.08245494178901103,0.0196814903846154
-0.06145041631287994,-0.0061412487205732
0.06550723663297373,0.0
-0.08871581564188855,0.0094488188976377
0.16478903552073834,-0.0138816588582335
0.19229288066437453,0.0148593667079425
0.06403559205833306,-0.0353413654618474
0.19069190718716528,0.0032520325203251
-0.0251754772880161,0.0227612369237844
-0.03605682878495991,-0.0243562978427279
-0.1717054300031619,0.0069244085401038
0.19345941131786087,-0.0124707716289946
-0.283778942556024,-0.1159638554216867
0.1026433631329306,-0.0104384133611691
-0.14305919379835316,0.0142935678944474
0.08007988903982778,0.0269230769230768
-0.0173247245835119,-0.0553774928774929
0.04229503205824199,0.0287262872628726
-0.038984313164812,0.0269607843137254
0.08415374680843504,0.0187217559715946
0.010326584069790812,0.0063992508194161
-0.09360032586310793,0.0430555555555555
-0.0014517336254911569,-0.0154373927958833
-0.05165859473988004,0.0849327588458024
-0.05384487281486615,0.0147783251231527
-0.16611188623094167,0.0502976190476189
0.05635935829906881,-0.0144046394163313
0.09335253748188267,-0.0377274744784731
0.0057024753900160995,0.0099648300117234
0.10083463068029563,0.0514859773964
0.12480735557869652,0.030613990080383
-0.3693587119638257,0.0114583333333332
-0.10750429663094435,0.0375106564364876
-0.07610360770030197,0.0055325034578147
0.14422361514068527,-0.0457063711911356
0.1718980733473322,0.0285399145181304
0.057916778027074116,-0.0141541226690631
-0.14491389418898565,0.0258838383838383
-0.356222278798168,0.0028328611898017
0.3546578488124355,-0.0142857142857143
-0.03796454887129135,0.0067778229632641
-0.12739338444366183,0.0148392415498763
0.1560857064180072,-0.0039473684210525
0.16976626494340094,0.0522063393412057
0.33667531479696106,0.0525114155251141
-0.03215538479633678,-0.0042674253200569
-0.056669860031367425,-0.0063793103448276
-0.13243422953725767,0.0176082171680115
0.045039873858121304,-0.0007189072609632
-0.029405489273930677,0.014251781472684
0.21532029319685503,0.0196671709531015
-0.0580106197280308,-0.0101742900115013
0.17203515079207524,-0.0574808051462958
0.03747467927153052,-0.0450657894736841
-0.1844693244800331,0.0028763183125598
0.26736825509792195,-0.0406746031746031
-0.05301475346812856,0.0008190008190008
0.028842935110736028,0.0064047822374039
0.10548986331687724,0.0
0.02336205920420249,0.0064004327053097
-0.026295957185011678,-0.0995099886920467
-0.01500828766235222,0.0120311394196743
-0.030490178417258127,-0.011844331641286
-0.013448753565424177,-0.01699716713881
-0.2310152633365322,-0.0051657856799615
-0.04870326211568913,0.0190445097399064
0.012116797258033076,-0.1181734032705955
0.11194891928051974,0.0158077774264938
0.19674397042200523,0.0087336244541483
0.09500745161734236,0.0142302716688228
0.20861991624715115,0.0524242424242424
-0.0934354319830684,-0.0218340611353711
-0.2697357621536164,0.0184792487125112
0.09079399089243943,-0.0475180313958421
0.007612232108925059,0.0044609665427508
0.15410761380572427,-0.0132610006027728
-0.0808513160384306,0.0048922539312755
-0.09796558782273886,-0.0259001895135819
-0.06886671047830317,0.0534351145038167
0.004450225171097683,0.0003351768057649
-0.006255034444123619,0.0253706250955219
-0.09598583702812892,0.0160320641282565
-0.09787991076595225,0.011577424023155
0.16087992371460433,-0.0103806228373703
-0.05574087538140965,0.0414617006324664
0.22270475508725776,-0.0028985507246376
-0.15219843665320643,-0.1399739583333333
-0.20946899107656416,-0.0473537604456824
-0.0686490418759586,0.0151878497202238
-0.10978976108011115,-0.0054479418886197
0.14214029982861795,0.006896551724138
-0.3465505901161917,-0.0336463223787167
-0.03355064059429954,-0.0081498179295995
0.3287024523869285,0.1013563730955034
-0.07328481800601185,-0.008363201911589
0.8007389909356706,-0.0420909708078751
-0.1685487543908011,0.0111111111111111
0.04048831076910611,0.0306772908366533
-0.16844410639372714,-0.0126976797876024
0.07465769522447624,0.0294807370184254
-0.5618434743144182,0.0363636363636363
0.09806600076192777,0.0178443968593861
-0.09083266805461981,-0.0024360535931789
-0.019463927296229314,0.0415552158960641
0.09047339542070841,0.0506625097427903
-0.06372347031156601,0.0073215375228797
-0.1593367424285778,0.037663335895465
-0.1936410238927817,0.0515806988352745
0.35741316045478644,0.0374588711718551
-0.10301611302615363,0.0212927756653993
-0.21118055213205214,-0.0023466309084813
0.0996771366751358,0.0525470030531898
-0.06206780900188852,-0.0414159647011633
-0.18872375602848193,0.045954045954046
-0.18972539565375604,-0.0163291966035271
-0.09605522075230412,0.0369244135534318
0.06309957873269886,-0.0473469387755101
0.11698182325167289,0.0234329232571763
-0.057648939684321956,0.0668135095447872
-0.1377337801761171,-0.0218788983782745
0.11023837508490801,-0.0019762845849802
-0.1316549658342169,-0.0062761506276151
-0.027639216004684632,0.0157790927021696
-0.011555192424324196,0.0275288092189501
-0.13510942902696496,0.0080763582966227
-0.03251274208464864,0.0043516100957354
0.19596628808180644,-8.360504974492856e-05
0.048326411617716246,0.0224111282843895
-0.12424922463994335,0.0338600451467268
-0.42169121159571543,0.0203956448397484
-0.0042968486401473854,0.0135881104033969
0.13230403899621102,0.0407225964482546
-0.12286917188386823,0.0086750788643533
-0.18907111885273833,0.0354046242774566
-0.11919502499070865,0.0386877532348712
0.17258387645071405,-0.01
0.06226138395030812,0.01056338028169
-0.06880842971356706,0.0476701739317156
-0.2405331263920664,0.0232558139534883
0.03298601779038928,0.0181956027293404
0.1894061262241278,0.0111493836113125
-0.17611259186163092,0.0152772538664653
0.06583366629359584,0.0058997050147494
0.015066534459849235,0.0137163033883343
