Actual Values,Predicted Values
1.3563579277864992,1.459311014194261
1.3478939157566303,1.463290197394888
1.3649289099526067,1.477689468469392
1.348946135831382,1.4591053440747195
1.3353941267387943,1.44632791771938
1.3071104387291983,1.4126584139577754
1.3627760252365932,1.4615688830382858
1.3180778032036615,1.4164587419546293
1.3846153846153848,1.4834740097145795
1.341614906832298,1.4472514450610736
1.326170376055257,1.4324828003646117
1.295352323838081,1.404888592575576
1.3457943925233644,1.4478196432913062
1.355294117647059,1.4579356085891457
1.3725178713264496,1.4176765537306413
1.3457943925233644,1.3936404334694021
1.3478939157566303,1.3967726326488852
1.36600790513834,1.3935869261843423
1.4210526315789476,1.4473233378662846
1.3725178713264496,1.4047068539713239
1.3747016706443915,1.4187026892295274
1.3364269141531322,1.3864146901611285
1.269654665686995,1.3474513532121284
1.267791636096845,1.359174552005718
1.238709677419355,1.3462967589164803
1.2246633593196317,1.349674874906265
1.2809488510007414,1.4271246768953874
1.3282090699461957,1.4977313896680018
1.3395348837209302,1.5312438290865877
1.3606299212598425,1.55420505761515
1.330254041570439,1.5516261025907818
1.2087912087912087,1.510781600897395
1.2061403508771928,1.5022660380905766
1.2213175425610658,1.5164061113010892
1.2035010940919038,1.4918447274703965
1.1293634496919918,1.3943335595821706
1.1007338225483656,1.3630147037164186
1.1209239130434785,1.3942098112342753
1.193921852387844,1.502071434220182
1.166902404526167,1.4744672968213393
1.1587078651685392,1.4660868298353678
1.1587078651685392,1.4679733135760804
1.1498257839721255,1.4559836985261136
1.1660777385159011,1.4760327637465838
1.193921852387844,1.5074974549547537
1.2186115214180206,1.5356356905673179
1.2295081967213115,1.544336212048833
1.2378094523630907,1.53672050416427
1.2168141592920354,1.5103339145623516
1.1956521739130437,1.467529496788436
1.2313432835820894,1.505043726896453
1.2910798122065728,1.561780956449737
1.2800620636152056,1.550834321204761
1.3116057233704292,1.5847824305729588
1.3371150729335497,1.6131615368013872
1.3983050847457628,1.671326483566551
1.3392857142857142,1.6144359790766099
1.3263665594855305,1.5910648205676616
1.3253012048192772,1.5826616935655127
1.317891373801917,1.5725727436132688
1.264367816091954,1.5274848279257207
1.2213175425610658,1.4955600064453343
1.213235294117647,1.4831071087994778
1.198257080610022,1.463727829467077
1.1554621848739497,1.4189352112704885
1.160337552742616,1.3964150975847034
1.1652542372881356,1.399764172442568
1.1546536039188242,1.3914323264535742
1.1324639670555938,1.3648093871827758
1.0912698412698414,1.3072223678547827
1.0552665799739922,1.2869710057452832
1.0642622950819671,1.3017644161897948
1.079122340425532,1.3209479575725862
1.035737077217613,1.2685453932742292
1.0477727566171724,1.2834600196043502
1.121630960608155,1.34783713872016
1.1224066390041496,1.2867700477492519
1.1193103448275863,1.2844219135630897
1.0607843137254902,1.2026770679807097
1.051847051198963,1.1849998809671405
1.0390524967989758,1.169008979324568
1.0552665799739922,1.1776287032270865
1.0169172932330828,1.1165598766506337
1.116083916083916,1.316645881214753
1.2646592709984152,1.4901544510572717
1.2965069049553208,1.523428735077125
1.3157460840890354,1.5473466661911588
1.2717131474103585,1.491573063872968
1.2596685082872927,1.4770782729373313
1.2537313432835822,1.4699006396341154
1.2343387470997678,1.447997652573831
1.1641137855579868,1.3551238258985177
1.1449067431850788,1.3302245545929225
1.17439293598234,1.3755115891950744
1.3854166666666663,1.6798707940523807
1.4469628286491387,1.7574505163616987
1.6729559748427671,2.0024882381106415
1.6853220696937696,2.013941114906989
1.76940133037694,2.0880445923412094
1.775305895439377,2.09697616660412
1.7674418604651163,2.061497548228896
1.744262295081967,2.0410893608865255
1.7733333333333332,2.057700476727047
1.744262295081967,2.024565342083175
1.74235807860262,2.0256382526991508
1.6607700312174818,1.939624676686278
1.6538860103626942,1.9390175725102385
1.6352459016393444,1.9197142627185957
1.696068012752391,1.9836432729345752
1.6978723404255318,1.9851385124557335
1.6747114375655825,1.953886383418312
1.6170212765957446,1.920056319092056
1.6906779661016949,2.016542079117279
1.6729559748427671,1.9926652381485392
1.618661257606491,1.9499374275755113
1.5465116279069766,1.894761856532992
1.5420289855072464,1.8819476613927546
1.5570731707317074,1.9190843621609652
1.53757225433526,1.922207780090731
1.5405405405405406,1.9039161982999417
1.4642201834862385,1.8106323682080814
1.53609239653513,1.8975730986749149
1.5113636363636365,1.9110017428634927
1.4365436543654366,1.8423178379112595
1.4186666666666663,1.824020232242578
1.4326750448833032,1.8413843178850018
1.575518262586377,2.0251168147676464
1.596,2.043231425500026
1.543520309477756,1.9444347552326358
1.57396449704142,1.9704229276775511
1.5880597014925373,1.9857393350164374
1.7106109324758842,2.05802365771172
1.744262295081967,2.0689237882501743
1.74235807860262,2.141455158252579
1.78125,2.179536667590525
1.834482758620689,2.2135084580271065
1.824,2.185006554763563
1.9752475247524752,2.3063141318283518
2.1451612903225805,2.4480640413309644
2.089005235602094,2.3875605151580377
1.8198403648802728,2.1566124445344546
1.8954869358669832,2.2198306506375993
1.75192096597146,2.114631563353862
1.6607700312174818,2.041351494529573
1.6978723404255318,2.078537625255959
1.4901960784313726,1.8907764429177512
1.521448999046711,1.9091400668877552
1.3244813278008298,1.7344014617802812
1.3190082644628098,1.7302806021435473
1.1901565995525727,1.5706435632048925
1.139186295503212,1.5042771299797817
1.14,1.509822583221219
1.0961538461538465,1.4385123114040468
1.1582002902757618,1.525608576387223
1.155684286748733,1.4887813619076966
1.068273092369478,1.3869633059756896
1.0527704485488127,1.3624850601806406
1.02504816955684,1.3219089142617468
1.011406844106464,1.307976306295698
1.0,1.2942703776609874
1.0,1.287739304515485
1.0129071911493548,1.3023724569171669
1.0,1.2837429247575036
1.0,1.2826763305207276
1.0,1.261866506595085
1.0,1.279388233708946
1.007214206437292,1.2893592630007937
1.0185185185185186,1.3099397669494395
1.0265837104072395,1.318549565336071
1.048526863084922,1.3520602755967623
1.0848774656306035,1.4057178098613057
1.0,1.246310151452526
1.0071868583162216,1.2479708315592601
1.079801871216291,1.3867423510854586
1.063991323210412,1.3627783440381438
1.101010101010101,1.431139392258687
1.1230681167716086,1.4587674019758445
1.1568396226415094,1.503719050687455
1.1413612565445026,1.482459211449913
1.111614730878187,1.4362297372747745
1.1034870641169852,1.4187791917105164
1.0906058921623123,1.402305835821485
1.066884176182708,1.3640887728061188
1.111614730878187,1.4297359505681542
1.163011262596325,1.5153518992045463
1.252074026802808,1.6305058696578096
1.2293233082706767,1.5951190911777133
1.241772151898734,1.6177978051781374
1.177671068427371,1.5329208782052346
1.1819277108433734,1.5391150748491853
1.3176628609805237,1.5411300449337493
1.324780553679946,1.5357014462463026
1.3319755600814662,1.5437100947255193
1.339249146757679,1.5517428168739027
1.3256756756756756,1.541929722008796
1.3238866396761133,1.535407113375729
1.3062583222370174,1.4935064262079214
1.2748538011695905,1.4702240934458854
1.3036544850498335,1.51406376304332
1.318548387096774,1.5363762099836702
1.3493810178817056,1.5738851259975162
1.371069182389937,1.565345696468559
1.364394993045897,1.5524991391340754
1.3484536082474226,1.5320146538965813
1.3141326188881446,1.4979266256678412
1.265806451612903,1.4437063007109305
1.250478011472275,1.4209549321146413
1.2465057179161372,1.4198441906355845
1.215613382899628,1.3784280492474812
1.191980558930741,1.3460298340616936
1.254475703324808,1.4350863301883248
1.27319922128488,1.4631439665228607
1.295904887714663,1.4870720155526622
1.2798434442270057,1.461879395073867
1.250478011472275,1.4286817178980866
1.2584990378447722,1.4350553591245991
1.2386363636363635,1.4080985485757873
1.215613382899628,1.3703014562587637
1.185498489425982,1.350851390999691
1.1487119437939108,1.3206287562505696
1.1713432835820894,1.3444480882051872
1.179795550210463,1.3652293379427105
1.160260201064459,1.3396445226795597
1.1460280373831775,1.333921231442347
1.205900430239705,1.4236699962211334
1.208128078817734,1.431116269330409
1.2209085252022402,1.448882838384447
1.2496815286624203,1.4575484612569838
1.2409867172675522,1.4384008293160842
1.2457142857142856,1.442818635668764
1.2690815006468306,1.4710492596336397
1.295904887714663,1.5036798463356953
1.364394993045897,1.5646065777939195
1.379746835443038,1.5784254746079627
1.4258720930232558,1.6143369740154265
1.3914893617021276,1.5833621941762879
1.4426470588235294,1.6302820289141482
1.3615544760582927,1.5486595058851922
1.3419972640218878,1.5326513705542935
1.3310719131614652,1.5114520343998405
1.2617363344051449,1.6164958979432913
1.1595744680851063,1.502648006127941
1.1288837744533946,1.4672559817704705
1.1406976744186046,1.459488355366916
1.1059751972942502,1.4215088019396642
1.0833793484262837,1.4046901952155104
1.1147727272727272,1.4307090091796149
1.1978021978021975,1.5272169904164041
1.1400348634514816,1.453498356481962
1.1380510440835263,1.4267685639176624
1.059967585089141,1.3279050123353853
1.13475997686524,1.43946543026816
1.1420256111757856,1.447946412050868
1.1224256292906176,1.4320354743492227
1.119224187107815,1.4359521893021878
1.1406976744186046,1.4679058203027342
1.1706443914081146,1.5143759432437887
1.1862152357920193,1.5312012756447801
1.1678571428571427,1.5313057642757344
1.2378548895899053,1.6207946910777236
1.2193909260410192,1.5966702064820582
1.1748502994011976,1.5357169149901249
1.4094827586206895,1.7965578965983966
1.5174013921113687,1.8760226619438787
1.5460992907801416,1.884993554243149
1.426909090909091,1.7612329746610487
1.3615544760582927,1.6886583834294964
1.3374233128834356,1.6576551797257002
1.3374233128834356,1.6241686982750179
1.3739495798319326,1.666381377612471
1.379746835443038,1.6733123430520784
1.3634468380820013,1.6384004642259802
1.376842105263158,1.655091756683631
1.398431931575196,1.6714679110048372
1.3475274725274724,1.6153326880307644
1.4064516129032256,1.679386392493157
1.472411186696901,1.7253901364317414
1.3403330919623462,1.6711409694665975
1.3007730147575542,1.627747914654019
1.2090137165251469,1.5575870437943409
1.1037567084078712,1.4761497264768644
1.0856304985337244,1.4629917316801615
1.0901060070671378,1.4675344079864632
1.0799299883313884,1.4584906718941826
1.0505107832009082,1.4214712080836942
1.0142465753424657,1.3777525807254123
1.0,1.347193271510549
1.0,1.3361522258839678
1.0,1.3148636921623789
1.0,1.3146960559053147
1.0066124109867751,1.3228782474809475
1.0,1.3002990729824362
1.0,1.2915064153949727
1.0034499753573187,1.2806347483817861
1.0,1.2725297531849908
1.0064197530864198,1.2779996055954095
1.0,1.2425596166893946
1.0,1.2125952821488748
1.0,1.2023139306780524
1.0635730858468675,1.2815792533279895
1.1077815369743838,1.3347943793642816
1.136904761904762,1.3584880749228996
1.1357779980178393,1.3649032709339466
1.1262899262899262,1.3541552508271613
1.100864553314121,1.3565737368101307
1.1273979340875553,1.388482872139639
1.1324110671936758,1.3845313111266908
1.0780809031044214,1.3320794241567127
1.0432407828857533,1.289919475144948
1.0092470277410832,1.2705380273011606
1.0004364906154517,1.2536561188805326
1.0,1.2504534238313698
1.0,1.2483234505397487
1.0,1.2354428941046574
1.0,1.2302582806484064
1.0,1.2240704630815897
1.0,1.207009879576952
1.033891547049442,1.2550149920312732
1.0176609105180534,1.2267186222560456
1.0,1.2031591438596978
1.0293887147335423,1.2403781622476007
1.0,1.1939067761407716
1.1738002594033723,1.4270764562875138
1.178897090751194,1.4326774397905762
1.1763431542461005,1.4284469557760917
1.1499364675984751,1.3942756904410731
1.2363387978142075,1.5125650054541802
1.2329700272479565,1.496557771688075
1.2307343608340888,1.4912241641650001
1.2257336343115124,1.4813733896545873
1.2357760582612654,1.4924817281777387
1.1602564102564104,1.400869297773657
1.1528662420382163,1.3914990928293802
1.1345591307981613,1.3736796755103131
1.1163651315789471,1.3460649366644224
1.046242774566474,1.2553716664900856
1.0731225296442688,1.2771681066993528
1.130308076602831,1.355815250540529
1.205595026642984,1.4490298181487093
1.0877403846153846,1.3179103578005467
1.0722748815165877,1.291652177441493
1.079093799682035,1.3074154440906498
1.101419878296146,1.3369543931471501
1.0916767189384802,1.3240213900734998
1.0446325509811467,1.2581492536194272
1.0063009636767977,1.2148047287232089
1.0,1.1998500623508033
1.0,1.2061056739456708
1.0092182890855457,1.2083944665736284
1.005141388174807,1.1883403588657369
1.0036670333700035,1.1799729924321167
1.0,1.1716114118573162
1.0,1.1630598844841553
1.0,1.1565406193520893
1.0430814165753926,1.2136364937385384
1.029178674351585,1.196748647454901
1.0438436244062843,1.2124445747081356
1.0577563865235098,1.2249486904659552
1.0340209916757148,1.1859604729470345
1.0515274199484723,1.199204208321351
1.051140544518028,1.198115636842361
1.0495958853783982,1.1761030634669887
1.0007005253940455,1.1082826568435522
1.0014020329477742,1.0884778520370106
1.0,1.0872017309537583
1.0072264280798346,1.1058537690106343
1.097899474868717,1.2212723402118646
1.046478369681802,1.1557716206303545
1.080871491875923,1.2003865010930665
1.1309891808346213,1.2533411731201998
1.2616379310344827,1.3967760950494765
1.2649092480553157,1.3947045835086824
1.236064189189189,1.3683692604502682
1.1951817068191095,1.3242613445081015
1.2407799915218312,1.3807894194882482
1.2815236427320489,1.428451218454364
1.3292461398728428,1.4645829608323706
1.350092250922509,1.481323402656448
1.3196573489630297,1.4540452249720326
1.2832091188075403,1.4222119938361126
1.273716275021758,1.407392147376022
1.3131449080305069,1.4388938638557591
1.365205223880597,1.483854115343593
1.395803528850739,1.5060293459717762
1.3865466603505447,1.4799387855230919
1.3885199240986716,1.4768556875745595
1.3885199240986716,1.4757859201389278
1.4229460379193,1.5014257512119196
1.3513388734995384,1.4378587191323413
1.3143242029636282,1.4118526189887712
1.4072115384615385,1.498416420796417
1.2703993055555556,1.3747886086939372
1.2804024496937882,1.391720777410855
1.3049487293802942,1.429732672307272
1.3690364826941066,1.4922396378957303
1.3690364826941066,1.5053894162472763
1.3748238609675902,1.5213856425381898
1.3078641644325288,1.4717965930511174
1.2524604193410356,1.41850755666104
1.239728928420161,1.408360783177268
1.251924721984602,1.4240418667685557
1.1821486268174477,1.3655889451081726
1.1496465043205026,1.3197009800162331
1.176919983916365,1.358422109598087
1.2355424229632757,1.428138342592693
1.2350210970464135,1.4135446733315264
1.2660034602076125,1.4404857549982824
1.3292461398728428,1.4960055870613949
1.313734290843806,1.4794098664548678
1.315505617977528,1.4809970525532319
1.3166891587944218,1.486531132505195
1.326835902085222,1.4865211706077206
1.299733570159858,1.465634908126607
1.2848990342405615,1.4971733761212902
1.3178748311571364,1.5335034712856255
1.3298500681508405,1.5456939131785674
1.338975297346752,1.551930897844433
1.2815236427320489,1.4916810719094362
1.2928445229681975,1.5043770132711491
1.2594664371772806,1.4779915273410538
1.2715030408340573,1.4918944828633434
1.3347013223894209,1.549924008834747
1.401148875059837,1.5761245505614712
1.4708542713567838,1.6233343086881775
1.542149631190727,1.6593394841210993
1.699767711962834,1.7474798080750606
1.6315496098104794,1.7073310540897422
1.5813074014046462,1.67274028914603
1.4956566172713337,1.613614597149795
1.473816717019134,1.6151675049236915
1.4369170348551792,1.577296014483661
1.398471094123268,1.5304565561135801
1.4425825529817644,1.5623155084813796
1.393146120894812,1.520864863092938
1.3426605504587157,1.4737032007424864
1.2826468010517091,1.4229261250817702
1.2616379310344827,1.4072334358354324
1.2185678601165697,1.3566867694385512
1.1883881445391795,1.3216854746936366
1.1937194127243067,1.3289292104459662
1.3226389516493446,1.4159777558413813
1.3340929808568822,1.4207555227389423
1.26764833261152,1.3250496429801588
1.212008281573499,1.239009683903509
1.3998087039693927,1.3502617955411145
1.5397159389794846,1.4506483630814961
1.3774117647058823,1.1762634463434287
1.2450021267545726,1.047762113389296
1.2649092480553157,1.0672476298699511
1.2487201365187712,1.0352121380350954
1.3107926556202416,1.0814717243100895
1.0,0.9752411550855087
1.0,0.971371125436647
1.0,0.9675262682039248
1.0,0.9521085608342315
1.0158536585365854,0.9674812119509008
1.0142045454545454,0.9613675271878114
1.0,0.9487803436972279
1.0,0.9506719354718589
1.0,0.9540678372892809
1.0,0.9440875020216437
1.027316141356256,0.9766634677498447
1.011030099083941,0.9628224821133247
1.0211480362537764,0.9664825888847702
1.055013655872025,1.0173135827569326
1.048671708357572,1.0196103495419793
1.0248247110100437,0.995645764159581
1.0076392770635365,0.9654365729736959
1.0424055512721666,1.008522871974195
1.0388013830195926,1.002432281872518
1.062475442043222,1.038366917954505
1.0719524281466797,1.047459011281734
1.0402000384689365,1.0158647049761604
1.031667302556276,1.0058309889953803
1.016350310092088,0.9930253283525452
1.0645669291338582,1.0427375471872626
1.0777202072538858,1.0534918244717333
1.0372075182201763,1.0039100193061614
1.0,0.9563054569916389
1.0,0.9310312343272519
1.0415270018621974,0.9870185558951128
1.0908913594694751,1.044409317697492
1.0731005372217957,1.0188647400777862
1.1033734464391398,1.0591329002846794
1.1562952243125904,1.1295233338254533
1.1907600596125183,1.1712846119139693
1.1859626802374892,1.166137228685638
1.245102404274265,1.2207787933922292
1.3070810937134845,1.2691635708233744
1.2928802588996762,1.2545111053183131
1.314144736842105,1.2763153393329538
1.3076923076923077,1.268845403451153
1.2616738100609066,1.2253045564102232
1.3247276172430127,1.2803652233691967
1.2585508550855085,1.215052015174253
1.2025370887981075,1.1644743040314276
1.2401330376940132,1.2097034248463532
1.291089566020314,1.2540422678461838
1.346413095811266,1.3008051954055646
1.332618537050274,1.2917702641250972
1.398599649912478,1.3404937355768638
1.2934782608695652,1.2635269265560636
1.2691173133651008,1.1057424018382147
1.2949756888168558,1.1318828980138196
1.281328751431844,1.116913205202966
1.2668176670441675,1.102384818797776
1.259401035802747,1.0942163295579528
1.2412339103417664,1.06992685372544
1.2734517304189434,1.1083977081749365
1.2554433221099888,1.1003861797503265
1.2682539682539682,1.1118801157509839
1.2574190647482013,1.1072328383905696
1.2602523659305993,1.100930744465174
1.27461257976299,1.1117185700617913
1.266530797101449,1.1047430413266592
1.2554433221099888,1.0797376632542026
1.2327529204320034,1.0878273648274286
1.2390341160832965,1.0774289064923714
1.2368421052631575,1.065833085542031
1.2985837009519383,1.1237989993459032
1.2711363636363635,1.105755011454497
1.2077305117685164,1.0836435565229185
1.1782178217821782,1.0696861819868975
1.1603734439834024,1.0555619648625425
1.0290708371665132,0.9225188964989192
1.0469861475102955,0.9437276218864522
1.0807729468599032,0.9826216516763853
1.0851765618936748,0.9910737767227148
1.066552250190694,0.9761536826066988
1.0928096912856584,0.998321434690091
1.033826247689464,0.9570643842710015
1.0,0.9219342978916023
1.0087064676616917,0.9358549004060714
1.0,0.928844446647709
1.0,0.9271183869573183
1.0,0.9130466147344165
1.035528596187175,0.9475856133159111
1.0,0.9093252767195908
1.0,0.900222823974696
1.012256087727786,0.9123649235840061
1.044947561178625,0.9501700300080886
1.102388479100808,0.9957768891851057
1.0590517968618187,0.953960493896854
1.0112775898179476,0.9241134875742852
1.081868321268528,1.0027326033099415
1.127537273217173,1.0515824794313955
1.1070546737213405,1.032247470415866
1.1135355685648394,1.043470397398751
1.1105803255484783,1.0376175218845691
1.1218945487042002,1.0614969602964077
1.1196931858722798,1.0618158395224788
1.173929306152983,1.1162494522675788
1.1935729226088612,1.1262520756283019
1.2108410493827162,1.1392838831203747
1.2566566566566568,1.1821499233770223
1.245436507936508,1.173823864508185
1.231025691312022,1.160274789046795
1.216237163340438,1.1522143980675823
1.1990448901623687,1.129660109107005
1.2579158316633268,1.1825796396620476
1.2484089101034208,1.174916211927843
1.2703906091884234,1.1983493097430535
1.2533945686900958,1.1838640473207696
1.2732251521298177,1.203069851795665
1.3112596615834553,1.340402944749615
1.295829892650702,1.3277540526966347
1.3231450252951098,1.3443857411440576
1.3115336397826995,1.3269433585332457
1.2559023609443778,1.2779722220581449
1.2129468599033817,1.247549422018582
1.1888257575757577,1.2291402187336722
1.172832585949178,1.2229869735347605
1.202029873611643,1.2472261131678044
1.1944814462416746,1.2388675732241483
1.2778908794788275,1.3238081686672651
1.284690953745395,1.3310091677021092
1.301742015761095,1.3461053170486827
1.2947607260726073,1.3346399143942702
1.3041761894868067,1.3392081914455831
1.266545601291364,1.2990523271395678
1.1719566840926066,1.2245394901751299
1.222871615039938,1.2700635926467565
1.2281353942477011,1.2495253696992832
1.2136504253673628,1.236190622746116
1.192212725546059,1.2223060777915533
1.150898423175651,1.1846130029707744
1.123702112423917,1.158908838335977
1.133237046398267,1.1718001369936264
1.1202927003391043,1.1630610446119918
1.1145241477272727,1.1593937107575523
1.115712762175613,1.14744336029527
1.2036433365292427,1.2308532324145744
1.2541458541458543,1.2736091982899014
1.2825909276665306,1.290890014768965
1.2969008264462811,1.2988061794399464
1.336669505962521,1.3157764754136716
1.359835355285962,1.3260825491875061
1.4111960431654678,1.354061059093569
1.636339937434828,1.4699126861316554
1.4169300225733634,1.3534334096583556
1.3774412991002851,1.3239067247005518
1.3577763357127408,1.3094196300218743
1.3140046054008794,1.2677551061675294
1.3449753589029356,1.2989632892092278
1.2998550424518536,1.273231147553583
1.2363600551506797,1.224461041793323
1.217180531316657,1.210631527386693
1.2349006492229,1.223937342181071
1.2526441827978447,1.2777010084637124
1.1767904011998502,1.2242949124406302
1.1781156156156158,1.2207610040531107
1.103551336146273,1.1194179005074507
1.0929827616228454,1.1048330017700305
1.0833620987228167,1.088075629105616
1.063537783802101,1.0553269227977435
1.130990990990991,1.1068562062204494
1.1269299820466787,1.0878555972054278
1.123098944354983,1.0786399900396642
1.1190943127117134,1.0867283010584117
1.1316026681088878,1.097368529124258
1.102001404494382,1.0522501829097548
1.0695178054182997,1.0292556473624115
1.0757497857754927,1.0510639846108756
1.0664288141352365,1.031743108503481
1.08504753673293,1.0499782211062416
1.0673354871620473,1.0268831563044287
1.1176994301994303,1.0974766494487314
1.1767904011998502,1.156720287137898
1.3744252244361728,1.3075821474234817
1.3429610611895595,1.2787671912638066
1.336669505962521,1.2653073624204185
1.323982282218941,1.2499884122398743
1.3669425087108016,1.296742249395217
1.4988061127029608,1.4090207532607972
1.534718826405868,1.432184941682216
1.5533283840633507,1.441305856206437
1.55217606330366,1.4324964296025988
1.474859022556391,1.3716140335625875
1.417890219110007,1.3145285963732247
1.4849775254317483,1.3785768935995808
1.5169163847269214,1.4088421823412272
1.5339687194525906,1.4181313333386152
1.5716074111166751,1.4446218301483125
1.5510254509513222,1.4226258773440401
1.599235668789809,1.4510923935095468
1.6752068321323728,1.481722246230349
1.7043171327721969,1.4906314254662028
1.6878193062651252,1.4802760231422303
1.6070148489503329,1.4282496650884169
1.581108312342569,1.4039516625130855
1.5265077821011674,1.3436350532579224
1.5250242954324589,1.3243456865264414
1.515380859375,1.3290753581030532
1.5205781479666831,1.3437646795685365
1.594400205497046,1.408104461568541
1.6080310880829016,1.4361143409828276
1.5972722593926918,1.4348210728804351
1.5187853834276892,1.4343356241657357
1.4922882427307207,1.4021922441060384
1.497209538305429,1.3794482777077106
1.4511925252028524,1.347133450976833
1.4873991935483872,1.366309669623138
1.457283950617284,1.34701514294923
1.4455057555718835,1.3307686398640945
1.3913248467703914,1.3040002906907762
1.4242277992277994,1.3212339190981668
1.4953128958702817,1.3815278811501428
1.4821697639377198,1.3734462994477132
1.4242277992277994,1.3079561768005732
1.3805847953216377,1.2617275252644466
1.2464625131995777,1.1503313786238634
1.4423264907135875,1.2593649294041958
1.5141097998973834,1.2966587632926556
1.589550228925397,1.3384914547323468
1.668645744981623,1.357485404143234
1.751855149896112,1.3846656863943254
1.664410603496898,1.3331136467702627
1.5814576634512327,1.288870099153334
1.5290155440414508,1.2633210076562662
1.4526212158503569,1.2063739206003512
1.386422363166549,1.1632158423053474
1.4554870530209618,1.2082459339596219
1.5266425245732025,1.2556887708706646
1.855391386356492,1.428578402624326
1.9472121412075225,1.466740682760721
1.980536912751678,1.4793618009763496
1.8868286445012787,1.4210644675112392
1.923728813559322,1.4454552168479151
2.019849418206708,1.489802489256364
2.1207330219187925,1.5345552934505582
2.570557491289199,1.7254468799828715
2.8266283524904217,1.8315933561871565
3.152777777777778,1.9550236864437158
3.207608695652174,1.9713432463018856
3.47585394581861,2.0838755248969645
3.730720606826802,2.1709995823480455
4.00135593220339,2.251779784177965
3.898282694848085,2.2054399723023828
3.800386349001932,2.1570448291601823
3.749682337992376,2.137831839167757
3.888010540184453,2.181408603983165
3.9399198931909214,2.1911231462184078
4.171024734982333,2.260280111146564
4.236898779612347,2.284595979892672
3.771246006389777,2.1421170564889525
3.679551122194514,2.097144459310639
3.566163141993958,2.04771560668102
3.623081645181093,2.0328520976378344
3.721311475409837,2.071490692786278
3.5965874466788548,2.0463417081043844
3.557564798071127,2.035509902437998
3.5341317365269465,2.031299717518675
3.542617046818728,2.0170482497971003
3.5404919016196765,2.0153488254100345
3.449444769140854,1.9876131783353754
3.411560693641619,1.9818166611407348
3.43939393939394,2.002077051463205
3.3610478359908886,1.986549219612684
3.338235294117647,1.987476654152594
3.3439093484419264,2.0124342105810764
3.467685076380729,2.0674203307801235
3.4353899883585566,2.080634489456835
3.4076212471131644,2.09966613001682
3.351504826802953,2.0906766294008294
3.338235294117647,2.0929444901868313
3.3964223889209464,2.1024290665627507
3.293788472299944,2.0832988743184373
3.28276631344116,2.0759548961381835
3.266370699223086,2.069241640829261
3.336734693877551,2.090907430467891
3.646840148698885,2.11812589636486
3.595601710445938,2.097813326825832
3.606617647058824,2.092305017391742
3.6513647642679903,2.0989134531163827
3.5342548076923075,2.053487760290574
3.407300115874856,1.9990544472836023
3.216494845360825,1.9819571533095952
3.132119788608338,1.9979978471887647
3.2824615384615385,2.0478527016965926
2.882066869300912,2.0236675320445223
2.875075803517283,2.006925792667314
2.845738295318128,1.9915637884939392
2.91564039408867,2.024099749674821
2.8871951219512195,2.0111418843413023
2.8404319136172766,1.9808417332000166
2.820131030375223,1.9487951411961144
2.9120541205412054,1.9713387400085591
3.048937540244688,2.0330273719567145
3.0867014341590613,2.030184914487629
3.3773181169757494,2.09583175704684
3.3439265536723166,2.0665028721003478
3.299651567944251,2.020361096251458
3.391833810888252,2.0222942115224902
3.533582089552239,2.0581239617842657
3.362926136363636,2.017811855340896
3.195006747638327,1.976980942508686
3.0667098445595853,1.9440978770673865
2.998733375554148,1.9311356721495514
2.874924104432301,1.898217617361618
2.8404319136172766,1.8853575522945127
2.878419452887538,1.8978966630232177
2.8541289933695,1.8612499669970974
2.8050947867298577,1.8240917482652423
2.786933490288405,1.7986829519782135
2.852409638554217,1.806235608354009
2.835329341317365,1.7635282238331667
2.8050947867298577,1.7302582085852536
2.757716948165405,1.6824049885750276
2.675141242937853,1.6446422129457798
2.7561117578579744,1.678641518719048
2.7401620370370368,1.6583577547452562
2.708810068649885,1.6271670742183555
2.6842403628117912,1.5901307124603385
2.6482102908277403,1.561209950550666
2.6261785912368274,1.49130530389654
2.694934547524189,1.498545390652523
2.7951593860684767,1.496397927166017
2.826865671641792,1.450108855901655
2.8575739287869646,1.4604267714193233
2.803433984606276,1.431808856754548
2.8679588128407025,1.4365254249525732
2.7022168963451167,1.42136343889997
2.688360450563204,1.4782227171356057
2.6816479400749067,1.4695709465773734
2.602078239608802,1.4159276203790936
2.547576301615799,1.3873329571049229
2.5129870129870127,1.3594751197987205
2.526409495548961,1.3608589920709075
2.564457831325301,1.4009886255157078
2.58,1.407139959060068
2.564457831325301,1.3960689948427802
2.433962264150943,1.3325334639766775
2.4381443298969074,1.3288982387118127
2.48468137254902,1.4433409770210808
2.396776193428394,1.461480133404307
2.456304202801868,1.5730476093115626
2.2280813214739514,1.5041102238748794
2.256756756756757,1.5268044417490634
2.2448835568101626,1.679772325896634
2.201266713581985,1.6745143437738852
2.2898975109809667,1.7384656987243994
2.3841463414634148,1.7981780004525003
2.48892674616695,1.96351810522033
2.330820770519263,1.9358893789296474
2.212818405916188,1.9050556510842163
2.005733005733006,1.906246089128965
2.064924114671164,1.9529399887596228
1.7984496124031009,1.984364062835215
1.626411815812337,1.9914198977709083
1.551433389544688,1.9370330226942727
1.534468085106383,1.9519212867721614
1.5705574912891986,1.9942247236055515
1.55699481865285,1.968682563013167
1.5370843989769822,1.932342719732992
1.5087866108786612,1.9066378056235243
1.5788091068301229,1.9710719724774515
1.6214028776978415,2.010147540846819
1.5746724890829695,1.9630091179587685
1.541025641025641,1.9260636915281215
1.4975083056478409,1.8810555610468824
1.541025641025641,1.9236350227215273
1.518955349620893,1.9210554455425362
1.527966101694915,1.9293671085703878
1.4839506172839507,1.8943256115449998
1.5370843989769822,1.9463479858807426
1.6287262872628727,2.0560993776824916
1.6376021798365124,2.085267375266392
1.6405823475887171,2.087690017228237
1.627256317689531,2.0794129953408667
1.661751152073733,2.1130210562194613
1.661751152073733,2.1256326275036286
1.6850467289719626,2.1457041630821703
1.700943396226415,2.14764204456179
1.7073863636363638,2.1535965742824508
1.6450729927007302,2.0952422343636474
1.6376021798365124,2.080710022819916
1.619946091644205,2.0664273455107067
1.670991658943466,2.1131142711319852
1.6390909090909092,2.081935101545279
1.6480804387568555,2.0915989908261126
1.6632841328413284,2.1130666349879648
1.6913696060037526,2.137956108336599
1.6740947075208914,2.115646639543396
1.7711198428290769,2.231207281276355
1.8473360655737707,2.3097295226230767
1.903907074973601,2.3439333734570025
1.9262820512820515,2.3617261833587633
1.901898734177216,2.338892116763002
1.878125,2.1867700761742217
1.8416751787538304,2.166651141659395
1.885983263598327,2.2055726006134675
1.9661941112322792,2.1621239805730514
1.9661941112322792,2.1609203703509
1.9491891891891893,2.1386158508849125
1.957654723127036,2.137232169740965
