Actual Values,Predicted Values
0.9737592874649184,0.9582876692758713
0.9860717473341372,0.9688281773702971
0.9789286324985622,0.9622376261830721
0.968905061197486,0.9555302590654258
0.966733445398792,0.9576187518597691
1.0,0.9810410516067458
1.0,0.9769591471724869
0.9764355018291714,0.9589419538323074
1.0,0.9786820619700166
1.0,0.9787610155573049
1.0,0.9777401848920868
0.9869866903721264,0.9678588488875776
0.981790492409976,0.9670175357317784
0.977715809300164,0.9646515423228242
0.9805621202580812,0.9671925904120441
0.984636355424902,0.9734322539745058
0.9765214629498424,0.9667984655698971
0.9746086447648618,0.9658292440539404
0.9698631466563136,0.9653761129131803
0.9688052936471386,0.9658497189984909
0.96606564509112,0.9624997627070653
0.9501509496755176,0.9462270182990253
0.9485500023731548,0.9392632795293381
0.936913989248656,0.9265268545183168
0.9185760577298738,0.9117651458769367
0.9193719043748946,0.914238897749346
0.9218102566862184,0.9161528711516219
0.9282971541820207,0.9194078583910696
0.9416892449051714,0.9250801899599335
0.9661590524534688,0.9393802959299643
0.9751317415913084,0.945362709556205
0.9846040152728168,0.9516194828137047
0.999358263811913,0.9605543856471609
0.993578323735344,0.9547065520479113
1.0,0.964842877139088
0.984966787087752,0.9519296829870346
0.9741255114389442,0.9459724492052599
0.9645334572339194,0.9407836172188918
0.9689406408398228,0.9455197614705284
0.9854589669703684,0.9572836167514716
0.9670954770583716,0.941683537417584
0.9665819848226174,0.943436251738969
1.0,0.9680563088541024
0.9981608807525204,0.9629596046040164
1.0,0.967328337269093
0.9749968714804154,0.9476029738427281
0.9771326806183792,0.9520864470182724
0.9863443782387792,0.9586267040752844
0.9808806002719352,0.9535564479968963
0.9687013030071948,0.9445658224662519
0.9693682036479456,0.9489300553257473
0.9592789894031798,0.9402158225301543
0.9693682036479456,0.9415978818207617
0.9570950068382648,0.9305450608955421
0.957330209621796,0.9318555367424745
0.9523219713328824,0.9263333326267776
0.9709547705293942,0.9447887586479752
0.9598068362871832,0.9335519068472268
0.9699796655185292,0.9415543278119914
0.9779421609318516,0.9439658088643872
0.9430162188332122,0.9155286231739528
0.9348019101096632,0.9130290293474427
0.8837167097681593,0.8710478855401882
0.855705656232839,0.8597846026840377
0.8407588325431825,0.8530045425667293
0.8568098006583625,0.8703108498298364
0.9023441119243952,0.9088563070133227
0.9292421700446062,0.9258411314723852
0.9176914016489988,0.9131833073593117
0.938759117051698,0.9316694138098951
0.9435415506091503,0.9328788388034835
0.9507415211148442,0.9401112883228894
0.9598541344985052,0.9485049346384216
0.9810782223266902,0.9622257545665047
1.0,0.974030878522378
0.9292603466999156,0.9166193729576064
0.9215654990307371,0.9186889383921524
0.9790910940095604,0.9642842879948148
0.9850269021206204,0.9620203980479433
0.9878655720882504,0.9634119775179193
1.0,0.9748574541104025
0.9903505111621114,0.9650108631967953
1.0,0.9760089556768605
1.0,0.9852283386295866
1.0,0.9797585482831124
1.0,0.9801282435736248
0.9936744928196948,0.9751251272381662
0.9992454704348572,0.9800679625538581
0.9936556178174566,0.9754408834771662
0.9784066360550262,0.9655217555406468
1.0,0.9877192303551129
1.0,0.9838615207141169
0.998345434372141,0.9822578783004162
0.9897527933769468,0.9762129474199425
1.0,0.986136016108002
0.999940561103186,0.9830542151716312
0.9921464167412052,0.9774841566924586
0.9922634553944456,0.9815650880855463
0.9892584824666288,0.9793921366103029
0.9994455116145512,0.9870029787590868
1.0,0.987843229185346
1.0,0.9915521227867313
0.9978735109286726,0.9852562447172191
1.0,0.987697783855441
0.9949665674109084,0.9833455684648121
1.0,0.9892805220134081
1.0,0.9879008285493796
1.0,0.988284382636812
1.0,0.9926494042510114
1.0,0.9921791044443676
0.9954313240519728,0.9887322865698641
0.9804576547058008,0.9784086658165975
0.9986996662476704,0.9942992939410096
0.9785837907858272,0.9764059049829642
1.0,0.9937299870967776
1.0,0.9895494312391453
0.9921597128164472,0.9856322986165227
1.0,0.9932363634224922
0.995615160610084,0.9876746744291878
0.9908613433714202,0.9874379440071196
0.9765904588882932,0.9785102784764679
0.9754481853957148,0.9789967511201023
0.9882167932844582,0.9882009002078087
1.0,0.9951154956444743
1.0,0.9937963375623432
0.9989930645909464,0.9912807231514207
0.995535210950008,0.9868910350663905
0.9854797486579092,0.9792073110683597
0.9761646803900323,0.9729179913993561
0.978056912460262,0.9749498824601373
0.9509132420091324,0.9506720360615122
0.9496450849645084,0.9526906814880128
0.9435563154520196,0.9477626758501663
0.9515588460336448,0.9547529523109952
0.9556474306247024,0.957635540489033
0.954088193026246,0.9566949420130293
0.9351719463243626,0.9413188295879887
0.9392305155779642,0.9505293208740921
0.981361489302584,0.9781944992269453
1.0,0.9843974500593109
0.9869500874478676,0.9723613573056284
1.0,0.9871013198244528
1.0,0.9841441424372094
0.9884087783568892,0.9741280361544071
0.958780337425032,0.9518787107089037
1.0,0.9891386403134199
0.9319263901499216,0.9311991082136585
0.9206217253863908,0.9299442898775427
0.9111536920961754,0.9232881180362326
0.8978664390868359,0.9129918780578737
0.9251450932113964,0.9373108148636456
0.9063654278976104,0.9171730736169252
0.901424440398415,0.9141790746862765
0.913943816442432,0.9275373719598364
0.9140132922114592,0.9270507357915192
0.9206720777089852,0.9315994593161093
0.9084982135725312,0.9207406413827721
0.8674313864926981,0.8841570829827848
0.8479859753763073,0.8712735941155272
0.8625067890923624,0.887085804922194
0.8855104789159163,0.9052711205169316
0.9147285136721296,0.9271055618734573
0.933859997559,0.9387339236751031
0.9230144978395808,0.9276898942118205
0.9432583577088168,0.9449960684847569
0.9134974385690718,0.9164778003390897
0.9122894491534612,0.9191845371634565
0.9713553688486752,0.9654999961392663
0.998161786506327,0.9775202714346443
1.0,0.9758337219190596
1.0,0.9816749843906322
1.0,0.9793225471993457
1.0,0.9777450817551877
1.0,0.9784644986018055
1.0,0.9785741373712986
0.980414355258689,0.9570505417777664
1.0,0.976218824828981
0.9591323601155852,0.9432775822640243
0.9656553443911284,0.9524754261394115
1.0,0.9811503435777125
1.0,0.9763349205854706
1.0,0.9817728107406274
0.832357655999525,0.8337203191087185
0.9054354284533312,0.9229170388785088
0.9460933176769108,0.9469481067965068
0.8794885950164362,0.8859318077745691
0.8822892673287266,0.896972046229394
0.79069846139963,0.8055440304611328
0.7660371997464647,0.7902651960395539
0.7043650394903435,0.717389033108634
0.7060535858178888,0.7295123929689449
0.6917353333004391,0.711209724868782
0.6908899161237544,0.7126082157471938
0.6955723584980551,0.7191661308897023
0.6541523185606166,0.662445574105172
0.678820100132671,0.7059922402074035
0.6848085189527159,0.711347953335984
0.7052295867036903,0.7381356794307378
0.7165404234004926,0.7493447475134417
0.7146410839356897,0.7451087130664725
0.7020019428559984,0.7287486961554982
0.6737116275493531,0.6913872680092767
0.7053289328047332,0.7405674697691393
0.701397852690141,0.7302715222332019
0.7063310526899165,0.7369703642221035
0.7038346068498791,0.734098088331113
0.6973715627362808,0.7258279131734909
0.7114713166335106,0.7500758961017309
0.708967149445748,0.7445798598168246
0.7099364979693529,0.7462424889055306
0.7043084219199003,0.753964582588533
0.7246815813414937,0.7770494747621299
0.7251763878256191,0.7744230100392415
0.7105697979705826,0.8019177893461837
0.7136225274109969,0.8127227563125736
0.7158671963561719,0.8250083015622718
0.7119337802153158,0.8220132614626142
0.7619901730585268,0.8656077650752482
0.7995642701525054,0.8868899715776083
0.8103418378553345,0.8894983165741707
0.8040214261954739,0.881774579336757
0.8093407227802794,0.8873469452436409
0.8130582040039901,0.8910995401345828
0.8282955995651557,0.9036115083339483
0.8332481426448737,0.9049938660596035
0.8276599010543965,0.8990741249129074
0.8221654018930553,0.8946659434143924
0.8337139323009587,0.9061258294650073
0.8315578437885546,0.9031461657299129
0.8446032243294697,0.9119001528084879
0.8485395053807696,0.913705458570328
0.854320536258379,0.9162457001743952
0.8616188310491057,0.9196168572406729
0.8650639878564993,0.922944561202408
0.8661649861605377,0.9254566741459455
0.8758402678861484,0.9303169682213247
0.9376945857696104,0.935532003897194
0.9399309872377134,0.9361120940228373
0.9260217472815898,0.9242338943042863
0.983542329527731,0.9245456558767939
0.984746461453896,0.9263769292621477
0.9831988325246654,0.925319946088837
0.9761250216707532,0.9204358261768334
0.9848694978572412,0.9273449168167925
0.9828923414548992,0.9237807918197071
0.9680929455688742,0.9145715495881336
0.9574163144342418,0.9042553271546918
0.979448310139165,0.9229416266891222
0.9703572395794864,0.9132383855999027
0.9710625192485371,0.9147072103890561
0.9780264774123107,0.9189091395723527
0.9794361402070054,0.9190572199080137
0.9746043521266072,0.9156343175835315
0.96761759795738,0.9154791134593742
0.9681880711408076,0.9160636378047492
0.9606483456218392,0.9041770773283057
0.9469498570433196,0.8895958746523718
0.9511203349542092,0.8954636731653981
0.9734609447360296,0.9131712617768374
0.976499882313591,0.9124205373652925
0.9758954105951246,0.911594187612732
0.9911729202293532,0.9219256206125612
0.9797283020744,0.930449288701397
0.9319146420760184,0.9192197999918068
0.933338069527328,0.9222776504149998
0.92640560361038,0.9167646947278211
0.9262205510839552,0.9174665862269474
0.9086675350724503,0.90383138937742
0.9183968309448912,0.9149386002537506
0.927222895321892,0.9226020803044229
0.9219846542528304,0.9184585595236014
0.9143805027433968,0.9092245652959767
0.932653399275894,0.9241702507904788
0.9238540604526332,0.915827259076501
0.9367097632854834,0.9264073939720575
0.937723795814944,0.9254451665946763
0.9918089510172756,0.9624054784347551
0.9922958785467912,0.9565784764817473
1.0,0.9632717521054385
0.989324881141046,0.9519921100317659
0.981238604212512,0.9473190259902963
0.9840847468314522,0.952697655585793
0.9715626828691312,0.943106674227084
0.9813620071684588,0.9511186109955116
0.9796002912450726,0.9482354261914174
0.9668438464111808,0.9391215371145025
0.9957380019651128,0.9624528946600743
0.9772325957095088,0.9450180708403676
0.9897891879550472,0.956338495579836
0.9928999503759972,0.9571528144898628
1.0,0.9664364657191052
1.0,0.9692223267822551
0.99135489439754,0.9594146391166578
0.9914484953937874,0.9606823347370775
0.9605483247085882,0.937661289220858
0.9832655572796832,0.954087581044659
0.9803542372429246,0.9441429958935942
0.9956249661375088,0.9564408770563604
1.0,0.9688210660526576
1.0,0.9661954716085823
1.0,0.9655167097290408
1.0,0.9654857671191964
0.9859485447729158,0.9552250168354912
0.9727394649537656,0.9470139380413467
0.9900426742532006,0.9613028779768238
0.9844694317840864,0.9586794683014653
0.979612727117632,0.9557481445173772
0.981203007518797,0.9574791745945122
0.9680247260466422,0.9465824039889399
0.9727531976169635,0.9537877905625094
0.9746796050584208,0.954673432409966
0.952133539686049,0.9342679660863109
0.9570930507132636,0.9414459814416013
0.964947414119064,0.9473681114111105
0.952041450777202,0.9365202411503619
0.950911524820248,0.9383099033900704
0.9497842777785436,0.9371036011959231
0.9574787393696848,0.9431849142187839
0.9444337838208284,0.9330846242131451
0.946925762031718,0.9365308687881404
0.9593317090149668,0.9451184157645501
0.961634544261929,0.9466611189434457
0.9539658585886556,0.9405145599236095
0.9455872867748976,0.934905270125979
0.9431539756628384,0.9333803500790634
0.9542565125264864,0.9414789358718919
0.9435285096127513,0.9317060393762429
0.937035928958033,0.9244781017273589
0.943050708273455,0.9297162410959032
0.9325970440149424,0.9213509081692756
0.952778661209364,0.9385451564725888
0.9390152495945706,0.925295335753764
0.9072164948453608,0.8991414178829479
0.9087719761016076,0.9045051600240879
0.9005881584106652,0.8972582168202689
0.9206226200815018,0.9160682035674428
0.9182914639834744,0.9122141279334525
0.9235470726999784,0.916815225205956
0.9084724309785618,0.9057153301964828
0.8833732900860245,0.8866048078477449
0.8805960611908443,0.8872343449855447
0.8671641978882191,0.8771425471604716
0.8619464598448836,0.8754374042755501
0.8612892338845763,0.8755234510645747
0.86571514725098,0.8898885105391995
0.8755050697568041,0.8989452598889786
0.8705495893872394,0.8957218790969308
0.8699121300878698,0.8957941702778873
0.8626586874327065,0.8893361468808719
0.8631341600901916,0.8907161523296893
0.8668914498515424,0.8955225560406082
0.8663900414937759,0.8956147998401837
0.8661939960778398,0.8951734422387185
0.8650413036382354,0.9007026704050567
0.8398317996221585,0.8662847865574687
0.8403746706995803,0.8706746275364134
0.8353518821603928,0.8650321677807247
0.8435537382319453,0.8735655913776912
0.8523292348036912,0.8797121230215311
0.855005025499758,0.8839811206361546
0.8594843393331587,0.8893012916435303
0.8739060008287397,0.8937532717928218
0.8703323912662881,0.887177484717726
0.8598485316465079,0.8780475402979332
0.891536952589611,0.9029111507203714
0.8867786336658668,0.8939365881693184
0.8938558863587184,0.9039083509553566
0.9291816724060882,0.917419316583696
0.9378135588768354,0.9184242432024313
0.9332052588933324,0.9156023011458598
0.9349280542571716,0.9175619002019236
0.9461515099496904,0.9242778810462471
0.9417741151111286,0.9242313211908243
0.9625345906880524,0.9377223031508636
0.981386621377308,0.9439706102800073
0.9882899782074978,0.9452864298654522
0.9995396590687164,0.9502002808073414
1.0,0.9504917046052919
1.0,0.9581888463692122
0.9945595342396066,0.9524890786646905
1.0,0.9595518638750673
1.0,0.9687769997213902
1.0,0.9668683647154428
0.9957651699733148,0.9641797697893638
0.990693312170839,0.9609910939718118
0.9927703875072296,0.9642457550612497
0.9911509534739364,0.9627245223436106
0.9808431308124168,0.9575548507182563
0.978676093277838,0.9570463117194684
0.968283292670888,0.9470748284507554
0.969349578574353,0.949921765130549
0.977575282978572,0.9566437494996225
0.9851919876025944,0.9609806769535258
0.9784529441942657,0.955650186883305
0.9680648572435672,0.9507028281468095
0.9810673715796242,0.9609445129802618
0.9758108069696712,0.9555581545670756
0.9757692034392098,0.9561349181358703
0.9761021310473266,0.9564060289616994
0.975602824786507,0.9559963494386343
0.9571605816012156,0.939380607305535
0.9681740626366032,0.9498371002991384
0.9608441322175264,0.9401510821709089
0.9719430367203646,0.950099569531883
0.974578075541866,0.9493939698699642
1.0,0.9664568883908915
1.0,0.965530602018411
1.0,0.9644382396756944
1.0,0.9651583751360205
1.0,0.96572790172485
1.0,0.9662715138732955
1.0,0.968484021702694
0.9959693305452012,0.9673640471074174
0.987648384673178,0.9660454333086053
0.9919261126118648,0.970090284432399
0.9882126533557856,0.9683155669544827
0.9856932905431752,0.9664544897637675
0.9774407019109228,0.9566429871859272
0.9633581520783256,0.9442805559085262
0.9637536656891496,0.9467360236797511
0.9703984763704546,0.9522738986317012
0.9777896788206066,0.9570677973163555
0.9959240571541133,0.9685549425850628
0.9930050913266154,0.9637800329415576
0.988613973076634,0.9609397910647313
0.9807368059803936,0.955980400014751
0.9750337482013322,0.9534006163600388
0.9681971511482316,0.9497498231021939
0.9659915934275888,0.9484099243149533
0.971732702542874,0.9527238468529218
0.971072304464734,0.9515217482614214
0.95971498240542,0.9441564315397764
0.9607671168800797,0.9476544938008378
0.9487024046649924,0.9328105997605506
0.9397366426947658,0.9263816954864764
0.940920478133276,0.9283938338684585
0.947977212086248,0.9337848835119521
0.9294380497186008,0.9179768672785985
0.9359229936777352,0.926545933720836
0.9443813847900114,0.9324410911960845
0.9387836718370612,0.9304680642587543
0.955043445409898,0.9419331639773889
0.9912379918261474,0.9636868904595766
0.95618271748618,0.9324709830313591
0.9330796967718124,0.917430895448787
0.9299377475947934,0.9177109898187338
0.9450467289719626,0.9301264765523253
0.9415944416589068,0.9277874248671802
0.9502248051929276,0.9325353053490466
0.951876149512679,0.9338575861867935
0.9598831690397956,0.9379755469196894
0.9562800983515924,0.929923136375041
0.9459716185486888,0.9222716929487497
0.9529249728162378,0.9295800877393959
0.9558489907509744,0.9345450750357027
0.951738318298316,0.9336052932870735
0.952289882789296,0.9341572922378416
0.9646306026006046,0.9401154301545577
0.9520002317429972,0.9289437359186058
0.9595468546986088,0.9271276107795954
0.9564610011641445,0.918979408231882
0.9597570235383448,0.9221798082543472
0.9785320827750484,0.9302745430800329
0.9528697139709188,0.9079918970015739
0.9471985243255708,0.905552877616968
0.9470620443214892,0.9060959070881822
0.9665598070644982,0.9216136953207182
0.97593134270739,0.926598835815451
0.9829311885612152,0.9277819560397327
0.9959556326869388,0.9358295040293428
1.0,0.9419465225656921
0.9987936537022616,0.9395973818161897
0.984022867459004,0.9286666805093532
0.96849087893864,0.9198203453831018
0.9699414250759992,0.9233638639317316
0.9480656897276456,0.9072299220529699
0.9422611501671084,0.9004187679511618
0.942573458417996,0.9019437153545554
0.9246646026831786,0.8878334191510371
0.9097205802584182,0.8786172503803711
0.9327743076352644,0.9013695711357148
0.9174147217235188,0.8866999428335531
0.9230074508918492,0.8928665460081339
0.9253710227353112,0.8959781155159746
0.9354691075514876,0.9034647405953051
0.9484643716829558,0.9120038913211828
0.9609355487975084,0.9191275634645453
0.968247154086421,0.9222304095872996
0.969079191051189,0.9231969318596231
0.975525362048651,0.9284683358828212
0.9835345773874864,0.9344266355620551
0.970459502366504,0.9259350318024501
0.9834606363144284,0.9382088634861034
0.9976662955110508,0.9450274083455086
0.992353440951572,0.9394894595771359
1.0,0.9511277870224526
1.0,0.9538660011438851
1.0,0.9541994731137142
0.996057201865006,0.9508811130703416
1.0,0.9597262224385773
0.968379995066601,0.9347368901144855
0.9757359223300972,0.944002559482413
0.935009452358624,0.9101753184781322
0.9664876675231956,0.9399206992803414
0.9751451547800168,0.9428389112097063
1.0,0.9656866600590279
0.9943652901875554,0.9568294437030092
1.0,0.9663492459568931
0.9675537144791349,0.9428306239674331
0.9588218381624763,0.9397239791290356
0.958301404853129,0.9417005135024697
0.9392583320294164,0.9178018313785882
0.9432432432432432,0.922990981724702
0.9256437933693138,0.9077363868239811
0.9519942906985964,0.9310519966405043
0.94744152277534,0.9257487640444708
0.9483096366508688,0.9278342092282484
0.9364450407163584,0.9183516357229516
0.9363135811327228,0.9207184435456263
0.9291109460128776,0.9149101925342772
0.92865099009901,0.9152708401711395
0.9566672510239534,0.9371789089378153
0.9568197395476354,0.9339660116712029
0.9470528840085828,0.9263246121982024
0.9356130862388754,0.9183795250082492
0.920265526069693,0.9060661381718998
0.9279045322451,0.914603025755999
0.9635003691695292,0.9411530152966926
0.9053587318824186,0.8930712650533825
0.931779023019729,0.9174977986508006
0.9561948453279812,0.9334128906499164
0.9521906030900036,0.927873691870905
0.9905447104833254,0.9565175609951202
0.997789265470986,0.9572757320811238
0.9965138284803612,0.9553303491458208
0.9945326220219358,0.9543366551207066
0.9886197071756784,0.950416597437603
0.9924444077043896,0.9544885611370353
0.9896302158036172,0.951649391192707
0.991215323645971,0.9665870625677383
0.9696950116309124,0.9390415192728165
0.9536731062531776,0.9273136633555961
1.0,0.966177504810162
1.0,0.965530310921345
0.991580723472392,0.9564341024086365
0.985523118518772,0.9529875806908392
0.9925376992675572,0.9586723184055096
1.0,0.9657246439954651
1.0,0.9643402736404393
1.0,0.9712408535503866
1.0,0.9699919405539162
0.9777217092548852,0.9539078470020756
0.9733326207781102,0.9533260831487314
0.9593700068477516,0.9436124666507893
0.9514348401476632,0.9397819077445221
0.9546264588720385,0.943177072569312
0.9693265682656824,0.9539493441862887
0.9665487351848576,0.9501588690951902
0.9691030666359232,0.9545236815266002
0.9791409064028814,0.9610208319974725
0.9935808844922898,0.968203660087291
0.9849479035223708,0.9603413616039256
0.9828042090116016,0.9595486542302143
1.0,0.9729061460659222
1.0,0.97131828080916
1.0,0.9712687711739543
1.0,0.9720728626925496
1.0,0.9740821480477618
0.9869811320754716,0.9684711664448428
0.99571714095365,0.9765616771634841
0.9890151443534816,0.9697684723197253
0.984288267946185,0.9669293530634219
0.9644707487508528,0.9523900584476348
0.9672707100591716,0.9567235085318315
0.972485592117494,0.9600823355186463
0.9734809714338886,0.9604115628257432
0.9755324307187349,0.9615954208825017
0.9695655397390274,0.9582091192326544
0.9648443263981112,0.9568097962264795
0.9677717753274624,0.9655325582555027
0.965467599342943,0.9639590182727813
0.9614218235953612,0.9577043665533359
0.951627280831014,0.9461944442033003
0.9544923728195024,0.9494203155645018
0.9515407283443084,0.9481734691376372
0.9536223429467314,0.9510331760538034
0.9486072827506168,0.9452994888214635
0.951783114992722,0.9476389885710869
0.9514368861404148,0.9494030437992317
0.9317776986106164,0.9285975239188516
0.9425225225225226,0.9388723071332008
0.9658776173418516,0.9534950392678311
0.9495198852807172,0.9403276451136326
0.9406412400424377,0.9331067123531321
0.9251366216861504,0.9214283758559759
0.9388853989051422,0.9343831084837366
0.932974245558964,0.9286659471513978
0.929113159624163,0.9266413005978478
0.920707559623339,0.9226505602131483
0.9242539357209746,0.9272562941900512
0.9198980040446672,0.926391883362383
0.9196554149085796,0.9272949540836678
0.9310479851915135,0.934767813072159
0.9162565027762694,0.9225002306923985
0.913775634978863,0.9222127582929581
0.930600772090872,0.9369085599588884
0.9266443464243326,0.9317222383019605
0.9309817042784936,0.9353821299484437
0.9173652274560696,0.9240987995561885
0.889459454863886,0.9001185951256991
0.894065768783756,0.9076238102774445
0.948521278717656,0.9503264586736341
0.9694217939214232,0.9585197210235205
0.9617399937489658,0.95055238191912
0.9510044541405328,0.94328586771058
0.9622707455712736,0.9508821173792155
0.9602922548785636,0.9455868393962077
0.962129154481414,0.9473312129277427
0.9459826030345228,0.9390057089101245
0.9652538150683668,0.9556178388336819
0.9586907118246464,0.9497515474865447
0.957199582792,0.9493925902814144
0.957409813862401,0.9497279842917042
0.954370473080221,0.9473883920021179
0.9399482498382808,0.9346658493350728
0.9586907118246464,0.9508588556948665
0.9372032607721938,0.9313781995262704
0.9678971227680636,0.9570738446199472
0.9552069828168652,0.9318778258890971
0.9974747474747474,0.9538876790339738
1.0,0.9501191481835047
0.9826113026532752,0.9367582397707918
1.0,0.9537630953204688
1.0,0.9535302586682216
0.998903171182266,0.9528772702838771
0.9861699500370448,0.9436429866414952
0.983386375691445,0.9457834258900208
0.996984712299301,0.9560802881384097
0.9879529537149818,0.9479299177104066
0.9689588233098146,0.9339841727797344
0.9941588785046728,0.9548542591613802
0.9857205248466666,0.9440996051793277
0.9652473038304203,0.9292231882684319
0.9836472505400388,0.9455533522302246
0.9918225415082444,0.9494943393654467
0.9864323040380047,0.9450328302531543
0.9816383646609432,0.9420760293846744
0.9750192520801638,0.937641822122422
0.9722617620617322,0.9367867564853414
0.9633843070299164,0.9299036015914179
0.9552472259536648,0.923345656350381
0.96540886351379,0.9322167532586538
0.9760825827802118,0.9398683615326542
0.979415871099204,0.9419615528026
0.9915951939791026,0.949117086402435
0.9890823870131852,0.9458944565996903
0.9604077630386116,0.9263059672560858
0.9505246003698752,0.917096504194784
0.9452112163146396,0.9142872615917378
0.9488913667355184,0.9178634278650633
0.9518666568871936,0.919969973625171
0.9588289619504988,0.9260614854652711
0.9771298422617928,0.9396806370614742
0.976578373090526,0.9374386294599134
0.9678568099188964,0.9309039817302652
0.9527751266426844,0.9201555163198565
0.9545621713066824,0.9242189034806518
0.9271808244623848,0.9014216522725061
0.924604588201767,0.902517690566598
0.9087423849870458,0.8894648112265512
0.9013891300573016,0.8854406089600608
0.9054770626199198,0.8901462826349716
0.9029727426116302,0.8879965788598899
0.8972448838495576,0.8834480944995753
0.8838923888983484,0.8738370190720625
0.889648671808055,0.8808858568210918
0.8706977524320698,0.8677557819309866
0.8721606182795699,0.8766546354429542
0.8654718239413138,0.8696830721380936
0.8958822311197019,0.897865388739874
0.925,0.9173356006366004
0.9244563959182946,0.9138451487425592
0.9163136341170656,0.9091496223786408
0.9505942243952464,0.9378415466895388
0.951901565995526,0.9348225107541142
0.9489087120242752,0.934922377825849
0.9561093306811068,0.9403241743954316
0.9562326155433162,0.9395590924432505
0.9514811966750888,0.9423055898439172
0.946484403402894,0.9378090351387388
0.9462263979500972,0.9401075075739985
0.993398710268249,0.9636888995793619
1.0,0.9656621916810942
0.997612067793978,0.9617326738808439
1.0,0.9654760829467385
1.0,0.9657331323705545
0.9938832541869418,0.9608557088107345
0.9961219053588216,0.9631672872091862
0.9983118718592966,0.9676814619960256
1.0,0.9735201133629588
1.0,0.9721955998790203
0.993352852734035,0.9691233110989224
0.9829493177769512,0.9623453845951508
0.9761465036256536,0.9566291014049412
0.978676957860679,0.9597124005724056
0.9849159490790684,0.9639502273378292
0.9921555454563418,0.9684740157703541
1.0,0.9728931802599237
0.9906710505466644,0.9644539731162384
0.9851684065392948,0.961525325513053
0.9975468687674512,0.9734555163904194
0.9960767913330943,0.9737521379591142
1.0,0.9753605506061475
1.0,0.9758719228467414
0.990627488616176,0.9670979567125153
0.9983947974975304,0.9737339831466584
0.9796058476698166,0.9590640860737696
0.9797839038675148,0.9624753820993683
0.9818660190244888,0.9639821131636097
0.9832191642008836,0.9660531833340142
0.9648383119207667,0.9475792560513892
0.936455236845153,0.9260752187815189
0.989415291742296,0.9697579261776023
1.0,0.9725700971895288
1.0,0.9721390249415679
0.9849181269750072,0.9606068325997926
1.0,0.976387740382081
0.9919937962400184,0.9674204899871274
0.9913496983914212,0.967865103014287
0.972787997122598,0.9570181792593865
0.9827049248401296,0.9674266229459132
0.9758164275111332,0.9612186152863703
0.9629124791471704,0.9510880553864505
0.9567810143726376,0.9472971421231782
1.0,0.9796165993199696
0.9916988093241658,0.9686449884789076
0.9962725071075076,0.972872476510878
1.0,0.9767933287177489
1.0,0.9740709034393793
0.9897564998480836,0.9683733999451487
0.9897350202912392,0.9695254805104633
0.9848831684878848,0.9664212460321806
0.9597424188219452,0.9431353161442351
1.0,0.9762880709163166
1.0,0.9726853145478519
0.9732921551142916,0.9519695334874425
0.9867045905543064,0.9648793082037919
0.946850601950786,0.9333442881500443
0.9548305880344798,0.9442512521846943
0.9427614392854132,0.9325025238562377
0.9553401788954592,0.9422311824321632
0.969097838797696,0.9511294613162699
0.9901759044142052,0.9654413138482598
1.0,0.9739255856865852
0.9985796756162376,0.9689144555677149
1.0,0.9715293053990026
0.9952794344532204,0.9670671724572671
0.9834133466815316,0.9593283430368998
0.9779175528304448,0.9570981447679239
0.9725703742040008,0.9549516493713368
0.9610868985146314,0.9470735237485033
0.9908303149786803,0.9654419056795073
1.0,0.9737528668463947
1.0,0.9720845114842246
0.986580374988103,0.9608842651389773
1.0,0.9741218769592097
1.0,0.9721804100312561
1.0,0.971925146847906
1.0,0.9725007595481838
0.9657615112160566,0.9483536113364708
0.9535160338757256,0.9430283773383212
0.944617269984917,0.9369775305324647
0.9496304018195602,0.9419494760513951
0.9758959875340864,0.9612267804411095
0.9842595093681702,0.9643326724249229
0.976490364703876,0.9551742479342004
0.9576623500740672,0.9421240386020994
0.9578912149890068,0.9445175479861017
0.9511176498505054,0.9376241714159275
0.9448399415397672,0.9333137356028322
0.9236335146096412,0.9151343980505491
0.9184482482069612,0.9131075380004069
0.9091156524303114,0.9058516322126456
0.8998495835484812,0.8994155098236829
0.9028900952852926,0.9031762378899353
0.9087240409902964,0.9080545591152501
0.8989010989010988,0.8992785662864766
0.9066274598507124,0.9096774386886561
0.8718785347602889,0.8759480620148955
0.838886563415655,0.8489155572925696
0.8256158853093845,0.8401207555082908
0.8256328918367767,0.8414544809605584
0.8099991916579097,0.8259446241543021
0.8035846749132902,0.8216438141455759
0.8070147180220267,0.8261288886816046
0.8173661242301887,0.8369039392148254
0.8116229624379873,0.8312876678199934
0.8118202256293925,0.8343953399564605
0.8012073480320627,0.8228716354735973
0.81045778065351,0.8403366507736678
0.8173494565549869,0.8460275664785348
0.8263477991959591,0.8584316844811571
0.8235463324429834,0.8558321111934817
0.8422711607968395,0.8746562677219829
0.83118014225577,0.8666614590872982
0.818,0.8563197697095343
0.8087733812223814,0.8457804025668955
0.810572509049728,0.8503960365542209
0.8103103204285859,0.8548184373933939
0.8111794705739497,0.8569188652825712
0.8075187364009991,0.8550590083308833
0.8202766863130321,0.8700771140319756
0.820931899641577,0.8729565524357117
0.818,0.8699883133919829
0.8169829396057968,0.8698551473217586
0.8170828661706248,0.8701271951317273
0.8163173866112705,0.8766357135274278
0.818986126151897,0.8838420311245252
0.8112615621268241,0.8796981656991859
0.7990510745185598,0.8619124309825453
0.793734405322983,0.8590272761233438
0.7826069978131833,0.849521302648313
0.798525749576651,0.8675528902414701
0.8000558893391085,0.866940272407221
0.8008551619412976,0.8712732749199835
0.8362088748878642,0.901294349862878
0.8281404958677686,0.8889580308611078
0.8203501138172076,0.8705355040196805
0.8065078327688987,0.8596516550052571
0.8085735843062506,0.863682034770671
0.7938516121486218,0.8480066656637069
0.7917525372321811,0.848294882822503
0.7982241213713077,0.8563903962078054
0.8108759283964875,0.8686725325144087
0.8135851898834535,0.8649809865843066
0.8304687810105981,0.8686499494892121
0.8467702768334141,0.8815303270959869
0.8601285845494437,0.8855054232629722
0.8719118674723558,0.8896850548894716
0.9148326165781264,0.9065839444437752
0.9176953001787403,0.9022005770762628
0.9121736251913768,0.889763798129046
0.9076280428833056,0.8873871990700182
0.8961033684124985,0.8791156540154498
0.8948849260166386,0.8778884364805286
0.8775133482860602,0.8611781642972066
0.9196607185724572,0.8697514671683564
0.9512884788930112,0.8709695983693164
0.9776989983099056,0.8934997548797485
0.9814412513189746,0.8934130394384286
0.97842498246772,0.8905619563555367
0.9513457141711124,0.8685245897362799
0.9540243755279354,0.8737356348061137
0.9403695186741736,0.8616547203980407
0.9502403846153848,0.8717314885790584
0.9648327061934304,0.8879611199795935
0.9784653465346536,0.8971557236172513
0.9912858128017052,0.905047725835633
1.0,0.9132840992981255
0.9938676163783112,0.9069208133848989
0.9907775046742714,0.9013880336916403
0.9890736740557432,0.9032700575123793
0.9935535518665204,0.9131212773602112
1.0,0.933619700809111
1.0,0.939639562144625
1.0,0.9399664242322874
1.0,0.9508580758838859
0.999618979312818,0.9504557224001028
0.9938054280493784,0.9481608955743671
1.0,0.9538441469839513
0.9827597610176592,0.9437732666097756
1.0,0.9627161942527982
1.0,0.9626749964118343
1.0,0.9651797878824594
0.9990034531507104,0.9632217330971331
0.9961638010722872,0.9616863941250243
1.0,0.9673667492263085
0.9907136555694852,0.9591335612412162
0.9805156013050872,0.9544263249523873
0.9736920163369612,0.9521603434649144
0.9684549745824256,0.9480092972011728
0.959117164497786,0.9403357042678765
0.9584063243947356,0.9408194868536718
0.9548678704884652,0.9378633160850305
0.9598290598290596,0.94281130894158
0.9592680843411407,0.943189392431054
0.9464392645656368,0.9325678305393896
0.9570951174109044,0.9454258436213462
0.9561944027426112,0.9452339937448154
0.9322148677283352,0.9212046674525011
0.9304465375893948,0.9219081672791465
0.9279982603022724,0.9182742076143002
